154000	395	60	176	0	
154001	395	60	176	0	
154002	395	60	176	0	
154003	395	60	176	0	
154004	395	60	176	0	
154005	395	60	176	0	
154006	395	60	176	0	
154007	395	60	176	0	
154008	395	60	176	0	
154009	395	60	176	0	
154010	395	60	176	0	
154011	395	60	176	0	
154012	395	60	176	0	
154013	395	60	176	0	
154014	395	60	176	0	
154015	395	60	176	0	
154016	395	60	176	0	
154017	395	60	176	0	
154018	395	60	176	0	
154019	395	60	176	0	
154020	395	60	176	0	
154021	395	60	176	0	
154022	395	60	176	0	
154023	395	60	176	0	
154024	395	60	176	0	
154025	395	60	176	0	
154026	395	60	176	0	
154027	395	60	176	0	
154028	395	60	176	0	
154029	395	60	176	0	
154030	395	60	176	0	
154031	395	60	176	0	
154032	395	60	176	0	
154033	395	60	176	0	
154034	395	60	176	0	
154035	395	60	176	0	
154036	395	60	176	0	
154037	395	60	176	0	
154038	395	60	176	0	
154039	395	60	176	0	
154040	396	62	175	0	
154041	396	62	175	0	
154042	396	62	175	0	
154043	396	62	175	0	
154044	396	62	175	0	
154045	397	63	174	0	
154046	398	64	173	0	
154047	398	64	173	0	
154048	398	64	173	0	
154049	398	64	173	0	
154050	398	64	173	0	
154051	399	65	172	0	
154052	400	66	171	0	
154053	400	67	170	0	
154054	400	68	169	0	
154055	400	67	170	0	
154056	400	66	171	0	
154057	400	65	172	0	
154058	400	64	172	0	
154059	400	64	172	0	
154060	400	64	172	0	
154061	400	64	172	0	
154062	400	64	172	0	
154063	400	64	172	0	
154064	400	64	172	0	
154065	400	64	172	0	
154066	400	64	172	0	
154067	400	64	172	0	
154068	400	64	172	0	
154069	400	64	172	0	
154070	400	64	172	0	
154071	400	64	172	0	
154072	400	64	172	0	
154073	400	64	172	0	
154074	400	64	172	0	
154075	400	64	172	0	
154076	400	64	172	0	
154077	400	64	172	0	
154078	400	64	172	0	
154079	400	64	172	0	
154080	400	64	172	0	
154081	400	64	172	0	
154082	400	64	172	0	
154083	400	64	172	0	
154084	400	64	172	0	
154085	400	64	172	0	
154086	400	64	172	0	
154087	400	64	172	0	
154088	400	64	172	0	
154089	400	64	172	0	
154090	400	64	172	0	
154091	400	64	172	0	
154092	400	64	172	0	
154093	400	64	172	0	
154094	400	64	172	0	
154095	400	64	172	0	
154096	400	65	170	0	
154097	400	66	168	0	
154098	400	65	169	0	
154099	400	64	170	0	
154100	400	65	168	0	
154101	400	64	169	0	
154102	400	64	170	0	
154103	400	64	171	0	
154104	400	64	172	0	
154105	399	64	170	0	
154106	398	64	168	0	
154107	398	64	167	0	
154108	398	64	166	0	
154109	398	64	165	0	
154110	398	64	164	0	
154111	398	64	163	0	
154112	398	64	162	0	
154113	398	64	161	0	
154114	398	64	160	0	
154115	398	64	159	0	
154116	398	64	161	0	
154117	398	64	160	0	
154118	398	64	162	0	
154119	398	64	163	0	
154120	398	64	164	0	
154121	398	64	165	0	
154122	398	64	166	0	
154123	398	64	167	0	
154124	398	64	168	0	
154125	398	64	169	0	
154126	398	64	170	0	
154127	398	64	171	0	
154128	398	64	172	0	
154129	398	64	172	0	
154130	399	65	171	0	
154131	400	66	170	0	
154132	400	65	171	0	
154133	400	66	170	0	
154134	400	67	169	0	
154135	400	68	168	0	
154136	399	69	168	0	
154137	399	68	169	0	
154138	399	67	170	0	
154139	399	66	171	0	
154140	399	65	172	0	
154141	399	64	172	0	
154142	399	64	172	0	
154143	399	64	172	0	
154144	398	65	171	0	
154145	397	66	170	0	
154146	397	66	168	0	
154147	397	66	167	0	
154148	397	66	166	0	
154149	397	65	167	0	
154150	397	64	168	0	
154151	397	64	169	0	
154152	397	64	170	0	
154153	397	64	171	0	
154154	397	64	172	0	
154155	397	64	172	0	
154156	397	64	172	0	
154157	397	64	172	0	
154158	397	64	172	0	
154159	397	64	172	0	
154160	397	64	172	0	
154161	397	64	172	0	
154162	397	64	172	0	
154163	397	64	172	0	
154164	397	64	172	0	
154165	397	64	172	0	
154166	397	64	172	0	
154167	397	64	172	0	
154168	397	64	172	0	
154169	397	64	172	0	
154170	397	64	172	0	
154171	397	64	172	0	
154172	397	64	172	0	
154173	397	64	170	0	
154174	397	64	171	0	
154175	397	64	172	0	
154176	397	64	170	0	
154177	397	64	168	0	
154178	397	64	167	0	
154179	397	64	166	0	
154180	397	64	165	0	
154181	397	64	164	0	
154182	397	64	163	0	
154183	397	64	162	0	
154184	397	64	161	0	
154185	397	65	160	0	
154186	397	65	159	0	
154187	397	66	158	0	
154188	397	66	158	0	
154189	397	66	158	0	
154190	397	66	158	0	
154191	397	66	158	0	
154192	397	66	158	0	
154193	397	66	158	0	
154194	397	66	158	0	
154195	397	66	158	0	
154196	397	66	158	0	
154197	397	66	158	0	
154198	397	66	158	0	
154199	397	66	158	0	
154200	397	66	158	0	
154201	397	66	158	0	
154202	397	66	158	0	
154203	397	66	158	0	
154204	397	66	158	0	
154205	397	66	158	0	
154206	397	65	160	0	
154207	397	64	162	0	
154208	397	64	163	0	
154209	397	64	164	0	
154210	397	64	165	0	
154211	397	64	166	0	
154212	397	64	167	0	
154213	397	64	168	0	
154214	397	64	169	0	
154215	397	64	170	0	
154216	397	64	171	0	
154217	397	64	172	0	
154218	397	64	172	0	
154219	397	64	172	0	
154220	397	64	172	0	
154221	397	64	172	0	
154222	397	64	172	0	
154223	397	64	170	0	
154224	397	64	168	0	
154225	397	64	167	0	
154226	397	64	166	0	
154227	397	64	165	0	
154228	397	64	164	0	
154229	397	64	163	0	
154230	397	64	164	0	
154231	397	64	163	0	
154232	397	64	164	0	
154233	397	65	163	0	
154234	397	66	162	0	
154235	397	66	161	0	
154236	397	66	160	0	
154237	397	66	159	0	
154238	397	66	158	0	
154239	397	66	158	0	
154240	397	66	158	0	
154241	397	66	158	0	
154242	397	66	158	0	
154243	397	66	158	0	
154244	397	66	158	0	
154245	397	66	158	0	
154246	397	66	158	0	
154247	397	65	160	0	
154248	397	65	159	0	
154249	397	65	158	0	
154250	397	65	158	0	
154251	397	66	158	0	
154252	397	66	158	0	
154253	397	66	158	0	
154254	397	65	160	0	
154255	397	64	162	0	
154256	397	64	163	0	
154257	397	64	164	0	
154258	397	64	165	0	
154259	397	64	164	0	
154260	397	65	163	0	
154261	397	66	162	0	
154262	397	66	161	0	
154263	397	66	160	0	
154264	397	66	159	0	
154265	397	66	158	0	
154266	397	66	158	0	
154267	397	66	158	0	
154268	397	66	158	0	
154269	397	66	158	0	
154270	397	66	158	0	
154271	397	66	158	0	
154272	397	66	158	0	
154273	397	66	158	0	
154274	397	66	158	0	
154275	397	66	158	0	
154276	397	66	158	0	
154277	397	66	158	0	
154278	397	66	158	0	
154279	397	66	158	0	
154280	397	66	158	0	
154281	397	66	158	0	
154282	397	66	158	0	
154283	397	66	158	0	
154284	397	66	158	0	
154285	397	66	158	0	
154286	397	66	158	0	
154287	397	66	158	0	
154288	397	66	158	0	
154289	397	66	158	0	
154290	397	66	158	0	
154291	397	66	158	0	
154292	396	67	159	0	
154293	396	67	158	0	
154294	395	68	159	0	
154295	394	69	160	0	
154296	393	70	160	0	
154297	392	70	160	0	
154298	392	70	160	0	
154299	392	70	160	0	
154300	392	70	160	0	
154301	392	70	160	0	
154302	392	70	160	0	
154303	392	70	160	0	
154304	392	70	159	0	
154305	392	70	158	0	
154306	392	70	158	0	
154307	392	70	158	0	
154308	392	70	158	0	
154309	392	70	158	0	
154310	392	70	159	0	
154311	392	70	160	0	
154312	392	70	160	0	
154313	392	70	160	0	
154314	392	70	160	0	
154315	392	70	159	0	
154316	392	70	158	0	
154317	392	70	158	0	
154318	392	70	158	0	
154319	392	70	158	0	
154320	392	69	160	0	
154321	392	68	162	0	
154322	392	67	163	0	
154323	392	66	164	0	
154324	392	65	165	0	
154325	392	64	166	0	
154326	393	63	166	0	
154327	394	62	166	0	
154328	395	61	166	0	
154329	396	60	166	0	
154330	396	60	167	0	
154331	396	60	168	0	
154332	396	60	169	0	
154333	396	60	170	0	
154334	396	59	168	0	
154335	396	58	167	0	
154336	395	58	167	0	
154337	394	58	167	0	
154338	393	58	167	0	
154339	392	58	167	0	
154340	392	58	167	0	
154341	392	58	167	0	
154342	392	58	167	0	
154343	392	58	167	0	
154344	392	58	167	0	
154345	392	58	167	0	
154346	392	58	167	0	
154347	392	58	167	0	
154348	392	58	167	0	
154349	392	58	167	0	
154350	392	58	167	0	
154351	392	58	167	0	
154352	392	58	167	0	
154353	392	58	167	0	
154354	392	58	167	0	
154355	392	58	167	0	
154356	392	58	167	0	
154357	392	58	167	0	
154358	392	58	167	0	
154359	392	58	167	0	
154360	392	58	167	0	
154361	392	58	167	0	
154362	392	58	167	0	
154363	392	58	167	0	
154364	392	58	167	0	
154365	392	58	167	0	
154366	392	58	167	0	
154367	392	58	167	0	
154368	392	58	167	0	
154369	392	58	167	0	
154370	392	58	167	0	
154371	392	58	167	0	
154372	392	58	167	0	
154373	392	58	167	0	
154374	392	58	167	0	
154375	392	58	167	0	
154376	392	58	167	0	
154377	392	58	167	0	
154378	392	58	167	0	
154379	392	58	167	0	
154380	392	58	167	0	
154381	392	58	167	0	
154382	392	58	167	0	
154383	392	58	167	0	
154384	392	58	167	0	
154385	392	58	167	0	
154386	392	58	167	0	
154387	392	58	167	0	
154388	392	58	167	0	
154389	392	58	167	0	
154390	392	58	167	0	
154391	392	58	167	0	
154392	392	58	167	0	
154393	392	58	167	0	
154394	392	58	167	0	
154395	392	58	167	0	
154396	392	58	167	0	
154397	392	58	167	0	
154398	392	58	167	0	
154399	392	58	167	0	
154400	392	58	167	0	
154401	392	58	167	0	
154402	392	58	167	0	
154403	392	58	167	0	
154404	392	58	167	0	
154405	392	58	167	0	
154406	392	58	167	0	
154407	392	58	167	0	
154408	392	58	167	0	
154409	392	58	167	0	
154410	392	58	167	0	
154411	392	58	167	0	
154412	392	58	167	0	
154413	392	58	167	0	
154414	392	58	167	0	
154415	392	58	167	0	
154416	392	58	167	0	
154417	392	58	167	0	
154418	392	58	167	0	
154419	392	58	167	0	
154420	392	58	167	0	
154421	392	58	167	0	
154422	392	58	167	0	
154423	392	58	167	0	
154424	392	58	167	0	
154425	392	58	167	0	
154426	392	58	167	0	
154427	392	58	167	0	
154428	392	58	167	0	
154429	392	58	167	0	
154430	392	58	167	0	
154431	392	58	167	0	
154432	392	59	166	0	
154433	392	60	165	0	
154434	392	61	164	0	
154435	392	62	163	0	
154436	392	61	163	0	
154437	392	61	164	0	
154438	392	60	164	0	
154439	392	60	164	0	
154440	392	60	164	0	
154441	392	60	164	0	
154442	392	60	164	0	
154443	392	60	164	0	
154444	392	60	164	0	
154445	392	60	165	0	
154446	392	60	166	0	
154447	392	60	167	0	
154448	392	60	168	0	
154449	392	60	169	0	
154450	392	60	170	0	
154451	392	60	171	0	
154452	392	59	169	0	
154453	392	58	167	0	
154454	392	57	166	0	
154455	392	57	167	0	
154456	392	57	168	0	
154457	392	57	169	0	
154458	392	57	170	0	
154459	392	57	171	0	
154460	392	55	172	0	
154461	392	56	172	0	
154462	392	56	172	0	
154463	392	56	172	0	
154464	392	56	172	0	
154465	392	56	172	0	
154466	392	56	172	0	
154467	393	56	171	0	
154468	393	56	172	0	
154469	394	56	171	0	
154470	394	56	172	0	
154471	394	56	172	0	
154472	394	56	172	0	
154473	394	56	172	0	
154474	394	56	172	0	
154475	394	56	172	0	
154476	394	56	172	0	
154477	394	56	172	0	
154478	394	56	172	0	
154479	394	56	172	0	
154480	395	58	171	0	
154481	396	60	170	0	
154482	397	62	169	0	
154483	398	63	168	0	
154484	399	64	168	0	
154485	400	65	168	0	
154486	400	66	168	0	
154487	400	65	169	0	
154488	400	66	168	0	
154489	400	65	169	0	
154490	400	66	168	0	
154491	400	65	169	0	
154492	400	64	170	0	
154493	400	64	171	0	
154494	400	64	172	0	
154495	400	64	172	0	
154496	400	65	171	0	
154497	401	65	169	0	
154498	401	66	168	0	
154499	401	67	168	0	
154500	401	68	168	0	
154501	401	69	168	0	
154502	401	70	168	0	
154503	401	70	168	0	
154504	401	70	168	0	
154505	401	70	168	0	
154506	400	69	169	0	
154507	401	68	167	0	
154508	400	67	168	0	
154509	400	66	169	0	
154510	400	65	170	0	
154511	400	64	171	0	
154512	400	64	172	0	
154513	400	64	172	0	
154514	400	64	172	0	
154515	400	64	172	0	
154516	400	64	172	0	
154517	400	65	171	0	
154518	401	65	169	0	
154519	402	65	167	0	
154520	403	65	166	0	
154521	403	66	166	0	
154522	403	67	166	0	
154523	403	68	166	0	
154524	403	69	166	0	
154525	403	70	166	0	
154526	403	70	166	0	
154527	403	70	166	0	
154528	403	70	166	0	
154529	403	70	166	0	
154530	403	70	166	0	
154531	403	70	166	0	
154532	403	70	166	0	
154533	403	70	166	0	
154534	402	69	167	0	
154535	401	68	168	0	
154536	401	69	168	0	
154537	401	70	168	0	
154538	400	69	169	0	
154539	400	68	170	0	
154540	400	69	169	0	
154541	400	70	168	0	
154542	400	69	169	0	
154543	400	70	168	0	
154544	400	70	168	0	
154545	400	70	168	0	
154546	400	70	168	0	
154547	400	70	168	0	
154548	400	70	168	0	
154549	400	70	168	0	
154550	400	70	168	0	
154551	400	70	168	0	
154552	400	70	168	0	
154553	400	70	168	0	
154554	400	70	168	0	
154555	400	70	168	0	
154556	400	70	168	0	
154557	400	70	168	0	
154558	400	70	168	0	
154559	400	70	168	0	
154560	400	70	168	0	
154561	400	70	168	0	
154562	400	70	168	0	
154563	400	70	168	0	
154564	400	70	168	0	
154565	400	70	168	0	
154566	400	70	168	0	
154567	400	70	168	0	
154568	400	70	168	0	
154569	400	70	168	0	
154570	400	70	168	0	
154571	400	70	168	0	
154572	400	70	168	0	
154573	400	70	168	0	
154574	400	69	169	0	
154575	400	68	170	0	
154576	400	69	169	0	
154577	400	70	168	0	
154578	400	70	168	0	
154579	400	69	169	0	
154580	400	68	170	0	
154581	400	67	171	0	
154582	400	66	172	0	
154583	400	65	172	0	
154584	400	64	172	0	
154585	400	64	172	0	
154586	400	64	172	0	
154587	400	64	172	0	
154588	400	64	172	0	
154589	400	64	172	0	
154590	400	64	172	0	
154591	400	64	172	0	
154592	400	65	171	0	
154593	400	66	170	0	
154594	400	67	169	0	
154595	400	66	170	0	
154596	400	67	169	0	
154597	400	68	168	0	
154598	400	67	169	0	
154599	400	68	168	0	
154600	400	69	168	0	
154601	400	70	168	0	
154602	400	70	168	0	
154603	400	69	169	0	
154604	400	68	170	0	
154605	400	67	171	0	
154606	400	66	172	0	
154607	400	65	172	0	
154608	400	65	171	0	
154609	400	64	172	0	
154610	400	64	172	0	
154611	400	64	172	0	
154612	400	64	172	0	
154613	400	64	172	0	
154614	400	64	172	0	
154615	400	64	172	0	
154616	400	64	172	0	
154617	400	64	172	0	
154618	400	64	172	0	
154619	400	64	172	0	
154620	400	64	172	0	
154621	400	65	171	0	
154622	400	66	170	0	
154623	400	67	169	0	
154624	400	68	168	0	
154625	400	69	168	0	
154626	400	70	168	0	
154627	400	70	168	0	
154628	400	70	168	0	
154629	400	70	168	0	
154630	400	70	168	0	
154631	400	70	168	0	
154632	400	70	168	0	
154633	400	70	168	0	
154634	400	70	168	0	
154635	400	70	168	0	
154636	400	70	168	0	
154637	400	70	168	0	
154638	400	70	168	0	
154639	400	70	168	0	
154640	400	70	168	0	
154641	400	70	168	0	
154642	400	70	168	0	
154643	400	70	168	0	
154644	400	70	168	0	
154645	400	70	168	0	
154646	400	70	168	0	
154647	400	70	168	0	
154648	400	70	168	0	
154649	400	70	168	0	
154650	400	70	168	0	
154651	400	70	168	0	
154652	400	70	168	0	
154653	400	70	168	0	
154654	400	70	168	0	
154655	400	70	168	0	
154656	400	70	168	0	
154657	400	70	168	0	
154658	400	70	168	0	
154659	400	70	168	0	
154660	400	70	168	0	
154661	400	70	168	0	
154662	400	70	168	0	
154663	400	70	168	0	
154664	400	70	168	0	
154665	400	70	168	0	
154666	400	70	168	0	
154667	400	70	168	0	
154668	400	70	168	0	
154669	400	70	168	0	
154670	400	70	168	0	
154671	400	70	168	0	
154672	400	70	168	0	
154673	400	70	168	0	
154674	400	70	168	0	
154675	400	70	168	0	
154676	400	70	168	0	
154677	400	70	168	0	
154678	400	70	168	0	
154679	400	70	168	0	
154680	400	70	168	0	
154681	400	70	168	0	
154682	400	70	168	0	
154683	400	70	168	0	
154684	400	70	168	0	
154685	400	70	168	0	
154686	400	70	168	0	
154687	400	69	169	0	
154688	400	69	168	0	
154689	400	70	168	0	
154690	400	69	169	0	
154691	400	68	170	0	
154692	400	67	171	0	
154693	400	66	172	0	
154694	400	67	171	0	
154695	400	66	172	0	
154696	400	65	172	0	
154697	400	64	172	0	
154698	400	64	172	0	
154699	400	64	172	0	
154700	400	64	172	0	
154701	400	64	172	0	
154702	400	64	172	0	
154703	400	64	172	0	
154704	400	64	172	0	
154705	400	64	172	0	
154706	400	64	172	0	
154707	400	64	171	0	
154708	400	64	172	0	
154709	400	64	172	0	
154710	400	64	172	0	
154711	400	64	172	0	
154712	400	64	172	0	
154713	400	64	172	0	
154714	400	64	172	0	
154715	400	64	172	0	
154716	400	64	172	0	
154717	400	64	172	0	
154718	400	64	172	0	
154719	400	64	172	0	
154720	400	64	172	0	
154721	400	64	172	0	
154722	400	64	172	0	
154723	400	64	172	0	
154724	400	64	172	0	
154725	400	64	172	0	
154726	400	64	172	0	
154727	400	64	172	0	
154728	400	64	172	0	
154729	400	64	172	0	
154730	400	64	172	0	
154731	400	64	172	0	
154732	400	64	172	0	
154733	400	64	172	0	
154734	400	64	172	0	
154735	400	64	172	0	
154736	400	64	172	0	
154737	400	64	172	0	
154738	400	64	172	0	
154739	400	64	172	0	
154740	400	64	172	0	
154741	400	64	172	0	
154742	400	64	172	0	
154743	400	64	172	0	
154744	400	64	172	0	
154745	400	64	172	0	
154746	400	64	172	0	
154747	400	64	172	0	
154748	400	64	172	0	
154749	400	64	172	0	
154750	400	64	172	0	
154751	400	64	172	0	
154752	400	64	172	0	
154753	400	64	172	0	
154754	400	64	172	0	
154755	400	64	172	0	
154756	400	64	172	0	
154757	400	64	172	0	
154758	400	64	172	0	
154759	400	64	172	0	
154760	400	64	172	0	
154761	400	64	172	0	
154762	400	64	172	0	
154763	400	64	171	0	
154764	400	64	172	0	
154765	400	64	171	0	
154766	400	64	170	0	
154767	400	64	169	0	
154768	400	64	168	0	
154769	400	64	168	0	
154770	400	64	168	0	
154771	400	64	168	0	
154772	400	64	168	0	
154773	400	64	168	0	
154774	400	64	168	0	
154775	400	64	168	0	
154776	400	64	168	0	
154777	400	64	168	0	
154778	400	65	168	0	
154779	400	66	168	0	
154780	400	67	168	0	
154781	400	68	168	0	
154782	400	69	168	0	
154783	400	70	168	0	
154784	400	70	168	0	
154785	400	70	168	0	
154786	400	70	168	0	
154787	400	70	168	0	
154788	400	70	168	0	
154789	400	70	168	0	
154790	400	70	168	0	
154791	400	70	168	0	
154792	400	70	168	0	
154793	400	70	168	0	
154794	400	70	168	0	
154795	400	70	168	0	
154796	400	70	168	0	
154797	400	70	168	0	
154798	400	70	168	0	
154799	400	70	168	0	
154800	400	70	168	0	
154801	400	70	168	0	
154802	400	70	168	0	
154803	400	70	168	0	
154804	400	70	168	0	
154805	400	70	168	0	
154806	400	70	168	0	
154807	400	70	168	0	
154808	400	70	168	0	
154809	400	70	168	0	
154810	400	70	168	0	
154811	400	70	168	0	
154812	400	70	168	0	
154813	400	69	169	0	
154814	400	68	170	0	
154815	400	67	171	0	
154816	400	66	172	0	
154817	400	65	172	0	
154818	400	64	172	0	
154819	400	64	172	0	
154820	400	64	172	0	
154821	400	64	172	0	
154822	400	64	172	0	
154823	400	64	172	0	
154824	400	64	172	0	
154825	400	64	172	0	
154826	400	64	172	0	
154827	400	64	172	0	
154828	400	64	172	0	
154829	400	64	172	0	
154830	400	64	172	0	
154831	400	64	172	0	
154832	400	64	172	0	
154833	400	64	171	0	
154834	400	65	170	0	
154835	400	64	171	0	
154836	400	64	172	0	
154837	400	65	171	0	
154838	400	66	170	0	
154839	400	67	169	0	
154840	400	68	168	0	
154841	400	69	168	0	
154842	400	70	168	0	
154843	400	70	168	0	
154844	400	69	169	0	
154845	400	70	168	0	
154846	400	69	169	0	
154847	400	68	170	0	
154848	400	69	169	0	
154849	400	68	170	0	
154850	400	69	169	0	
154851	400	68	170	0	
154852	400	67	171	0	
154853	400	66	172	0	
154854	400	65	172	0	
154855	400	64	172	0	
154856	400	64	172	0	
154857	400	64	172	0	
154858	400	64	172	0	
154859	400	64	172	0	
154860	400	64	172	0	
154861	400	64	172	0	
154862	400	64	172	0	
154863	400	64	172	0	
154864	400	64	171	0	
154865	400	65	170	0	
154866	400	64	171	0	
154867	400	64	172	0	
154868	400	65	171	0	
154869	400	64	172	0	
154870	400	65	171	0	
154871	400	66	170	0	
154872	400	67	169	0	
154873	400	68	168	0	
154874	400	69	168	0	
154875	400	68	169	0	
154876	400	67	170	0	
154877	400	66	171	0	
154878	400	65	172	0	
154879	400	66	171	0	
154880	400	67	170	0	
154881	400	68	169	0	
154882	400	69	168	0	
154883	400	70	168	0	
154884	400	70	168	0	
154885	400	70	168	0	
154886	400	70	168	0	
154887	400	70	168	0	
154888	400	70	168	0	
154889	400	70	168	0	
154890	400	70	168	0	
154891	400	70	168	0	
154892	400	70	168	0	
154893	400	70	168	0	
154894	400	70	168	0	
154895	400	70	168	0	
154896	400	69	169	0	
154897	400	68	170	0	
154898	400	67	171	0	
154899	400	66	172	0	
154900	400	65	172	0	
154901	400	64	172	0	
154902	400	64	172	0	
154903	400	65	171	0	
154904	400	66	170	0	
154905	400	65	171	0	
154906	400	64	172	0	
154907	400	64	172	0	
154908	400	65	171	0	
154909	400	64	172	0	
154910	400	64	172	0	
154911	400	64	172	0	
154912	400	64	172	0	
154913	400	64	172	0	
154914	400	64	172	0	
154915	400	64	172	0	
154916	400	65	171	0	
154917	400	66	170	0	
154918	400	67	169	0	
154919	400	68	168	0	
154920	400	69	168	0	
154921	400	70	168	0	
154922	400	70	168	0	
154923	400	70	168	0	
154924	400	70	168	0	
154925	400	70	168	0	
154926	400	70	168	0	
154927	400	70	168	0	
154928	400	70	168	0	
154929	400	70	168	0	
154930	400	70	168	0	
154931	400	70	168	0	
154932	400	70	168	0	
154933	400	70	168	0	
154934	400	70	168	0	
154935	400	70	168	0	
154936	400	70	168	0	
154937	400	70	168	0	
154938	400	70	168	0	
154939	400	70	168	0	
154940	400	70	168	0	
154941	400	70	168	0	
154942	400	69	169	0	
154943	400	68	170	0	
154944	400	67	171	0	
154945	400	66	172	0	
154946	400	65	172	0	
154947	400	64	172	0	
154948	400	64	172	0	
154949	400	64	172	0	
154950	400	64	172	0	
154951	400	64	172	0	
154952	400	64	172	0	
154953	400	64	172	0	
154954	400	64	172	0	
154955	400	64	172	0	
154956	400	65	171	0	
154957	400	66	170	0	
154958	400	67	169	0	
154959	400	66	170	0	
154960	400	65	171	0	
154961	400	64	172	0	
154962	400	64	172	0	
154963	400	64	172	0	
154964	400	64	172	0	
154965	400	64	172	0	
154966	400	64	172	0	
154967	400	64	172	0	
154968	400	64	172	0	
154969	400	64	172	0	
154970	400	64	172	0	
154971	400	64	172	0	
154972	400	64	172	0	
154973	400	64	172	0	
154974	400	64	172	0	
154975	400	64	172	0	
154976	400	64	172	0	
154977	400	64	172	0	
154978	400	64	172	0	
154979	400	64	172	0	
154980	400	64	172	0	
154981	400	64	172	0	
154982	400	64	172	0	
154983	400	64	172	0	
154984	400	64	172	0	
154985	400	64	172	0	
154986	400	64	172	0	
154987	400	64	172	0	
154988	400	64	172	0	
154989	400	65	171	0	
154990	400	66	170	0	
154991	400	67	169	0	
154992	400	66	170	0	
154993	400	65	171	0	
154994	400	64	172	0	
154995	400	65	171	0	
154996	400	66	170	0	
154997	400	67	169	0	
154998	400	68	168	0	
154999	400	67	169	0	
155000	400	68	168	0	
155001	400	67	169	0	
155002	400	66	170	0	
155003	400	65	171	0	
155004	400	64	172	0	
155005	400	64	172	0	
155006	400	64	172	0	
155007	400	64	172	0	
155008	400	64	172	0	
155009	400	64	172	0	
155010	400	64	172	0	
155011	400	64	172	0	
155012	400	64	172	0	
155013	400	64	172	0	
155014	400	64	172	0	
155015	400	64	172	0	
155016	400	64	172	0	
155017	400	64	172	0	
155018	400	64	172	0	
155019	400	64	172	0	
155020	400	64	172	0	
155021	400	64	172	0	
155022	400	64	172	0	
155023	400	64	172	0	
155024	400	64	172	0	
155025	400	64	172	0	
155026	400	65	171	0	
155027	400	66	170	0	
155028	400	65	171	0	
155029	400	64	172	0	
155030	400	64	172	0	
155031	400	64	172	0	
155032	400	65	171	0	
155033	400	64	172	0	
155034	400	64	172	0	
155035	400	64	172	0	
155036	400	64	172	0	
155037	400	64	172	0	
155038	400	64	172	0	
155039	400	64	172	0	
155040	400	64	172	0	
155041	400	64	172	0	
155042	400	64	172	0	
155043	400	64	172	0	
155044	400	64	172	0	
155045	400	64	172	0	
155046	400	64	172	0	
155047	400	64	172	0	
155048	400	64	172	0	
155049	400	64	172	0	
155050	400	64	172	0	
155051	400	64	172	0	
155052	400	64	172	0	
155053	400	64	172	0	
155054	400	64	172	0	
155055	400	65	171	0	
155056	400	66	170	0	
155057	400	67	169	0	
155058	400	68	168	0	
155059	400	69	168	0	
155060	400	70	168	0	
155061	400	70	168	0	
155062	400	70	168	0	
155063	400	70	168	0	
155064	400	70	168	0	
155065	400	69	169	0	
155066	400	70	168	0	
155067	400	70	168	0	
155068	400	69	169	0	
155069	400	68	170	0	
155070	400	67	171	0	
155071	400	66	172	0	
155072	400	65	172	0	
155073	400	64	172	0	
155074	400	64	172	0	
155075	400	64	172	0	
155076	400	64	172	0	
155077	400	64	172	0	
155078	400	64	172	0	
155079	400	65	171	0	
155080	400	66	170	0	
155081	400	67	169	0	
155082	400	68	168	0	
155083	400	69	168	0	
155084	400	70	168	0	
155085	400	70	168	0	
155086	400	70	168	0	
155087	400	70	168	0	
155088	400	70	168	0	
155089	400	70	168	0	
155090	400	70	168	0	
155091	400	70	168	0	
155092	400	70	168	0	
155093	400	70	168	0	
155094	400	69	169	0	
155095	400	68	170	0	
155096	400	69	169	0	
155097	400	70	168	0	
155098	400	70	168	0	
155099	400	70	168	0	
155100	400	70	168	0	
155101	400	70	168	0	
155102	400	70	168	0	
155103	400	70	168	0	
155104	400	70	168	0	
155105	400	70	168	0	
155106	400	69	169	0	
155107	400	68	170	0	
155108	400	69	169	0	
155109	400	70	168	0	
155110	400	69	169	0	
155111	400	68	170	0	
155112	400	69	169	0	
155113	400	68	170	0	
155114	400	67	171	0	
155115	400	66	172	0	
155116	400	65	172	0	
155117	400	64	172	0	
155118	400	64	172	0	
155119	400	64	172	0	
155120	400	64	172	0	
155121	400	64	172	0	
155122	400	64	172	0	
155123	400	64	172	0	
155124	400	64	172	0	
155125	400	64	172	0	
155126	400	64	172	0	
155127	400	64	172	0	
155128	400	64	172	0	
155129	400	64	172	0	
155130	400	64	172	0	
155131	400	64	172	0	
155132	400	64	172	0	
155133	400	64	172	0	
155134	400	64	172	0	
155135	400	64	172	0	
155136	400	64	172	0	
155137	400	64	172	0	
155138	400	64	172	0	
155139	400	64	172	0	
155140	400	64	172	0	
155141	400	64	172	0	
155142	400	64	172	0	
155143	400	64	172	0	
155144	400	64	172	0	
155145	400	64	172	0	
155146	400	64	172	0	
155147	400	64	172	0	
155148	400	64	172	0	
155149	400	64	172	0	
155150	400	64	172	0	
155151	400	64	172	0	
155152	400	64	172	0	
155153	400	64	172	0	
155154	400	64	172	0	
155155	400	64	172	0	
155156	400	64	172	0	
155157	400	64	172	0	
155158	400	64	172	0	
155159	400	64	172	0	
155160	400	64	172	0	
155161	400	64	172	0	
155162	400	64	172	0	
155163	400	64	172	0	
155164	400	64	172	0	
155165	400	64	172	0	
155166	400	64	172	0	
155167	400	64	172	0	
155168	400	64	172	0	
155169	400	64	172	0	
155170	400	64	172	0	
155171	400	64	172	0	
155172	401	65	170	0	
155173	402	66	168	0	
155174	403	66	167	0	
155175	404	66	166	0	
155176	405	66	165	0	
155177	406	66	164	0	
155178	407	66	163	0	
155179	408	66	162	0	
155180	407	65	163	0	
155181	406	64	164	0	
155182	405	64	165	0	
155183	404	64	166	0	
155184	403	64	167	0	
155185	402	64	168	0	
155186	401	64	169	0	
155187	400	64	170	0	
155188	400	64	171	0	
155189	400	64	172	0	
155190	400	64	172	0	
155191	400	64	172	0	
155192	400	64	172	0	
155193	400	64	172	0	
155194	400	64	172	0	
155195	400	64	172	0	
155196	400	64	172	0	
155197	400	64	172	0	
155198	400	64	172	0	
155199	400	64	172	0	
155200	400	64	172	0	
155201	400	64	172	0	
155202	400	64	172	0	
155203	400	64	172	0	
155204	400	64	172	0	
155205	400	64	172	0	
155206	400	64	172	0	
155207	400	64	172	0	
155208	400	64	172	0	
155209	400	64	172	0	
155210	400	64	172	0	
155211	400	65	171	0	
155212	400	66	170	0	
155213	400	67	169	0	
155214	400	68	168	0	
155215	400	67	169	0	
155216	400	66	170	0	
155217	400	65	171	0	
155218	400	66	170	0	
155219	400	65	171	0	
155220	400	66	172	0	
155221	400	67	172	0	
155222	400	68	172	0	
155223	400	69	171	0	
155224	400	70	170	0	
155225	400	70	169	0	
155226	400	71	170	0	
155227	400	71	169	0	
155228	400	71	168	0	
155229	400	72	169	0	
155230	400	73	170	0	
155231	400	74	171	0	
155232	400	75	172	0	
155233	400	75	171	0	
155234	400	75	170	0	
155235	400	75	169	0	
155236	399	75	170	0	
155237	398	75	171	0	
155238	398	76	172	0	
155239	399	76	170	0	
155240	400	76	168	0	
155241	400	76	168	0	
155242	400	76	168	0	
155243	400	76	168	0	
155244	400	76	168	0	
155245	400	75	168	0	
155246	400	74	168	0	
155247	400	73	168	0	
155248	400	72	168	0	
155249	400	71	168	0	
155250	400	70	168	0	
155251	400	70	168	0	
155252	400	70	168	0	
155253	400	70	168	0	
155254	400	70	168	0	
155255	400	70	168	0	
155256	400	70	168	0	
155257	400	70	168	0	
155258	400	70	168	0	
155259	400	70	168	0	
155260	400	70	168	0	
155261	400	70	168	0	
155262	400	70	168	0	
155263	400	70	168	0	
155264	400	70	168	0	
155265	400	69	169	0	
155266	400	68	170	0	
155267	400	67	171	0	
155268	400	68	170	0	
155269	400	67	171	0	
155270	400	68	170	0	
155271	400	69	169	0	
155272	400	68	170	0	
155273	400	69	169	0	
155274	400	70	168	0	
155275	400	69	169	0	
155276	400	70	168	0	
155277	400	70	168	0	
155278	400	70	168	0	
155279	400	70	168	0	
155280	400	70	168	0	
155281	400	70	168	0	
155282	400	70	168	0	
155283	400	70	168	0	
155284	400	69	169	0	
155285	400	68	170	0	
155286	400	67	171	0	
155287	400	68	170	0	
155288	400	67	171	0	
155289	400	67	169	0	
155290	400	67	167	0	
155291	400	67	166	0	
155292	399	68	166	0	
155293	399	68	165	0	
155294	398	69	165	0	
155295	397	70	165	0	
155296	396	70	165	0	
155297	396	70	164	0	
155298	396	70	163	0	
155299	396	70	162	0	
155300	396	70	161	0	
155301	396	70	160	0	
155302	396	69	159	0	
155303	396	69	158	0	
155304	395	70	159	0	
155305	395	69	158	0	
155306	395	68	158	0	
155307	395	67	158	0	
155308	394	68	159	0	
155309	395	69	157	0	
155310	395	69	157	0	
155311	395	69	157	0	
155312	396	70	156	0	
155313	397	70	155	0	
155314	397	70	155	0	
155315	397	70	155	0	
155316	397	70	155	0	
155317	397	71	154	0	
155318	397	72	153	0	
155319	397	72	153	0	
155320	397	72	153	0	
155321	397	72	153	0	
155322	397	73	152	0	
155323	397	73	152	0	
155324	397	72	154	0	
155325	398	72	155	0	
155326	398	71	157	0	
155327	398	70	159	0	
155328	398	69	161	0	
155329	398	68	162	0	
155330	398	67	163	0	
155331	398	66	164	0	
155332	398	65	165	0	
155333	398	64	166	0	
155334	398	64	167	0	
155335	398	64	168	0	
155336	398	64	169	0	
155337	398	64	170	0	
155338	398	64	171	0	
155339	398	64	172	0	
155340	398	64	172	0	
155341	398	64	172	0	
155342	398	64	172	0	
155343	398	64	172	0	
155344	398	64	172	0	
155345	398	64	172	0	
155346	398	64	172	0	
155347	398	64	172	0	
155348	398	64	172	0	
155349	398	64	172	0	
155350	398	64	172	0	
155351	398	64	172	0	
155352	398	64	172	0	
155353	398	64	172	0	
155354	398	64	172	0	
155355	398	64	172	0	
155356	398	64	172	0	
155357	398	64	172	0	
155358	398	64	172	0	
155359	398	64	172	0	
155360	398	64	172	0	
155361	398	64	172	0	
155362	398	64	172	0	
155363	398	64	172	0	
155364	398	64	172	0	
155365	398	64	172	0	
155366	398	64	172	0	
155367	398	64	172	0	
155368	398	64	172	0	
155369	398	64	172	0	
155370	398	64	172	0	
155371	398	64	172	0	
155372	398	64	172	0	
155373	398	64	172	0	
155374	398	64	172	0	
155375	398	64	172	0	
155376	398	64	172	0	
155377	398	64	172	0	
155378	398	64	172	0	
155379	398	64	172	0	
155380	398	64	172	0	
155381	398	64	172	0	
155382	399	65	171	0	
155383	399	64	172	0	
155384	399	64	172	0	
155385	399	64	172	0	
155386	399	64	172	0	
155387	399	64	172	0	
155388	399	64	172	0	
155389	399	64	172	0	
155390	399	64	172	0	
155391	397	64	174	0	
155392	397	64	172	0	
155393	395	64	174	0	
155394	395	64	172	0	
155395	394	65	171	0	
155396	393	66	170	0	
155397	392	67	169	0	
155398	392	68	168	0	
155399	392	69	168	0	
155400	392	70	168	0	
155401	392	70	168	0	
155402	392	70	168	0	
155403	392	70	168	0	
155404	392	70	168	0	
155405	392	70	168	0	
155406	392	70	168	0	
155407	392	70	168	0	
155408	392	70	168	0	
155409	391	70	168	0	
155410	390	70	168	0	
155411	388	69	169	0	
155412	387	68	170	0	
155413	387	69	169	0	
155414	387	70	168	0	
155415	386	69	169	0	
155416	386	70	168	0	
155417	385	69	169	0	
155418	384	68	170	0	
155419	383	67	171	0	
155420	382	66	172	0	
155421	381	65	172	0	
155422	380	64	172	0	
155423	380	64	172	0	
155424	380	64	172	0	
155425	380	64	172	0	
155426	380	64	172	0	
155427	380	64	172	0	
155428	380	64	172	0	
155429	380	64	172	0	
155430	380	64	172	0	
155431	380	64	172	0	
155432	380	64	172	0	
155433	380	64	172	0	
155434	380	64	172	0	
155435	381	65	171	0	
155436	382	66	170	0	
155437	382	67	169	0	
155438	382	68	168	0	
155439	382	69	168	0	
155440	382	70	168	0	
155441	382	70	168	0	
155442	382	70	168	0	
155443	382	70	168	0	
155444	382	70	168	0	
155445	382	70	168	0	
155446	382	70	168	0	
155447	382	70	168	0	
155448	382	70	168	0	
155449	382	70	168	0	
155450	382	70	168	0	
155451	382	70	168	0	
155452	382	70	168	0	
155453	382	70	168	0	
155454	382	70	168	0	
155455	382	70	168	0	
155456	382	70	168	0	
155457	382	70	168	0	
155458	382	70	168	0	
155459	382	70	168	0	
155460	382	70	168	0	
155461	382	70	168	0	
155462	382	70	168	0	
155463	382	70	168	0	
155464	382	70	168	0	
155465	382	70	168	0	
155466	382	70	168	0	
155467	382	70	168	0	
155468	382	70	168	0	
155469	382	70	168	0	
155470	382	70	168	0	
155471	382	70	168	0	
155472	382	70	168	0	
155473	382	70	168	0	
155474	382	70	168	0	
155475	382	70	168	0	
155476	382	70	168	0	
155477	382	70	168	0	
155478	382	70	168	0	
155479	382	70	168	0	
155480	382	70	168	0	
155481	382	70	168	0	
155482	382	70	168	0	
155483	382	70	168	0	
155484	382	70	168	0	
155485	383	69	167	0	
155486	384	69	166	0	
155487	384	70	166	0	
155488	384	70	166	0	
155489	384	70	166	0	
155490	384	70	166	0	
155491	384	70	166	0	
155492	384	70	166	0	
155493	384	70	166	0	
155494	384	70	166	0	
155495	384	70	166	0	
155496	384	70	166	0	
155497	384	70	166	0	
155498	384	70	166	0	
155499	384	70	166	0	
155500	384	70	166	0	
155501	384	70	166	0	
155502	384	70	166	0	
155503	384	70	166	0	
155504	384	70	166	0	
155505	384	70	166	0	
155506	384	70	166	0	
155507	384	70	166	0	
155508	384	70	166	0	
155509	384	70	166	0	
155510	384	70	166	0	
155511	384	70	166	0	
155512	384	70	166	0	
155513	384	70	166	0	
155514	384	70	166	0	
155515	384	70	166	0	
155516	384	70	166	0	
155517	384	70	166	0	
155518	384	70	166	0	
155519	384	70	166	0	
155520	384	70	166	0	
155521	384	70	166	0	
155522	384	70	166	0	
155523	384	70	166	0	
155524	384	70	166	0	
155525	384	70	166	0	
155526	384	70	166	0	
155527	384	70	166	0	
155528	384	70	166	0	
155529	384	70	166	0	
155530	384	70	166	0	
155531	384	70	166	0	
155532	384	70	166	0	
155533	384	70	166	0	
155534	384	70	166	0	
155535	384	70	166	0	
155536	384	70	166	0	
155537	384	70	166	0	
155538	384	70	166	0	
155539	385	70	165	0	
155540	386	70	164	0	
155541	387	70	163	0	
155542	388	70	162	0	
155543	389	70	161	0	
155544	388	70	161	0	
155545	388	70	161	0	
155546	387	70	161	0	
155547	386	70	161	0	
155548	386	70	161	0	
155549	386	70	161	0	
155550	386	70	161	0	
155551	386	70	161	0	
155552	386	70	161	0	
155553	386	70	161	0	
155554	386	70	161	0	
155555	386	70	161	0	
155556	386	70	161	0	
155557	386	70	161	0	
155558	386	70	161	0	
155559	386	70	161	0	
155560	386	70	161	0	
155561	386	70	161	0	
155562	386	70	161	0	
155563	386	70	161	0	
155564	386	70	161	0	
155565	386	70	161	0	
155566	386	70	161	0	
155567	386	70	161	0	
155568	386	70	161	0	
155569	386	70	161	0	
155570	386	70	161	0	
155571	386	70	161	0	
155572	386	70	161	0	
155573	386	70	161	0	
155574	386	70	161	0	
155575	386	70	161	0	
155576	386	70	161	0	
155577	386	70	161	0	
155578	386	70	161	0	
155579	386	70	161	0	
155580	386	70	161	0	
155581	387	70	160	0	
155582	388	70	159	0	
155583	389	70	158	0	
155584	390	70	158	0	
155585	390	70	158	0	
155586	390	70	159	0	
155587	390	70	160	0	
155588	390	70	160	0	
155589	390	70	160	0	
155590	390	70	160	0	
155591	390	70	160	0	
155592	390	70	159	0	
155593	390	70	160	0	
155594	390	70	160	0	
155595	390	70	160	0	
155596	390	70	160	0	
155597	390	70	159	0	
155598	390	70	158	0	
155599	390	70	158	0	
155600	390	70	158	0	
155601	390	70	158	0	
155602	390	70	159	0	
155603	390	70	160	0	
155604	389	70	160	0	
155605	390	69	162	0	
155606	389	69	162	0	
155607	389	70	162	0	
155608	389	70	162	0	
155609	389	70	162	0	
155610	389	70	162	0	
155611	389	70	162	0	
155612	389	70	162	0	
155613	389	70	162	0	
155614	389	70	162	0	
155615	389	70	162	0	
155616	389	70	162	0	
155617	389	70	162	0	
155618	389	70	162	0	
155619	389	70	162	0	
155620	389	70	162	0	
155621	389	70	162	0	
155622	389	70	162	0	
155623	389	70	162	0	
155624	389	70	162	0	
155625	389	70	162	0	
155626	389	70	162	0	
155627	389	70	162	0	
155628	389	70	162	0	
155629	389	70	162	0	
155630	389	70	162	0	
155631	389	70	162	0	
155632	389	70	162	0	
155633	389	70	162	0	
155634	389	70	162	0	
155635	389	70	162	0	
155636	389	70	162	0	
155637	389	70	162	0	
155638	389	70	162	0	
155639	389	70	162	0	
155640	389	70	162	0	
155641	389	70	162	0	
155642	389	70	162	0	
155643	389	70	162	0	
155644	389	70	162	0	
155645	389	70	162	0	
155646	389	70	162	0	
155647	389	70	162	0	
155648	389	70	162	0	
155649	389	70	162	0	
155650	389	70	162	0	
155651	389	70	162	0	
155652	388	69	163	0	
155653	387	68	164	0	
155654	384	68	164	0	
155655	382	68	164	0	
155656	380	68	164	0	
155657	378	68	164	0	
155658	376	68	164	0	
155659	374	68	164	0	
155660	373	68	164	0	
155661	372	68	164	0	
155662	371	68	164	0	
155663	370	68	164	0	
155664	370	69	164	0	
155665	370	70	164	0	
155666	369	70	164	0	
155667	368	70	164	0	
155668	367	70	164	0	
155669	366	70	164	0	
155670	365	70	164	0	
155671	364	70	164	0	
155672	364	70	164	0	
155673	364	70	164	0	
155674	364	70	164	0	
155675	364	70	164	0	
155676	364	70	164	0	
155677	364	70	164	0	
155678	364	70	164	0	
155679	364	70	164	0	
155680	364	70	164	0	
155681	364	70	164	0	
155682	364	70	164	0	
155683	364	70	164	0	
155684	364	70	164	0	
155685	364	70	164	0	
155686	364	70	164	0	
155687	364	70	164	0	
155688	364	70	164	0	
155689	364	70	164	0	
155690	364	69	166	0	
155691	364	70	166	0	
155692	364	70	166	0	
155693	364	70	166	0	
155694	364	70	166	0	
155695	364	70	166	0	
155696	364	70	166	0	
155697	363	69	168	0	
155698	362	68	170	0	
155699	362	68	169	0	
155700	363	69	168	0	
155701	364	70	168	0	
155702	364	70	168	0	
155703	364	70	168	0	
155704	364	70	168	0	
155705	364	70	168	0	
155706	364	70	168	0	
155707	364	70	168	0	
155708	364	70	168	0	
155709	364	70	168	0	
155710	364	70	168	0	
155711	364	70	168	0	
155712	364	70	168	0	
155713	364	70	168	0	
155714	363	69	170	0	
155715	364	70	169	0	
155716	364	70	168	0	
155717	364	70	168	0	
155718	364	70	168	0	
155719	364	70	168	0	
155720	364	70	168	0	
155721	364	70	168	0	
155722	364	69	170	0	
155723	364	70	169	0	
155724	364	70	168	0	
155725	364	70	168	0	
155726	364	70	168	0	
155727	364	70	168	0	
155728	364	70	168	0	
155729	364	70	168	0	
155730	364	70	168	0	
155731	364	70	168	0	
155732	364	70	168	0	
155733	364	70	168	0	
155734	364	70	168	0	
155735	364	70	168	0	
155736	364	70	168	0	
155737	364	70	168	0	
155738	364	70	168	0	
155739	364	70	168	0	
155740	364	70	168	0	
155741	364	70	168	0	
155742	364	69	170	0	
155743	364	68	172	0	
155744	364	68	174	0	
155745	364	68	176	0	
155746	364	68	177	0	
155747	364	68	178	0	
155748	364	68	179	0	
155749	364	68	180	0	
155750	364	68	181	0	
155751	364	68	182	0	
155752	364	68	183	0	
155753	364	68	184	0	
155754	364	68	184	0	
155755	364	68	184	0	
155756	364	68	184	0	
155757	364	68	184	0	
155758	364	68	184	0	
155759	364	68	184	0	
155760	364	68	184	0	
155761	364	68	184	0	
155762	364	68	184	0	
155763	364	68	184	0	
155764	364	68	184	0	
155765	364	68	184	0	
155766	364	68	184	0	
155767	364	68	184	0	
155768	364	68	184	0	
155769	364	68	184	0	
155770	364	68	184	0	
155771	365	70	181	0	
155772	364	69	182	0	
155773	364	68	183	0	
155774	364	68	184	0	
155775	364	68	184	0	
155776	365	68	181	0	
155777	365	68	179	0	
155778	366	70	176	0	
155779	367	72	174	0	
155780	368	74	172	0	
155781	369	75	170	0	
155782	370	76	168	0	
155783	371	77	167	0	
155784	372	78	166	0	
155785	373	79	165	0	
155786	374	80	164	0	
155787	374	78	165	0	
155788	374	76	166	0	
155789	374	74	167	0	
155790	374	73	168	0	
155791	374	72	169	0	
155792	374	71	170	0	
155793	374	70	171	0	
155794	374	69	172	0	
155795	374	68	172	0	
155796	374	67	172	0	
155797	375	67	171	0	
155798	376	67	170	0	
155799	377	67	169	0	
155800	377	67	168	0	
155801	377	67	168	0	
155802	377	67	168	0	
155803	377	67	168	0	
155804	377	67	168	0	
155805	377	67	168	0	
155806	377	67	168	0	
155807	377	67	168	0	
155808	377	67	168	0	
155809	377	67	168	0	
155810	377	67	168	0	
155811	377	67	168	0	
155812	379	67	167	0	
155813	379	67	167	0	
155814	381	67	166	0	
155815	382	67	165	0	
155816	382	67	165	0	
155817	382	67	165	0	
155818	382	67	165	0	
155819	382	67	165	0	
155820	382	67	165	0	
155821	382	67	165	0	
155822	382	67	165	0	
155823	382	67	165	0	
155824	382	67	165	0	
155825	382	67	165	0	
155826	382	67	165	0	
155827	382	67	165	0	
155828	382	67	165	0	
155829	382	67	165	0	
155830	382	67	165	0	
155831	382	67	165	0	
155832	382	67	165	0	
155833	382	67	165	0	
155834	382	67	165	0	
155835	382	67	165	0	
155836	382	67	165	0	
155837	382	67	165	0	
155838	382	67	165	0	
155839	382	67	165	0	
155840	382	67	165	0	
155841	382	67	165	0	
155842	382	67	165	0	
155843	382	68	165	0	
155844	382	69	165	0	
155845	382	70	165	0	
155846	382	70	165	0	
155847	382	69	167	0	
155848	382	68	169	0	
155849	382	68	171	0	
155850	382	68	173	0	
155851	382	68	175	0	
155852	382	68	176	0	
155853	384	69	173	0	
155854	386	70	172	0	
155855	389	71	171	0	
155856	392	72	170	0	
155857	391	71	172	0	
155858	391	72	172	0	
155859	391	73	172	0	
155860	391	74	172	0	
155861	391	75	172	0	
155862	391	76	172	0	
155863	391	76	172	0	
155864	391	76	172	0	
155865	391	76	172	0	
155866	390	75	172	0	
155867	390	74	172	0	
155868	390	74	172	0	
155869	390	74	172	0	
155870	390	74	172	0	
155871	390	74	172	0	
155872	390	74	172	0	
155873	391	74	169	0	
155874	391	75	170	0	
155875	391	76	171	0	
155876	390	75	172	0	
155877	389	74	174	0	
155878	388	73	176	0	
155879	387	72	177	0	
