60001	12	52	153	0	
60002	12	52	153	0	
60003	14	52	153	0	
60004	14	52	153	0	
60005	14	52	153	0	
60006	14	52	153	0	
60007	14	52	153	0	
60008	14	52	153	0	
60009	14	52	153	0	
60010	14	52	153	0	
60011	14	52	153	0	
60012	14	52	153	0	
60013	14	52	153	0	
60014	14	52	153	0	
60015	14	52	153	0	
60016	14	52	153	0	
60017	14	52	153	0	
60018	14	52	153	0	
60019	14	52	153	0	
60020	14	52	153	0	
60021	14	52	153	0	
60022	14	52	153	0	
60023	14	52	153	0	
60024	14	52	153	0	
60025	14	52	153	0	
60026	14	52	153	0	
60027	14	52	153	0	
60028	14	52	153	0	
60029	14	52	153	0	
60030	14	52	153	0	
60031	14	52	153	0	
60032	14	52	153	0	
60033	14	52	153	0	
60034	14	52	153	0	
60035	14	52	153	0	
60036	14	52	153	0	
60037	14	52	153	0	
60038	14	52	153	0	
60039	14	52	153	0	
60040	14	52	153	0	
60041	14	52	153	0	
60042	14	52	153	0	
60043	14	51	154	0	
60044	14	51	154	0	
60045	14	51	154	0	
60046	14	51	154	0	
60047	14	51	154	0	
60048	14	51	154	0	
60049	14	50	155	0	
60050	14	50	155	0	
60051	14	50	155	0	
60052	14	50	155	0	
60053	14	50	155	0	
60054	14	50	155	0	
60055	14	50	155	0	
60056	14	50	155	0	
60057	14	50	155	0	
60058	14	50	155	0	
60059	14	50	155	0	
60060	14	50	155	0	
60061	14	50	155	0	
60062	14	50	154	0	
60063	14	50	153	0	
60064	14	50	152	0	
60065	14	50	152	0	
60066	14	50	152	0	
60067	14	50	152	0	
60068	14	50	152	0	
60069	14	50	152	0	
60070	14	50	152	0	
60071	14	50	152	0	
60072	14	50	152	0	
60073	14	50	152	0	
60074	16	51	151	0	
60075	18	52	150	0	
60076	20	53	149	0	
60077	22	53	148	0	
60078	23	53	149	0	
60079	24	53	149	0	
60080	25	53	149	0	
60081	26	53	149	0	
60082	27	53	149	0	
60083	28	53	149	0	
60084	28	53	149	0	
60085	29	53	148	0	
60086	30	53	148	0	
60087	31	53	148	0	
60088	32	53	148	0	
60089	32	54	148	0	
60090	32	55	148	0	
60091	32	55	148	0	
60092	32	55	149	0	
60093	32	55	148	0	
60094	32	55	148	0	
60095	32	55	148	0	
60096	32	55	148	0	
60097	32	55	148	0	
60098	32	55	148	0	
60099	32	55	148	0	
60100	32	55	148	0	
60101	32	55	148	0	
60102	32	55	148	0	
60103	32	55	148	0	
60104	32	55	148	0	
60105	32	55	148	0	
60106	32	55	148	0	
60107	32	55	148	0	
60108	32	55	148	0	
60109	32	55	148	0	
60110	32	55	148	0	
60111	32	55	148	0	
60112	32	55	149	0	
60113	32	55	148	0	
60114	32	55	148	0	
60115	32	55	148	0	
60116	32	55	149	0	
60117	32	55	149	0	
60118	32	55	149	0	
60119	32	55	149	0	
60120	32	55	149	0	
60121	32	55	149	0	
60122	32	55	149	0	
60123	32	55	149	0	
60124	32	55	149	0	
60125	32	55	149	0	
60126	32	55	149	0	
60127	32	55	149	0	
60128	32	55	149	0	
60129	32	55	149	0	
60130	32	55	149	0	
60131	32	55	149	0	
60132	32	55	149	0	
60133	32	55	148	0	
60134	32	55	148	0	
60135	32	55	148	0	
60136	32	55	148	0	
60137	32	55	148	0	
60138	32	55	148	0	
60139	32	55	148	0	
60140	32	55	148	0	
60141	32	55	148	0	
60142	32	55	148	0	
60143	32	55	148	0	
60144	30	55	149	0	
60145	28	55	149	0	
60146	26	55	149	0	
60147	27	55	148	0	
60148	28	55	148	0	
60149	29	55	148	0	
60150	30	55	148	0	
60151	31	55	148	0	
60152	32	55	148	0	
60153	32	55	148	0	
60154	32	55	148	0	
60155	32	55	148	0	
60156	32	55	148	0	
60157	32	55	148	0	
60158	32	55	148	0	
60159	32	55	148	0	
60160	32	55	148	0	
60161	32	55	148	0	
60162	32	55	148	0	
60163	32	55	148	0	
60164	32	55	148	0	
60165	32	56	148	0	
60166	32	56	148	0	
60167	32	57	148	0	
60168	32	57	148	0	
60169	32	57	148	0	
60170	32	57	148	0	
60171	32	57	148	0	
60172	32	57	148	0	
60173	32	57	148	0	
60174	32	57	148	0	
60175	32	57	148	0	
60176	32	57	148	0	
60177	32	57	148	0	
60178	32	57	148	0	
60179	32	57	148	0	
60180	32	57	148	0	
60181	32	57	148	0	
60182	32	57	148	0	
60183	32	57	148	0	
60184	32	57	148	0	
60185	32	57	148	0	
60186	32	57	148	0	
60187	32	58	148	0	
60188	32	58	148	0	
60189	32	58	148	0	
60190	32	58	148	0	
60191	32	58	148	0	
60192	32	58	148	0	
60193	32	57	149	0	
60194	32	57	148	0	
60195	32	57	149	0	
60196	32	57	148	0	
60197	31	57	150	0	
60198	30	57	151	0	
60199	31	57	150	0	
60200	30	57	151	0	
60201	29	55	154	0	
60202	30	55	153	0	
60203	31	55	152	0	
60204	32	55	151	0	
60205	31	55	152	0	
60206	30	55	153	0	
60207	29	54	155	0	
60208	30	54	154	0	
60209	31	54	153	0	
60210	30	54	154	0	
60211	29	54	155	0	
60212	28	54	156	0	
60213	29	54	155	0	
60214	29	54	155	0	
60215	30	54	154	0	
60216	31	54	153	0	
60217	32	54	152	0	
60218	32	54	151	0	
60219	32	54	150	0	
60220	32	54	149	0	
60221	32	54	148	0	
60222	32	54	148	0	
60223	32	54	148	0	
60224	32	54	148	0	
60225	32	54	149	0	
60226	31	53	152	0	
60227	31	53	152	0	
60228	30	52	154	0	
60229	29	51	156	0	
60230	30	52	155	0	
60231	31	53	154	0	
60232	32	53	153	0	
60233	32	53	152	0	
60234	31	52	154	0	
60235	30	52	155	0	
60236	31	53	154	0	
60237	31	54	153	0	
60238	32	54	152	0	
60239	31	54	153	0	
60240	30	54	154	0	
60241	29	54	155	0	
60242	29	54	155	0	
60243	29	54	155	0	
60244	29	54	155	0	
60245	29	54	155	0	
60246	29	54	155	0	
60247	28	53	157	0	
60248	27	52	159	0	
60249	26	51	161	0	
60250	26	50	162	0	
60251	26	49	163	0	
60252	26	48	164	0	
60253	26	47	165	0	
60254	25	48	165	0	
60255	25	47	166	0	
60256	25	46	167	0	
60257	25	45	168	0	
60258	24	46	168	0	
60259	24	45	169	0	
60260	24	44	170	0	
60261	25	45	167	0	
60262	26	47	165	0	
60263	27	48	164	0	
60264	28	48	163	0	
60265	27	47	164	0	
60266	26	46	165	0	
60267	27	47	164	0	
60268	26	46	165	0	
60269	26	45	166	0	
60270	27	46	165	0	
60271	28	47	164	0	
60272	27	48	164	0	
60273	26	49	164	0	
60274	27	49	163	0	
60275	28	49	162	0	
60276	27	50	162	0	
60277	26	51	162	0	
60278	25	52	162	0	
60279	24	52	162	0	
60280	24	52	162	0	
60281	24	52	162	0	
60282	24	52	162	0	
60283	24	52	162	0	
60284	24	52	162	0	
60285	24	52	162	0	
60286	24	51	163	0	
60287	24	52	163	0	
60288	24	52	163	0	
60289	24	52	163	0	
60290	24	52	163	0	
60291	24	52	163	0	
60292	25	52	162	0	
60293	26	52	161	0	
60294	26	54	159	0	
60295	26	55	157	0	
60296	26	56	156	0	
60297	26	57	155	0	
60298	26	58	154	0	
60299	27	57	154	0	
60300	26	55	156	0	
60301	26	56	155	0	
60302	28	57	154	0	
60303	27	55	156	0	
60304	26	54	158	0	
60305	26	53	160	0	
60306	26	52	162	0	
60307	26	51	163	0	
60308	25	52	163	0	
60309	25	51	164	0	
60310	25	50	165	0	
60311	25	49	166	0	
60312	25	48	167	0	
60313	25	47	168	0	
60314	26	49	166	0	
60315	26	48	167	0	
60316	26	47	168	0	
60317	26	46	169	0	
60318	26	45	170	0	
60319	26	44	171	0	
60320	27	45	168	0	
60321	28	46	166	0	
60322	29	47	164	0	
60323	28	46	165	0	
60324	27	47	165	0	
60325	26	48	165	0	
60326	25	49	165	0	
60327	24	50	165	0	
60328	24	51	165	0	
60329	24	52	165	0	
60330	24	51	166	0	
60331	25	52	164	0	
60332	26	53	162	0	
60333	27	53	160	0	
60334	28	53	158	0	
60335	29	53	157	0	
60336	30	53	156	0	
60337	31	53	155	0	
60338	32	53	154	0	
60339	32	54	153	0	
60340	32	54	152	0	
60341	31	54	153	0	
60342	32	54	152	0	
60343	32	54	151	0	
60344	32	54	150	0	
60345	32	54	149	0	
60346	32	54	148	0	
60347	32	54	148	0	
60348	32	54	148	0	
60349	32	54	148	0	
60350	32	54	148	0	
60351	32	54	148	0	
60352	32	54	148	0	
60353	32	54	148	0	
60354	32	54	149	0	
60355	32	54	148	0	
60356	32	55	148	0	
60357	32	55	148	0	
60358	32	55	148	0	
60359	32	55	148	0	
60360	32	55	148	0	
60361	32	55	148	0	
60362	32	56	148	0	
60363	32	56	148	0	
60364	32	56	148	0	
60365	32	56	148	0	
60366	32	57	148	0	
60367	32	58	148	0	
60368	32	59	148	0	
60369	32	60	148	0	
60370	32	60	148	0	
60371	32	61	148	0	
60372	32	62	148	0	
60373	32	63	148	0	
60374	32	63	148	0	
60375	32	63	148	0	
60376	32	63	148	0	
60377	32	63	148	0	
60378	32	63	148	0	
60379	32	63	148	0	
60380	32	63	148	0	
60381	32	63	148	0	
60382	32	63	148	0	
60383	32	63	148	0	
60384	32	63	148	0	
60385	32	63	148	0	
60386	32	63	148	0	
60387	32	63	148	0	
60388	32	63	148	0	
60389	32	63	148	0	
60390	32	63	148	0	
60391	32	63	148	0	
60392	32	63	148	0	
60393	32	63	148	0	
60394	32	63	148	0	
60395	32	63	148	0	
60396	32	63	148	0	
60397	32	63	148	0	
60398	32	63	148	0	
60399	32	63	148	0	
60400	32	63	148	0	
60401	32	62	148	0	
60402	32	62	148	0	
60403	32	62	148	0	
60404	32	62	148	0	
60405	32	63	148	0	
60406	32	63	148	0	
60407	32	63	148	0	
60408	32	62	148	0	
60409	32	62	148	0	
60410	32	62	148	0	
60411	32	62	148	0	
60412	32	62	148	0	
60413	32	62	148	0	
60414	32	62	148	0	
60415	32	62	148	0	
60416	32	62	148	0	
60417	32	62	148	0	
60418	32	62	148	0	
60419	32	62	148	0	
60420	32	62	148	0	
60421	32	62	148	0	
60422	32	62	148	0	
60423	32	62	148	0	
60424	32	62	148	0	
60425	32	62	148	0	
60426	32	62	148	0	
60427	32	62	148	0	
60428	32	62	148	0	
60429	32	62	148	0	
60430	32	62	148	0	
60431	32	62	148	0	
60432	32	62	148	0	
60433	32	62	148	0	
60434	32	63	148	0	
60435	32	63	148	0	
60436	32	63	148	0	
60437	32	63	148	0	
60438	32	63	148	0	
60439	32	63	148	0	
60440	32	62	148	0	
60441	32	63	148	0	
60442	32	63	148	0	
60443	32	63	148	0	
60444	32	63	148	0	
60445	32	62	148	0	
60446	32	63	148	0	
60447	32	63	148	0	
60448	32	63	148	0	
60449	32	63	148	0	
60450	32	63	148	0	
60451	32	63	148	0	
60452	32	63	148	0	
60453	32	63	148	0	
60454	32	63	148	0	
60455	32	63	148	0	
60456	32	63	148	0	
60457	32	63	148	0	
60458	32	63	148	0	
60459	32	63	148	0	
60460	32	63	148	0	
60461	32	62	148	0	
60462	31	61	150	0	
60463	31	62	149	0	
60464	30	61	150	0	
60465	31	61	149	0	
60466	31	62	148	0	
60467	30	61	150	0	
60468	29	60	151	0	
60469	30	60	150	0	
60470	31	60	149	0	
60471	32	60	148	0	
60472	31	60	150	0	
60473	31	59	150	0	
60474	32	59	150	0	
60475	33	59	150	0	
60476	34	59	150	0	
60477	34	60	150	0	
60478	35	60	150	0	
60479	36	60	150	0	
60480	37	60	150	0	
60481	38	60	150	0	
60482	38	60	150	0	
60483	38	60	150	0	
60484	37	61	150	0	
60485	37	62	150	0	
60486	37	63	150	0	
60487	37	64	150	0	
60488	38	64	150	0	
60489	37	65	150	0	
60490	37	66	150	0	
60491	37	67	150	0	
60492	38	66	150	0	
60493	38	66	150	0	
60494	38	66	150	0	
60495	38	66	150	0	
60496	38	66	150	0	
60497	38	66	150	0	
60498	37	67	150	0	
60499	38	66	150	0	
60500	38	66	150	0	
60501	38	66	150	0	
60502	38	66	150	0	
60503	38	66	150	0	
60504	37	67	150	0	
60505	38	66	150	0	
60506	38	66	150	0	
60507	37	67	150	0	
60508	38	66	150	0	
60509	38	66	150	0	
60510	37	67	150	0	
60511	38	66	150	0	
60512	38	66	150	0	
60513	37	67	150	0	
60514	37	68	150	0	
60515	37	68	150	0	
60516	38	67	150	0	
60517	38	66	150	0	
60518	38	66	150	0	
60519	38	66	150	0	
60520	38	66	150	0	
60521	38	66	150	0	
60522	38	66	150	0	
60523	38	66	150	0	
60524	38	66	150	0	
60525	38	66	150	0	
60526	38	66	150	0	
60527	38	66	150	0	
60528	38	66	150	0	
60529	37	67	150	0	
60530	38	66	150	0	
60531	37	67	150	0	
60532	37	68	150	0	
60533	37	68	150	0	
60534	37	68	150	0	
60535	37	68	150	0	
60536	37	68	150	0	
60537	37	68	150	0	
60538	37	68	150	0	
60539	37	68	150	0	
60540	37	68	150	0	
60541	37	68	150	0	
60542	37	68	150	0	
60543	37	68	150	0	
60544	37	68	150	0	
60545	38	67	150	0	
60546	38	66	150	0	
60547	37	67	150	0	
60548	37	68	150	0	
60549	38	67	150	0	
60550	38	66	150	0	
60551	38	66	150	0	
60552	38	66	150	0	
60553	38	66	150	0	
60554	38	66	150	0	
60555	38	66	150	0	
60556	38	66	150	0	
60557	38	66	150	0	
60558	38	66	150	0	
60559	38	66	150	0	
60560	37	67	150	0	
60561	37	68	150	0	
60562	38	67	150	0	
60563	38	66	150	0	
60564	38	66	150	0	
60565	38	66	150	0	
60566	37	67	150	0	
60567	38	66	150	0	
60568	38	66	150	0	
60569	37	67	150	0	
60570	37	68	150	0	
60571	37	68	150	0	
60572	38	67	150	0	
60573	38	66	150	0	
60574	38	66	150	0	
60575	38	66	150	0	
60576	38	66	150	0	
60577	38	66	150	0	
60578	38	66	150	0	
60579	38	66	150	0	
60580	38	66	150	0	
60581	38	66	150	0	
60582	38	66	150	0	
60583	38	66	150	0	
60584	38	66	150	0	
60585	38	66	150	0	
60586	38	66	150	0	
60587	38	66	150	0	
60588	38	66	150	0	
60589	38	66	150	0	
60590	38	66	150	0	
60591	38	66	150	0	
60592	38	66	150	0	
60593	38	66	150	0	
60594	38	66	150	0	
60595	38	66	150	0	
60596	38	66	150	0	
60597	38	66	150	0	
60598	37	67	150	0	
60599	37	68	150	0	
60600	37	68	150	0	
60601	37	68	150	0	
60602	38	67	150	0	
60603	37	68	150	0	
60604	37	68	150	0	
60605	37	68	150	0	
60606	37	68	150	0	
60607	37	68	150	0	
60608	37	68	150	0	
60609	37	68	150	0	
60610	37	68	150	0	
60611	37	68	150	0	
60612	37	68	150	0	
60613	38	67	150	0	
60614	37	68	150	0	
60615	37	68	150	0	
60616	37	68	150	0	
60617	37	68	150	0	
60618	37	68	150	0	
60619	37	68	150	0	
60620	37	68	150	0	
60621	37	68	150	0	
60622	37	68	150	0	
60623	37	68	150	0	
60624	37	68	150	0	
60625	37	68	150	0	
60626	37	68	150	0	
60627	37	68	150	0	
60628	37	68	150	0	
60629	37	68	150	0	
60630	37	68	150	0	
60631	37	68	150	0	
60632	37	68	150	0	
60633	37	68	150	0	
60634	38	67	150	0	
60635	38	66	150	0	
60636	38	66	150	0	
60637	37	67	150	0	
60638	37	68	150	0	
60639	37	68	150	0	
60640	37	68	150	0	
60641	37	68	150	0	
60642	38	67	150	0	
60643	38	66	150	0	
60644	38	66	150	0	
60645	38	66	150	0	
60646	38	66	150	0	
60647	38	66	150	0	
60648	38	66	150	0	
60649	38	66	150	0	
60650	38	66	150	0	
60651	38	66	150	0	
60652	38	66	150	0	
60653	38	66	150	0	
60654	38	66	150	0	
60655	37	66	149	0	
60656	36	66	148	0	
60657	35	66	148	0	
60658	34	66	148	0	
60659	34	66	148	0	
60660	32	65	150	0	
60661	31	64	151	0	
60662	30	63	152	0	
60663	29	62	153	0	
60664	29	63	152	0	
60665	30	62	151	0	
60666	30	63	150	0	
60667	30	63	149	0	
60668	30	63	148	0	
60669	30	63	148	0	
60670	30	63	148	0	
60671	30	63	148	0	
60672	30	63	148	0	
60673	30	63	148	0	
60674	30	63	148	0	
60675	30	63	148	0	
60676	30	63	148	0	
60677	31	62	148	0	
60678	32	62	148	0	
60679	32	62	148	0	
60680	32	62	148	0	
60681	32	62	148	0	
60682	32	62	148	0	
60683	32	62	148	0	
60684	32	62	148	0	
60685	32	62	148	0	
60686	32	62	148	0	
60687	32	62	148	0	
60688	32	63	148	0	
60689	32	63	148	0	
60690	32	63	148	0	
60691	32	63	148	0	
60692	32	63	148	0	
60693	32	62	148	0	
60694	32	63	148	0	
60695	32	63	148	0	
60696	32	63	148	0	
60697	32	63	148	0	
60698	32	63	148	0	
60699	32	63	148	0	
60700	32	63	148	0	
60701	32	63	148	0	
60702	32	63	148	0	
60703	32	63	148	0	
60704	32	63	148	0	
60705	32	63	148	0	
60706	32	63	148	0	
60707	32	63	148	0	
60708	32	63	148	0	
60709	32	63	148	0	
60710	32	63	148	0	
60711	32	63	148	0	
60712	32	63	148	0	
60713	32	63	148	0	
60714	32	63	148	0	
60715	32	63	148	0	
60716	32	63	148	0	
60717	32	63	148	0	
60718	32	62	148	0	
60719	32	62	148	0	
60720	32	62	148	0	
60721	32	62	148	0	
60722	32	62	148	0	
60723	32	63	148	0	
60724	32	63	148	0	
60725	32	63	148	0	
60726	32	63	148	0	
60727	32	62	148	0	
60728	32	63	148	0	
60729	32	63	148	0	
60730	32	63	148	0	
60731	32	63	148	0	
60732	32	63	148	0	
60733	32	63	148	0	
60734	32	63	148	0	
60735	32	63	148	0	
60736	32	63	148	0	
60737	32	63	148	0	
60738	32	63	148	0	
60739	32	63	148	0	
60740	32	63	148	0	
60741	32	63	148	0	
60742	32	63	148	0	
60743	32	63	148	0	
60744	32	62	148	0	
60745	32	62	148	0	
60746	32	63	148	0	
60747	32	62	148	0	
60748	32	63	148	0	
60749	32	62	148	0	
60750	32	62	148	0	
60751	32	63	148	0	
60752	32	63	148	0	
60753	32	62	148	0	
60754	32	62	148	0	
60755	32	62	148	0	
60756	32	61	149	0	
60757	32	60	149	0	
60758	32	59	149	0	
60759	32	59	148	0	
60760	32	58	149	0	
60761	32	58	148	0	
60762	30	57	149	0	
60763	28	57	149	0	
60764	28	57	149	0	
60765	26	57	149	0	
60766	25	57	149	0	
60767	24	57	149	0	
60768	23	57	149	0	
60769	22	57	149	0	
60770	22	57	148	0	
60771	22	57	148	0	
60772	21	57	149	0	
60773	20	57	149	0	
60774	19	57	149	0	
60775	19	57	148	0	
60776	18	57	149	0	
60777	17	57	149	0	
60778	17	57	148	0	
60779	16	57	149	0	
60780	16	57	149	0	
60781	16	57	149	0	
60782	16	57	149	0	
60783	16	57	149	0	
60784	15	56	148	0	
60785	14	55	147	0	
60786	13	55	146	0	
60787	12	55	145	0	
60788	11	54	145	0	
60789	10	54	144	0	
60790	9	53	144	0	
60791	9	52	143	0	
60792	9	51	143	0	
60793	9	50	143	0	
60794	9	49	143	0	
60795	9	48	142	0	
60796	9	47	142	0	
60797	9	46	142	0	
60798	9	45	142	0	
60799	9	45	141	0	
60800	9	44	141	0	
60801	9	43	140	0	
60802	9	43	139	0	
60803	10	43	138	0	
60804	11	43	137	0	
60805	12	43	136	0	
60806	13	44	134	0	
60807	14	45	132	0	
60808	15	46	130	0	
60809	16	46	129	0	
60810	16	47	131	0	
60811	16	48	133	0	
60812	16	48	135	0	
60813	16	48	137	0	
60814	16	48	139	0	
60815	16	48	140	0	
60816	16	48	141	0	
60817	16	48	142	0	
60818	16	48	143	0	
60819	16	49	145	0	
60820	16	50	147	0	
60821	16	51	149	0	
60822	16	52	150	0	
60823	16	52	151	0	
60824	16	52	152	0	
60825	16	52	153	0	
60826	16	52	154	0	
60827	18	53	153	0	
60828	18	53	154	0	
60829	20	53	153	0	
60830	22	53	152	0	
60831	24	53	151	0	
60832	25	53	150	0	
60833	26	53	149	0	
60834	27	55	149	0	
60835	26	55	150	0	
60836	27	55	149	0	
60837	28	55	148	0	
60838	28	57	149	0	
60839	29	57	148	0	
60840	30	57	148	0	
60841	31	57	148	0	
60842	31	59	149	0	
60843	31	60	149	0	
60844	31	61	149	0	
60845	32	61	148	0	
60846	32	62	149	0	
60847	32	63	149	0	
60848	32	62	148	0	
60849	32	62	148	0	
60850	32	62	148	0	
60851	32	62	148	0	
60852	32	62	148	0	
60853	32	62	148	0	
60854	32	62	148	0	
60855	32	62	148	0	
60856	32	62	148	0	
60857	32	62	148	0	
60858	32	62	148	0	
60859	32	62	148	0	
60860	32	62	148	0	
60861	32	62	148	0	
60862	32	62	148	0	
60863	32	62	148	0	
60864	32	62	148	0	
60865	32	62	148	0	
60866	32	62	148	0	
60867	32	62	148	0	
60868	32	62	148	0	
60869	32	62	148	0	
60870	32	62	148	0	
60871	32	62	148	0	
60872	32	62	148	0	
60873	32	62	148	0	
60874	32	62	148	0	
60875	32	63	148	0	
60876	32	62	148	0	
60877	32	62	148	0	
60878	32	62	148	0	
60879	32	62	148	0	
60880	32	62	148	0	
60881	32	62	148	0	
60882	32	62	148	0	
60883	32	62	148	0	
60884	32	62	148	0	
60885	32	62	148	0	
60886	32	62	148	0	
60887	32	62	148	0	
60888	32	62	148	0	
60889	32	62	148	0	
60890	32	62	148	0	
60891	32	62	148	0	
60892	32	62	148	0	
60893	32	62	148	0	
60894	32	62	148	0	
60895	32	62	148	0	
60896	32	62	148	0	
60897	32	62	148	0	
60898	32	62	148	0	
60899	32	62	148	0	
60900	32	62	148	0	
60901	32	62	148	0	
60902	32	62	148	0	
60903	31	61	150	0	
60904	30	60	151	0	
60905	29	60	152	0	
60906	29	61	151	0	
60907	30	61	150	0	
60908	29	60	151	0	
60909	28	60	152	0	
60910	27	60	153	0	
60911	26	60	154	0	
60912	25	60	155	0	
60913	24	60	156	0	
60914	25	60	155	0	
60915	26	60	154	0	
60916	27	60	153	0	
60917	28	60	152	0	
60918	29	60	151	0	
60919	30	60	150	0	
60920	31	60	149	0	
60921	32	60	148	0	
60922	32	60	148	0	
60923	32	60	148	0	
60924	32	60	148	0	
60925	32	60	148	0	
60926	32	60	148	0	
60927	32	60	148	0	
60928	32	60	148	0	
60929	32	60	148	0	
60930	32	60	148	0	
60931	32	60	148	0	
60932	32	60	148	0	
60933	32	60	148	0	
60934	32	60	148	0	
60935	32	60	148	0	
60936	32	60	148	0	
60937	32	60	148	0	
60938	32	60	148	0	
60939	31	60	150	0	
60940	32	60	149	0	
60941	31	60	150	0	
60942	32	60	149	0	
60943	31	60	150	0	
60944	32	60	149	0	
60945	32	60	148	0	
60946	31	60	150	0	
60947	32	60	149	0	
60948	32	60	148	0	
60949	31	60	150	0	
60950	32	60	149	0	
60951	32	60	148	0	
60952	31	60	150	0	
60953	30	60	151	0	
60954	29	60	152	0	
60955	28	60	153	0	
60956	29	60	152	0	
60957	30	60	151	0	
60958	31	60	150	0	
60959	32	60	149	0	
60960	32	60	148	0	
60961	32	60	148	0	
60962	32	61	149	0	
60963	32	61	148	0	
60964	32	61	148	0	
60965	32	61	148	0	
60966	32	62	149	0	
60967	32	63	149	0	
60968	32	64	149	0	
60969	32	65	149	0	
60970	32	64	148	0	
60971	32	65	149	0	
60972	32	66	149	0	
60973	32	67	149	0	
60974	32	68	149	0	
60975	32	68	149	0	
60976	32	67	148	0	
60977	32	66	148	0	
60978	32	65	148	0	
60979	32	64	148	0	
60980	32	63	148	0	
60981	32	62	149	0	
60982	32	62	148	0	
60983	32	62	148	0	
60984	32	61	149	0	
60985	32	60	149	0	
60986	32	59	149	0	
60987	31	59	150	0	
60988	30	59	151	0	
60989	29	59	152	0	
60990	28	59	153	0	
60991	27	59	154	0	
60992	26	59	155	0	
60993	25	59	156	0	
60994	24	59	157	0	
60995	24	59	158	0	
60996	25	59	157	0	
60997	26	59	156	0	
60998	26	58	155	0	
60999	26	57	156	0	
61000	26	56	157	0	
61001	26	55	158	0	
61002	26	54	157	0	
61003	26	53	156	0	
61004	26	52	155	0	
61005	25	52	156	0	
61006	26	52	156	0	
61007	27	52	156	0	
61008	28	52	156	0	
61009	28	52	156	0	
61010	28	52	156	0	
61011	28	52	156	0	
61012	28	52	156	0	
61013	28	52	156	0	
61014	28	52	156	0	
61015	28	52	156	0	
61016	28	52	156	0	
61017	28	52	156	0	
61018	28	52	156	0	
61019	28	52	156	0	
61020	28	52	156	0	
61021	28	52	156	0	
61022	28	52	156	0	
61023	28	52	156	0	
61024	29	53	155	0	
61025	30	53	154	0	
61026	31	53	153	0	
61027	32	53	152	0	
61028	32	53	151	0	
61029	32	53	150	0	
61030	32	53	149	0	
61031	31	53	150	0	
61032	32	53	149	0	
61033	31	53	150	0	
61034	30	53	151	0	
61035	29	53	152	0	
61036	30	53	151	0	
61037	31	53	150	0	
61038	32	53	149	0	
61039	32	53	148	0	
61040	32	53	148	0	
61041	32	53	148	0	
61042	32	53	148	0	
61043	31	53	150	0	
61044	32	53	149	0	
61045	31	53	150	0	
61046	32	53	149	0	
61047	32	53	148	0	
61048	31	53	150	0	
61049	30	53	151	0	
61050	29	53	152	0	
61051	28	53	153	0	
61052	27	53	154	0	
61053	28	53	153	0	
61054	27	53	154	0	
61055	26	53	155	0	
61056	27	53	154	0	
61057	28	53	153	0	
61058	29	53	152	0	
61059	30	53	151	0	
61060	31	53	150	0	
61061	32	53	149	0	
61062	32	53	148	0	
61063	32	53	148	0	
61064	32	53	148	0	
61065	32	53	148	0	
61066	32	53	148	0	
61067	32	53	148	0	
61068	32	53	148	0	
61069	32	53	148	0	
61070	32	53	148	0	
61071	32	53	148	0	
61072	32	53	148	0	
61073	32	53	148	0	
61074	32	53	148	0	
61075	32	53	148	0	
61076	32	53	148	0	
61077	31	53	150	0	
61078	32	53	149	0	
61079	31	53	150	0	
61080	32	53	149	0	
61081	32	53	148	0	
61082	32	53	148	0	
61083	32	53	148	0	
61084	32	53	148	0	
61085	32	53	148	0	
61086	31	53	150	0	
61087	30	53	151	0	
61088	29	53	152	0	
61089	28	53	153	0	
61090	27	53	154	0	
61091	26	53	155	0	
61092	25	53	156	0	
61093	26	53	155	0	
61094	25	53	156	0	
61095	24	53	157	0	
61096	25	53	156	0	
61097	26	53	155	0	
61098	27	53	154	0	
61099	28	53	153	0	
61100	29	53	152	0	
61101	30	53	151	0	
61102	29	53	152	0	
61103	28	53	153	0	
61104	27	53	154	0	
61105	26	53	155	0	
61106	25	53	156	0	
61107	24	53	157	0	
61108	24	53	158	0	
61109	24	53	159	0	
61110	24	53	160	0	
61111	24	53	160	0	
61112	24	53	160	0	
61113	24	53	160	0	
61114	24	53	160	0	
61115	25	53	158	0	
61116	26	53	157	0	
61117	27	53	156	0	
61118	26	53	157	0	
61119	27	53	156	0	
61120	28	53	155	0	
61121	29	53	154	0	
61122	30	53	153	0	
61123	31	53	152	0	
61124	32	53	151	0	
61125	32	53	150	0	
61126	32	53	149	0	
61127	32	53	148	0	
61128	32	53	148	0	
61129	32	53	148	0	
61130	32	53	148	0	
61131	32	53	148	0	
61132	32	53	148	0	
61133	32	53	148	0	
61134	32	53	148	0	
61135	32	53	148	0	
61136	32	53	148	0	
61137	32	53	148	0	
61138	32	53	148	0	
61139	32	53	148	0	
61140	32	53	148	0	
61141	32	53	148	0	
61142	32	53	148	0	
61143	32	53	148	0	
61144	32	53	148	0	
61145	32	53	148	0	
61146	32	53	148	0	
61147	32	53	148	0	
61148	32	53	148	0	
61149	32	53	148	0	
61150	32	53	148	0	
61151	32	53	148	0	
61152	32	53	148	0	
61153	32	53	148	0	
61154	32	53	148	0	
61155	32	53	148	0	
61156	32	53	148	0	
61157	32	53	148	0	
61158	32	53	148	0	
61159	32	53	148	0	
61160	32	53	148	0	
61161	32	53	148	0	
61162	32	53	148	0	
61163	32	53	148	0	
61164	32	53	148	0	
61165	32	53	148	0	
61166	32	53	148	0	
61167	32	53	148	0	
61168	32	53	148	0	
61169	32	53	148	0	
61170	32	53	148	0	
61171	32	53	148	0	
61172	32	53	148	0	
61173	32	53	148	0	
61174	32	53	148	0	
61175	32	53	148	0	
61176	32	53	148	0	
61177	32	53	148	0	
61178	32	53	148	0	
61179	32	53	148	0	
61180	32	53	148	0	
61181	32	53	148	0	
61182	32	53	148	0	
61183	31	53	150	0	
61184	32	53	149	0	
61185	32	53	148	0	
61186	31	53	150	0	
61187	30	53	151	0	
61188	29	53	152	0	
61189	28	53	153	0	
61190	27	53	154	0	
61191	26	53	155	0	
61192	25	53	156	0	
61193	24	53	157	0	
61194	24	53	158	0	
61195	24	53	159	0	
61196	24	53	160	0	
61197	24	53	160	0	
61198	24	53	160	0	
61199	24	53	160	0	
61200	24	53	160	0	
61201	24	53	160	0	
61202	24	53	160	0	
61203	24	53	160	0	
61204	24	53	160	0	
61205	25	53	158	0	
61206	26	53	157	0	
61207	27	53	156	0	
61208	28	53	155	0	
61209	29	53	154	0	
61210	28	53	155	0	
61211	29	53	154	0	
61212	28	53	155	0	
61213	29	53	154	0	
61214	30	53	153	0	
61215	31	53	152	0	
61216	32	53	151	0	
61217	32	53	150	0	
61218	32	53	149	0	
61219	31	53	150	0	
61220	30	53	151	0	
61221	31	53	150	0	
61222	32	53	149	0	
61223	32	53	148	0	
61224	32	53	148	0	
61225	32	53	148	0	
61226	32	53	148	0	
61227	32	53	148	0	
61228	32	53	148	0	
61229	32	53	148	0	
61230	32	53	148	0	
61231	32	53	148	0	
61232	30	53	149	0	
61233	29	53	150	0	
61234	27	53	150	0	
61235	26	53	150	0	
61236	25	53	150	0	
61237	24	55	150	0	
61238	23	57	150	0	
61239	23	57	151	0	
61240	23	57	152	0	
61241	22	57	152	0	
61242	21	57	152	0	
61243	20	57	152	0	
61244	19	57	152	0	
61245	19	57	153	0	
61246	18	57	153	0	
61247	17	57	153	0	
61248	16	57	153	0	
61249	16	57	153	0	
61250	16	57	153	0	
61251	16	57	153	0	
61252	16	57	153	0	
61253	16	57	153	0	
61254	16	57	153	0	
61255	16	57	153	0	
61256	16	57	153	0	
61257	16	57	153	0	
61258	17	56	154	0	
61259	18	55	155	0	
61260	19	54	156	0	
61261	21	54	155	0	
61262	23	54	154	0	
61263	24	54	153	0	
61264	25	54	152	0	
61265	26	54	151	0	
61266	25	54	152	0	
61267	26	54	151	0	
61268	27	54	150	0	
61269	28	54	149	0	
61270	29	54	148	0	
61271	30	54	148	0	
61272	29	54	150	0	
61273	30	54	149	0	
61274	31	54	148	0	
61275	32	54	148	0	
61276	32	54	148	0	
61277	30	54	149	0	
61278	28	54	149	0	
61279	26	54	149	0	
61280	27	54	148	0	
61281	26	54	149	0	
61282	25	54	149	0	
61283	24	54	149	0	
61284	23	54	149	0	
61285	22	54	149	0	
61286	21	54	149	0	
61287	20	54	149	0	
61288	19	54	149	0	
61289	18	54	149	0	
61290	17	54	149	0	
61291	16	54	149	0	
61292	16	54	149	0	
61293	16	54	149	0	
61294	16	54	149	0	
61295	16	54	149	0	
61296	16	54	149	0	
61297	16	54	149	0	
61298	16	54	149	0	
61299	16	54	149	0	
61300	16	54	149	0	
61301	16	54	149	0	
61302	16	54	149	0	
61303	16	54	149	0	
61304	18	54	148	0	
61305	20	54	148	0	
61306	19	54	149	0	
61307	18	54	149	0	
61308	20	54	148	0	
61309	22	54	148	0	
61310	24	54	148	0	
61311	25	54	148	0	
61312	26	54	148	0	
61313	25	54	149	0	
61314	26	54	148	0	
61315	27	54	148	0	
61316	28	54	148	0	
61317	29	54	148	0	
61318	30	54	148	0	
61319	29	53	151	0	
61320	28	53	152	0	
61321	26	53	152	0	
61322	25	53	152	0	
61323	26	53	151	0	
61324	27	53	150	0	
61325	28	53	149	0	
61326	27	52	152	0	
61327	26	51	154	0	
61328	27	52	153	0	
61329	26	51	155	0	
61330	26	50	157	0	
61331	26	49	159	0	
61332	27	50	157	0	
61333	28	51	156	0	
61334	27	50	158	0	
61335	26	49	160	0	
61336	26	48	162	0	
61337	26	47	163	0	
61338	26	46	164	0	
61339	26	45	165	0	
61340	26	44	166	0	
61341	27	45	164	0	
61342	26	44	165	0	
61343	27	45	163	0	
61344	26	44	164	0	
61345	26	44	165	0	
61346	26	44	166	0	
61347	26	44	167	0	
61348	26	44	168	0	
61349	27	45	167	0	
61350	28	46	166	0	
61351	27	45	167	0	
61352	26	44	168	0	
61353	27	45	167	0	
61354	28	46	166	0	
61355	28	47	165	0	
61356	28	48	164	0	
61357	28	48	163	0	
61358	28	48	162	0	
61359	28	48	161	0	
61360	29	49	159	0	
61361	30	50	157	0	
61362	31	51	156	0	
61363	32	52	155	0	
61364	32	53	154	0	
61365	31	52	156	0	
61366	30	51	158	0	
61367	29	50	160	0	
61368	28	49	162	0	
61369	27	48	163	0	
61370	26	49	161	0	
61371	25	49	160	0	
61372	25	49	160	0	
61373	24	49	159	0	
61374	23	49	158	0	
61375	23	49	159	0	
61376	22	50	157	0	
61377	22	51	156	0	
61378	22	52	155	0	
61379	21	52	155	0	
61380	21	53	154	0	
61381	21	53	153	0	
61382	21	53	152	0	
61383	21	53	151	0	
61384	21	53	150	0	
61385	21	53	149	0	
61386	20	53	149	0	
61387	19	53	149	0	
61388	19	53	148	0	
61389	19	53	148	0	
61390	19	53	148	0	
61391	19	53	148	0	
61392	19	53	148	0	
61393	19	53	148	0	
61394	19	53	148	0	
61395	19	53	148	0	
61396	19	53	148	0	
61397	19	53	148	0	
61398	19	53	148	0	
61399	19	53	148	0	
61400	19	53	148	0	
61401	19	53	148	0	
61402	19	53	148	0	
61403	19	53	148	0	
61404	19	53	148	0	
61405	19	53	148	0	
61406	19	53	148	0	
61407	19	53	148	0	
61408	19	53	148	0	
61409	19	53	148	0	
61410	19	53	148	0	
61411	18	53	149	0	
61412	18	53	148	0	
61413	17	53	149	0	
61414	16	53	149	0	
61415	16	53	149	0	
61416	16	53	149	0	
61417	16	53	149	0	
61418	16	53	149	0	
61419	16	53	149	0	
61420	16	53	149	0	
61421	16	53	149	0	
61422	16	53	149	0	
61423	16	53	149	0	
61424	16	53	149	0	
61425	16	53	149	0	
61426	16	53	149	0	
61427	16	53	149	0	
61428	16	53	149	0	
61429	16	53	149	0	
61430	16	53	149	0	
61431	16	53	148	0	
61432	16	53	148	0	
61433	16	53	148	0	
61434	16	53	148	0	
61435	16	53	148	0	
61436	16	53	149	0	
61437	16	53	149	0	
61438	16	53	149	0	
61439	16	53	149	0	
61440	16	53	149	0	
61441	16	53	149	0	
61442	16	53	149	0	
61443	16	53	149	0	
61444	16	53	149	0	
61445	16	53	149	0	
61446	16	53	149	0	
61447	16	53	149	0	
61448	16	53	149	0	
61449	16	53	149	0	
61450	16	53	149	0	
61451	16	53	149	0	
61452	16	53	149	0	
61453	16	53	148	0	
61454	16	53	148	0	
61455	16	53	149	0	
61456	16	53	149	0	
61457	16	53	148	0	
61458	16	53	148	0	
61459	16	53	149	0	
61460	16	53	149	0	
61461	16	53	149	0	
61462	16	53	149	0	
61463	16	53	148	0	
61464	16	53	148	0	
61465	16	53	148	0	
61466	16	53	148	0	
61467	16	53	148	0	
61468	16	53	148	0	
61469	16	53	148	0	
61470	16	53	148	0	
61471	16	53	148	0	
61472	16	53	149	0	
61473	16	53	149	0	
61474	16	53	149	0	
61475	16	53	149	0	
61476	16	53	149	0	
61477	16	53	148	0	
61478	16	53	148	0	
61479	16	53	149	0	
61480	16	53	149	0	
61481	16	53	149	0	
61482	16	53	149	0	
61483	16	53	149	0	
61484	16	53	149	0	
61485	16	53	149	0	
61486	16	53	149	0	
61487	16	53	149	0	
61488	16	53	149	0	
61489	16	53	149	0	
61490	16	53	149	0	
61491	16	53	149	0	
61492	16	53	149	0	
61493	16	53	149	0	
61494	16	53	149	0	
61495	16	53	149	0	
61496	16	53	149	0	
61497	16	53	149	0	
61498	16	53	149	0	
61499	16	53	149	0	
61500	16	53	149	0	
61501	16	53	149	0	
61502	16	53	149	0	
61503	16	53	149	0	
61504	16	53	149	0	
61505	16	53	149	0	
61506	16	53	149	0	
61507	16	53	149	0	
61508	16	53	149	0	
61509	16	53	149	0	
61510	16	53	149	0	
61511	16	53	149	0	
61512	16	53	149	0	
61513	16	53	149	0	
61514	16	53	149	0	
61515	16	53	149	0	
61516	16	53	149	0	
61517	16	53	149	0	
61518	16	53	149	0	
61519	16	53	149	0	
61520	16	53	149	0	
61521	16	53	149	0	
61522	16	53	149	0	
61523	16	53	149	0	
61524	16	53	149	0	
61525	16	53	149	0	
61526	16	53	149	0	
61527	16	53	149	0	
61528	16	53	149	0	
61529	16	53	149	0	
61530	16	53	149	0	
61531	16	53	149	0	
61532	16	53	149	0	
61533	16	53	149	0	
61534	16	53	149	0	
61535	16	53	149	0	
61536	16	53	149	0	
61537	16	53	149	0	
61538	16	53	149	0	
61539	16	53	149	0	
61540	16	53	149	0	
61541	16	53	149	0	
61542	16	53	149	0	
61543	16	53	149	0	
61544	16	53	149	0	
61545	16	53	149	0	
61546	16	53	149	0	
61547	16	53	149	0	
61548	16	53	149	0	
61549	16	53	149	0	
61550	16	53	149	0	
61551	16	53	149	0	
61552	16	53	149	0	
61553	16	53	149	0	
61554	16	53	149	0	
61555	16	53	149	0	
61556	16	53	149	0	
61557	16	53	149	0	
61558	16	53	149	0	
61559	16	53	149	0	
61560	16	53	149	0	
61561	16	53	149	0	
61562	16	53	149	0	
61563	16	53	149	0	
61564	16	53	149	0	
61565	16	53	149	0	
61566	16	53	149	0	
61567	16	53	149	0	
61568	16	53	149	0	
61569	16	53	149	0	
61570	16	53	149	0	
61571	16	53	149	0	
61572	16	55	149	0	
61573	16	57	149	0	
61574	18	57	148	0	
61575	20	57	148	0	
61576	22	57	148	0	
61577	24	57	148	0	
61578	25	57	148	0	
61579	26	57	148	0	
61580	27	57	148	0	
61581	28	57	148	0	
61582	29	57	148	0	
61583	30	57	148	0	
61584	30	59	149	0	
61585	31	59	148	0	
61586	31	60	149	0	
61587	32	60	148	0	
61588	32	61	149	0	
61589	32	62	149	0	
61590	32	63	149	0	
61591	33	63	149	0	
61592	33	62	148	0	
61593	33	62	148	0	
61594	33	62	148	0	
61595	33	62	148	0	
61596	33	63	149	0	
61597	33	64	149	0	
61598	33	65	149	0	
61599	34	65	149	0	
61600	35	65	149	0	
61601	36	65	149	0	
61602	37	65	149	0	
61603	37	66	149	0	
61604	37	67	149	0	
61605	37	68	149	0	
61606	37	68	149	0	
61607	37	67	148	0	
61608	37	66	148	0	
61609	37	65	148	0	
61610	37	64	148	0	
61611	37	63	148	0	
61612	35	62	150	0	
61613	33	61	151	0	
61614	32	60	152	0	
61615	30	59	152	0	
61616	28	58	152	0	
61617	26	57	152	0	
61618	25	57	153	0	
61619	24	57	153	0	
61620	23	57	153	0	
61621	22	57	153	0	
61622	21	57	153	0	
61623	20	57	153	0	
61624	19	57	153	0	
61625	18	57	153	0	
61626	18	57	154	0	
61627	18	57	155	0	
61628	18	57	156	0	
61629	17	57	156	0	
61630	16	57	156	0	
61631	16	57	156	0	
61632	16	57	157	0	
61633	16	57	158	0	
61634	16	57	159	0	
61635	16	57	160	0	
61636	16	57	159	0	
61637	16	57	158	0	
61638	16	57	158	0	
61639	16	57	158	0	
61640	16	57	158	0	
61641	16	57	158	0	
61642	16	57	158	0	
61643	16	57	158	0	
61644	16	57	158	0	
61645	16	57	158	0	
61646	16	57	158	0	
61647	16	57	158	0	
61648	16	57	158	0	
61649	16	57	158	0	
61650	16	57	159	0	
61651	16	57	160	0	
61652	16	57	160	0	
61653	16	57	159	0	
61654	16	57	158	0	
61655	16	57	158	0	
61656	16	57	158	0	
61657	16	57	159	0	
61658	16	57	160	0	
61659	16	57	160	0	
61660	16	57	160	0	
61661	16	57	160	0	
61662	16	57	160	0	
61663	16	57	159	0	
61664	16	57	160	0	
61665	16	57	159	0	
61666	16	57	158	0	
61667	16	57	159	0	
61668	16	57	160	0	
61669	16	57	160	0	
61670	16	57	160	0	
61671	16	57	160	0	
61672	16	57	160	0	
61673	16	57	160	0	
61674	16	57	160	0	
61675	16	57	160	0	
61676	16	57	159	0	
61677	16	57	160	0	
61678	16	57	159	0	
61679	16	57	158	0	
61680	16	57	159	0	
61681	16	57	158	0	
61682	16	57	159	0	
61683	16	57	158	0	
61684	16	57	158	0	
61685	16	57	158	0	
61686	16	57	158	0	
61687	16	57	158	0	
61688	16	57	159	0	
61689	16	57	158	0	
61690	16	57	158	0	
61691	16	57	158	0	
61692	16	57	158	0	
61693	16	57	158	0	
61694	16	57	158	0	
61695	16	57	158	0	
61696	16	57	158	0	
61697	16	57	158	0	
61698	16	57	158	0	
61699	16	57	158	0	
61700	16	57	158	0	
61701	16	57	159	0	
61702	16	57	160	0	
61703	16	57	160	0	
61704	16	57	160	0	
61705	16	57	160	0	
61706	16	57	159	0	
61707	16	57	160	0	
61708	16	57	159	0	
61709	16	57	158	0	
61710	16	57	158	0	
61711	16	57	158	0	
61712	16	57	158	0	
61713	16	57	158	0	
61714	18	57	157	0	
61715	18	57	158	0	
61716	18	57	159	0	
61717	18	57	160	0	
61718	18	57	160	0	
61719	18	57	160	0	
61720	18	57	160	0	
61721	18	57	160	0	
61722	18	57	160	0	
61723	18	57	160	0	
61724	18	57	160	0	
61725	18	57	160	0	
61726	19	57	159	0	
61727	20	57	158	0	
61728	21	57	158	0	
61729	22	57	158	0	
61730	23	57	158	0	
61731	24	57	158	0	
61732	25	57	158	0	
61733	26	57	158	0	
61734	27	57	158	0	
61735	28	57	158	0	
61736	28	57	158	0	
61737	28	57	158	0	
61738	28	57	158	0	
61739	28	57	158	0	
61740	28	57	158	0	
61741	28	57	158	0	
61742	28	57	158	0	
61743	28	57	158	0	
61744	28	57	158	0	
61745	28	57	158	0	
61746	28	57	158	0	
61747	27	57	159	0	
61748	26	57	160	0	
61749	25	57	160	0	
61750	25	56	160	0	
61751	26	56	159	0	
61752	27	56	158	0	
61753	27	55	159	0	
61754	27	54	157	0	
61755	27	53	158	0	
61756	26	53	158	0	
61757	25	53	158	0	
61758	24	53	158	0	
61759	23	53	158	0	
61760	22	53	158	0	
61761	21	53	158	0	
61762	20	53	158	0	
61763	19	53	158	0	
61764	18	53	158	0	
61765	17	53	158	0	
61766	16	53	158	0	
61767	18	53	157	0	
61768	17	53	157	0	
61769	16	53	157	0	
61770	17	52	158	0	
61771	18	51	159	0	
61772	19	50	160	0	
61773	20	50	160	0	
61774	21	50	159	0	
61775	22	50	160	0	
61776	23	50	159	0	
61777	24	50	158	0	
61778	24	50	159	0	
61779	24	50	160	0	
61780	25	50	159	0	
61781	26	50	158	0	
61782	27	50	158	0	
61783	28	50	158	0	
61784	29	51	157	0	
61785	30	52	156	0	
61786	31	53	155	0	
61787	32	53	154	0	
61788	30	53	154	0	
61789	28	53	154	0	
61790	28	54	154	0	
61791	26	56	154	0	
61792	25	56	153	0	
61793	24	56	153	0	
61794	23	56	153	0	
61795	22	56	153	0	
61796	22	56	152	0	
61797	22	56	151	0	
61798	22	56	150	0	
61799	22	56	149	0	
61800	22	56	148	0	
