120001	148	38	164	1	
120002	148	38	164	1	
120003	148	38	164	1	
120004	148	39	164	1	
120005	148	40	164	1	
120006	149	40	163	1	
120007	150	40	162	1	
120008	150	41	162	1	
120009	150	42	162	1	
120010	150	42	162	1	
120011	150	42	161	1	
120012	150	41	160	1	
120013	148	42	160	1	
120014	146	42	160	1	
120015	144	42	160	1	
120016	143	42	160	1	
120017	142	42	159	1	
120018	141	42	158	1	
120019	140	42	159	1	
120020	139	42	160	1	
120021	138	42	160	1	
120022	137	42	160	1	
120023	136	42	160	1	
120024	135	42	160	1	
120025	134	42	160	1	
120026	133	42	160	1	
120027	134	43	158	1	
120028	135	44	157	1	
120029	136	44	156	1	
120030	136	44	155	1	
120031	136	44	154	1	
120032	136	45	154	1	
120033	136	45	153	1	
120034	136	45	152	1	
120035	136	45	151	1	
120036	136	45	150	1	
120037	136	45	149	1	
120038	136	45	148	1	
120039	136	45	148	1	
120040	136	45	148	1	
120041	136	45	148	1	
120042	136	45	148	1	
120043	136	45	148	1	
120044	136	46	149	1	
120045	136	47	149	1	
120046	136	48	149	1	
120047	136	48	149	1	
120048	136	48	149	1	
120049	136	48	149	1	
120050	136	48	149	1	
120051	136	48	148	1	
120052	136	48	148	1	
120053	136	48	149	1	
120054	136	48	148	1	
120055	136	48	149	1	
120056	136	48	149	1	
120057	136	48	149	1	
120058	136	48	149	1	
120059	136	48	148	1	
120060	136	48	149	1	
120061	136	48	149	1	
120062	136	48	149	1	
120063	136	48	149	1	
120064	136	48	149	1	
120065	136	48	149	1	
120066	136	48	152	1	
120067	136	48	154	1	
120068	136	48	156	1	
120069	136	48	158	1	
120070	137	47	159	1	
120071	137	47	161	1	
120072	137	47	162	1	
120073	137	46	163	1	
120074	138	45	163	1	
120075	139	44	163	1	
120076	140	43	163	1	
120077	141	42	163	1	
120078	142	42	163	1	
120079	142	42	163	1	
120080	142	42	163	1	
120081	143	42	163	1	
120082	144	42	163	1	
120083	144	42	163	1	
120084	144	42	163	1	
120085	144	42	163	1	
120086	144	42	163	1	
120087	144	42	163	1	
120088	144	42	163	1	
120089	144	42	164	1	
120090	144	42	164	1	
120091	144	42	164	1	
120092	144	42	165	1	
120093	144	42	166	1	
120094	144	42	167	1	
120095	144	42	168	1	
120096	144	42	168	1	
120097	144	42	168	1	
120098	144	42	168	1	
120099	144	42	168	1	
120100	143	43	169	1	
120101	142	44	170	1	
120102	141	45	171	1	
120103	140	46	172	1	
120104	139	46	172	1	
120105	138	46	172	1	
120106	138	46	172	1	
120107	138	46	172	1	
120108	138	46	172	1	
120109	138	46	172	1	
120110	138	46	172	1	
120111	138	46	172	1	
120112	138	46	172	1	
120113	138	46	172	1	
120114	138	46	172	1	
120115	138	46	172	1	
120116	138	46	172	1	
120117	138	46	172	1	
120118	138	46	172	1	
120119	138	46	172	1	
120120	138	46	172	1	
120121	138	46	172	1	
120122	138	46	172	1	
120123	138	46	172	1	
120124	138	46	172	1	
120125	138	45	171	1	
120126	138	44	170	1	
120127	138	43	169	1	
120128	138	42	168	1	
120129	138	41	168	1	
120130	138	40	168	1	
120131	138	39	168	1	
120132	138	38	168	1	
120133	138	38	168	1	
120134	138	38	168	1	
120135	138	38	168	1	
120136	138	38	168	1	
120137	141	38	167	1	
120138	141	38	167	1	
120139	141	38	167	1	
120140	141	38	167	1	
120141	141	38	167	1	
120142	141	38	167	1	
120143	141	38	167	1	
120144	141	38	167	1	
120145	141	38	167	1	
120146	141	38	167	1	
120147	141	38	167	1	
120148	141	38	167	1	
120149	141	38	167	1	
120150	141	38	167	1	
120151	141	38	167	1	
120152	141	38	167	1	
120153	141	38	167	1	
120154	141	38	167	1	
120155	141	38	167	1	
120156	144	38	167	1	
120157	146	38	167	1	
120158	148	38	167	1	
120159	150	38	167	1	
120160	152	38	167	1	
120161	153	38	167	1	
120162	154	38	167	1	
120163	155	38	167	1	
120164	154	38	167	1	
120165	155	38	167	1	
120166	156	38	167	1	
120167	157	38	167	1	
120168	158	38	167	1	
120169	159	38	167	1	
120170	160	38	167	1	
120171	161	38	167	1	
120172	162	38	167	1	
120173	162	38	167	1	
120174	162	38	167	1	
120175	162	38	167	1	
120176	162	38	167	1	
120177	162	38	167	1	
120178	162	38	167	1	
120179	162	38	167	1	
120180	162	38	167	1	
120181	162	38	167	1	
120182	162	38	167	1	
120183	162	38	167	1	
120184	162	38	167	1	
120185	162	38	167	1	
120186	161	38	167	1	
120187	160	38	167	1	
120188	160	39	165	1	
120189	159	39	165	1	
120190	158	39	165	1	
120191	158	40	164	1	
120192	158	41	162	1	
120193	158	42	160	1	
120194	157	42	160	1	
120195	156	42	160	1	
120196	155	42	160	1	
120197	154	42	160	1	
120198	153	42	160	1	
120199	153	42	160	1	
120200	153	42	160	1	
120201	153	42	160	1	
120202	153	42	160	1	
120203	153	42	160	1	
120204	153	42	160	1	
120205	153	42	160	1	
120206	153	42	160	1	
120207	153	42	160	1	
120208	153	42	160	1	
120209	153	42	160	1	
120210	153	42	160	1	
120211	153	42	160	1	
120212	153	42	160	1	
120213	153	42	160	1	
120214	153	42	160	1	
120215	153	42	160	1	
120216	151	43	162	1	
120217	151	42	162	1	
120218	149	43	163	1	
120219	149	42	163	1	
120220	149	42	163	1	
120221	149	42	163	1	
120222	149	42	163	1	
120223	149	42	163	1	
120224	148	43	164	1	
120225	147	44	165	1	
120226	147	43	165	1	
120227	147	42	165	1	
120228	146	43	166	1	
120229	145	44	167	1	
120230	144	45	168	1	
120231	143	46	169	1	
120232	142	46	170	1	
120233	143	45	169	1	
120234	142	46	170	1	
120235	143	45	169	1	
120236	144	44	168	1	
120237	144	43	168	1	
120238	144	42	168	1	
120239	144	42	168	1	
120240	144	42	168	1	
120241	144	42	168	1	
120242	144	42	168	1	
120243	144	42	168	1	
120244	144	42	168	1	
120245	144	42	168	1	
120246	144	42	168	1	
120247	144	42	168	1	
120248	144	42	168	1	
120249	144	42	168	1	
120250	144	42	168	1	
120251	144	42	168	1	
120252	144	42	168	1	
120253	144	42	168	1	
120254	144	42	168	1	
120255	144	42	169	1	
120256	144	42	170	1	
120257	144	42	169	1	
120258	144	42	168	1	
120259	144	42	168	1	
120260	144	42	168	1	
120261	143	43	169	1	
120262	144	44	167	1	
120263	144	43	167	1	
120264	144	42	167	1	
120265	144	42	167	1	
120266	145	43	166	1	
120267	145	42	166	1	
120268	144	41	166	1	
120269	144	41	166	1	
120270	144	41	166	1	
120271	144	41	166	1	
120272	143	42	167	1	
120273	145	43	165	1	
120274	146	44	163	1	
120275	146	43	163	1	
120276	145	42	163	1	
120277	144	41	163	1	
120278	144	40	163	1	
120279	144	39	163	1	
120280	144	38	163	1	
120281	144	38	163	1	
120282	146	39	161	1	
120283	147	40	159	1	
120284	150	41	157	1	
120285	152	41	158	1	
120286	153	41	159	1	
120287	154	41	160	1	
120288	155	41	160	1	
120289	156	41	160	1	
120290	157	41	160	1	
120291	155	40	160	1	
120292	154	40	160	1	
120293	153	39	160	1	
120294	152	38	160	1	
120295	151	38	160	1	
120296	150	38	160	1	
120297	150	38	160	1	
120298	149	38	160	1	
120299	149	38	160	1	
120300	148	38	160	1	
120301	148	38	160	1	
120302	148	38	160	1	
120303	148	38	160	1	
120304	148	38	160	1	
120305	148	38	160	1	
120306	147	38	160	1	
120307	146	38	160	1	
120308	145	38	160	1	
120309	144	38	160	1	
120310	144	38	160	1	
120311	144	38	160	1	
120312	144	38	160	1	
120313	144	38	160	1	
120314	144	38	160	1	
120315	143	39	162	1	
120316	144	39	162	1	
120317	144	38	162	1	
120318	143	39	163	1	
120319	142	40	164	1	
120320	141	41	165	1	
120321	141	40	165	1	
120322	141	39	165	1	
120323	141	38	165	1	
120324	141	38	165	1	
120325	141	38	165	1	
120326	141	38	165	1	
120327	141	38	165	1	
120328	141	38	165	1	
120329	141	38	165	1	
120330	141	38	165	1	
120331	141	38	165	1	
120332	140	39	166	1	
120333	140	38	166	1	
120334	139	39	167	1	
120335	139	38	167	1	
120336	139	38	167	1	
120337	139	38	167	1	
120338	139	38	167	1	
120339	142	38	167	1	
120340	144	38	167	1	
120341	146	38	167	1	
120342	148	38	167	1	
120343	150	38	167	1	
120344	152	38	167	1	
120345	153	38	167	1	
120346	154	38	167	1	
120347	155	38	167	1	
120348	156	38	167	1	
120349	157	38	167	1	
120350	158	38	167	1	
120351	159	38	167	1	
120352	160	38	167	1	
120353	161	38	167	1	
120354	162	38	167	1	
120355	162	38	167	1	
120356	162	38	167	1	
120357	162	38	167	1	
120358	162	38	167	1	
120359	162	38	167	1	
120360	162	38	167	1	
120361	162	38	167	1	
120362	162	38	167	1	
120363	162	38	167	1	
120364	162	38	167	1	
120365	162	38	167	1	
120366	162	38	167	1	
120367	162	38	167	1	
120368	162	38	167	1	
120369	162	38	167	1	
120370	162	38	167	1	
120371	162	38	167	1	
120372	162	38	167	1	
120373	162	38	167	1	
120374	162	38	167	1	
120375	162	38	167	1	
120376	162	38	167	1	
120377	162	38	167	1	
120378	162	38	167	1	
120379	162	38	167	1	
120380	162	38	167	1	
120381	162	38	167	1	
120382	162	38	167	1	
120383	162	38	167	1	
120384	162	38	167	1	
120385	162	38	167	1	
120386	162	38	167	1	
120387	162	38	167	1	
120388	162	39	165	1	
120389	162	40	163	1	
120390	162	41	161	1	
120391	162	42	159	1	
120392	162	43	157	1	
120393	162	44	156	1	
120394	162	44	155	1	
120395	161	45	155	1	
120396	161	45	154	1	
120397	159	45	153	1	
120398	157	45	152	1	
120399	154	46	152	1	
120400	152	47	152	1	
120401	150	48	152	1	
120402	149	48	151	1	
120403	148	48	150	1	
120404	147	48	149	1	
120405	146	48	148	1	
120406	144	48	149	1	
120407	143	48	149	1	
120408	142	48	149	1	
120409	141	48	149	1	
120410	140	48	149	1	
120411	139	48	149	1	
120412	138	48	149	1	
120413	137	48	149	1	
120414	136	48	149	1	
120415	136	48	149	1	
120416	136	48	148	1	
120417	136	48	148	1	
120418	135	47	150	1	
120419	134	46	151	1	
120420	134	45	152	1	
120421	134	44	153	1	
120422	134	43	154	1	
120423	134	42	155	1	
120424	134	42	156	1	
120425	135	43	155	1	
120426	136	44	154	1	
120427	136	44	153	1	
120428	136	45	153	1	
120429	136	45	152	1	
120430	136	45	151	1	
120431	136	45	150	1	
120432	136	45	149	1	
120433	136	46	149	1	
120434	136	47	149	1	
120435	136	47	148	1	
120436	136	48	149	1	
120437	136	48	149	1	
120438	136	48	148	1	
120439	136	48	149	1	
120440	136	48	149	1	
120441	136	48	149	1	
120442	136	48	149	1	
120443	136	48	148	1	
120444	136	48	148	1	
120445	136	48	149	1	
120446	136	48	149	1	
120447	136	48	149	1	
120448	136	48	149	1	
120449	136	48	149	1	
120450	136	48	149	1	
120451	136	48	149	1	
120452	136	48	149	1	
120453	136	48	149	1	
120454	136	48	149	1	
120455	136	48	149	1	
120456	137	48	148	1	
120457	138	48	148	1	
120458	138	48	148	1	
120459	138	48	148	1	
120460	138	48	148	1	
120461	138	48	149	1	
120462	138	48	149	1	
120463	139	48	148	1	
120464	140	48	148	1	
120465	140	48	148	1	
120466	139	48	149	1	
120467	139	48	149	1	
120468	139	48	148	1	
120469	139	48	148	1	
120470	139	48	148	1	
120471	139	48	148	1	
120472	139	48	148	1	
120473	139	48	148	1	
120474	138	48	149	1	
120475	138	48	148	1	
120476	138	48	148	1	
120477	138	48	148	1	
120478	138	48	148	1	
120479	138	48	148	1	
120480	138	48	148	1	
120481	138	48	148	1	
120482	137	48	149	1	
120483	136	48	149	1	
120484	136	48	148	1	
120485	136	48	149	1	
120486	136	47	152	1	
120487	136	46	154	1	
120488	136	47	154	1	
120489	136	46	156	1	
120490	136	46	155	1	
120491	136	46	154	1	
120492	136	46	153	1	
120493	136	45	155	1	
120494	136	44	157	1	
120495	136	44	159	1	
120496	136	44	161	1	
120497	136	44	162	1	
120498	136	44	163	1	
120499	136	44	164	1	
120500	136	44	165	1	
120501	136	44	166	1	
120502	137	44	166	1	
120503	138	44	166	1	
120504	139	44	166	1	
120505	140	44	166	1	
120506	140	44	166	1	
120507	140	44	166	1	
120508	140	44	166	1	
120509	140	44	166	1	
120510	140	44	166	1	
120511	141	43	166	1	
120512	141	43	166	1	
120513	142	42	166	1	
120514	142	42	166	1	
120515	142	42	166	1	
120516	142	42	166	1	
120517	142	42	166	1	
120518	142	42	166	1	
120519	142	42	166	1	
120520	142	42	166	1	
120521	143	42	166	1	
120522	144	42	166	1	
120523	144	42	166	1	
120524	144	42	166	1	
120525	144	42	166	1	
120526	144	42	166	1	
120527	144	42	166	1	
120528	144	42	166	1	
120529	144	42	166	1	
120530	144	42	166	1	
120531	144	42	166	1	
120532	144	42	166	1	
120533	144	42	166	1	
120534	144	42	166	1	
120535	144	42	166	1	
120536	144	42	166	1	
120537	144	42	166	1	
120538	144	42	166	1	
120539	144	42	166	1	
120540	144	42	166	1	
120541	144	42	166	1	
120542	147	42	165	1	
120543	147	42	165	1	
120544	150	42	164	1	
120545	152	42	163	1	
120546	154	42	162	1	
120547	156	42	161	1	
120548	158	42	160	1	
120549	159	42	159	1	
120550	160	42	158	1	
120551	161	41	158	1	
120552	162	40	158	1	
120553	163	40	158	1	
120554	164	40	158	1	
120555	165	40	158	1	
120556	166	40	158	1	
120557	167	40	158	1	
120558	168	40	158	1	
120559	168	40	158	1	
120560	168	40	158	1	
120561	168	40	158	1	
120562	168	40	158	1	
120563	168	40	158	1	
120564	168	40	158	1	
120565	168	40	158	1	
120566	168	40	158	1	
120567	168	40	158	1	
120568	168	40	158	1	
120569	168	40	158	1	
120570	168	40	158	1	
120571	168	40	158	1	
120572	168	40	158	1	
120573	168	40	158	1	
120574	168	40	158	1	
120575	168	40	158	1	
120576	168	40	158	1	
120577	168	40	159	1	
120578	168	40	160	1	
120579	168	40	160	1	
120580	168	40	160	1	
120581	168	40	160	1	
120582	168	40	160	1	
120583	168	40	160	1	
120584	168	41	160	1	
120585	168	41	160	1	
120586	168	41	160	1	
120587	168	42	160	1	
120588	168	42	160	1	
120589	168	42	160	1	
120590	168	42	160	1	
120591	168	42	160	1	
120592	168	42	160	1	
120593	168	42	160	1	
120594	166	42	160	1	
120595	164	42	160	1	
120596	163	43	159	1	
120597	162	44	158	1	
120598	161	45	158	1	
120599	160	46	158	1	
120600	158	45	160	1	
120601	156	44	162	1	
120602	154	44	163	1	
120603	152	44	164	1	
120604	151	44	165	1	
120605	150	44	166	1	
120606	150	43	166	1	
120607	150	43	166	1	
120608	149	43	167	1	
120609	149	43	167	1	
120610	149	43	167	1	
120611	149	43	167	1	
120612	149	43	167	1	
120613	149	43	167	1	
120614	149	43	167	1	
120615	149	43	167	1	
120616	149	43	167	1	
120617	149	43	167	1	
120618	149	43	167	1	
120619	149	43	167	1	
120620	149	43	167	1	
120621	149	43	167	1	
120622	149	43	167	1	
120623	149	43	167	1	
120624	149	43	167	1	
120625	149	43	167	1	
120626	149	43	167	1	
120627	149	43	167	1	
120628	149	43	167	1	
120629	149	43	167	1	
120630	149	43	167	1	
120631	149	43	167	1	
120632	149	43	167	1	
120633	149	43	167	1	
120634	149	43	167	1	
120635	148	43	168	1	
120636	148	43	168	1	
120637	147	43	169	1	
120638	146	43	170	1	
120639	145	43	171	1	
120640	144	43	172	1	
120641	144	43	172	1	
120642	145	44	170	1	
120643	144	44	171	1	
120644	144	44	172	1	
120645	144	44	172	1	
120646	144	44	172	1	
120647	144	44	172	1	
120648	144	44	172	1	
120649	144	44	172	1	
120650	144	44	172	1	
120651	144	44	172	1	
120652	144	44	172	1	
120653	144	44	172	1	
120654	144	44	172	1	
120655	144	44	172	1	
120656	144	44	172	1	
120657	144	44	172	1	
120658	145	45	170	1	
120659	144	44	171	1	
120660	144	44	172	1	
120661	145	45	170	1	
120662	144	44	171	1	
120663	144	44	172	1	
120664	144	44	172	1	
120665	144	44	172	1	
120666	144	44	172	1	
120667	144	44	172	1	
120668	144	44	172	1	
120669	144	44	172	1	
120670	144	44	171	1	
120671	144	44	170	1	
120672	144	44	169	1	
120673	144	44	168	1	
120674	144	44	168	1	
120675	144	44	168	1	
120676	144	44	168	1	
120677	144	44	168	1	
120678	144	44	168	1	
120679	144	44	168	1	
120680	144	44	168	1	
120681	144	44	168	1	
120682	144	44	168	1	
120683	144	44	168	1	
120684	144	44	169	1	
120685	144	44	170	1	
120686	144	44	169	1	
120687	144	44	168	1	
120688	144	44	168	1	
120689	144	44	168	1	
120690	144	44	168	1	
120691	144	44	168	1	
120692	144	44	168	1	
120693	144	44	168	1	
120694	144	44	168	1	
120695	144	44	168	1	
120696	144	44	168	1	
120697	144	44	168	1	
120698	144	44	168	1	
120699	144	44	168	1	
120700	145	45	167	1	
120701	146	46	166	1	
120702	146	47	165	1	
120703	146	48	164	1	
120704	146	48	163	1	
120705	148	48	163	1	
120706	149	47	164	1	
120707	150	46	165	1	
120708	151	45	166	1	
120709	153	46	165	1	
120710	155	47	164	1	
120711	155	46	165	1	
120712	156	47	164	1	
120713	156	46	165	1	
120714	156	45	166	1	
120715	156	44	167	1	
120716	156	44	168	1	
120717	157	44	168	1	
120718	156	44	168	1	
120719	155	44	168	1	
120720	154	44	168	1	
120721	153	44	168	1	
120722	152	44	168	1	
120723	151	44	168	1	
120724	150	44	168	1	
120725	150	44	168	1	
120726	150	44	168	1	
120727	150	44	168	1	
120728	149	44	169	1	
120729	148	44	170	1	
120730	147	44	171	1	
120731	146	44	172	1	
120732	145	44	172	1	
120733	144	44	172	1	
120734	144	44	171	1	
120735	144	44	170	1	
120736	144	44	169	1	
120737	144	44	168	1	
120738	144	44	168	1	
120739	144	44	168	1	
120740	144	44	168	1	
120741	144	44	168	1	
120742	144	44	168	1	
120743	144	44	168	1	
120744	144	44	168	1	
120745	144	44	168	1	
120746	144	44	168	1	
120747	144	44	168	1	
120748	144	44	168	1	
120749	144	44	168	1	
120750	144	44	168	1	
120751	144	44	168	1	
120752	144	44	168	1	
120753	144	44	168	1	
120754	144	44	168	1	
120755	144	44	168	1	
120756	144	44	168	1	
120757	144	44	168	1	
120758	144	44	168	1	
120759	144	44	168	1	
120760	144	44	168	1	
120761	144	44	168	1	
120762	144	44	168	1	
120763	144	44	168	1	
120764	144	44	168	1	
120765	144	44	168	1	
120766	144	44	168	1	
120767	144	44	169	1	
120768	145	45	167	1	
120769	146	46	166	1	
120770	146	47	165	1	
120771	146	48	164	1	
120772	146	48	163	1	
120773	146	48	162	1	
120774	146	48	161	1	
120775	146	48	160	1	
120776	146	48	159	1	
120777	146	48	158	1	
120778	146	48	158	1	
120779	146	48	158	1	
120780	146	48	158	1	
120781	147	48	158	1	
120782	148	48	158	1	
120783	148	48	158	1	
120784	148	48	158	1	
120785	148	48	158	1	
120786	148	48	158	1	
120787	148	48	158	1	
120788	148	48	158	1	
120789	148	48	158	1	
120790	148	48	158	1	
120791	148	48	158	1	
120792	148	48	158	1	
120793	148	48	158	1	
120794	148	48	158	1	
120795	148	48	159	1	
120796	148	48	160	1	
120797	148	48	160	1	
120798	148	48	160	1	
120799	148	48	160	1	
120800	148	47	160	1	
120801	148	47	160	1	
120802	148	47	160	1	
120803	148	47	160	1	
120804	148	47	160	1	
120805	148	47	160	1	
120806	148	47	160	1	
120807	148	47	160	1	
120808	148	47	160	1	
120809	148	47	160	1	
120810	148	47	160	1	
120811	148	47	160	1	
120812	148	47	160	1	
120813	148	47	160	1	
120814	148	47	160	1	
120815	148	47	160	1	
120816	148	47	160	1	
120817	148	47	160	1	
120818	148	47	160	1	
120819	148	47	160	1	
120820	148	47	160	1	
120821	148	47	160	1	
120822	148	47	160	1	
120823	148	47	160	1	
120824	150	46	159	1	
120825	152	46	160	1	
120826	154	45	159	1	
120827	156	44	158	1	
120828	158	43	158	1	
120829	159	43	159	1	
120830	160	43	160	1	
120831	160	43	160	1	
120832	160	43	160	1	
120833	160	43	160	1	
120834	160	43	160	1	
120835	160	43	160	1	
120836	160	43	160	1	
120837	160	43	160	1	
120838	160	43	160	1	
120839	160	43	160	1	
120840	160	43	160	1	
120841	160	43	160	1	
120842	160	43	160	1	
120843	160	43	160	1	
120844	161	42	159	1	
120845	162	41	158	1	
120846	163	40	158	1	
120847	166	40	158	1	
120848	168	40	158	1	
120849	170	40	158	1	
120850	172	40	158	1	
120851	174	40	158	1	
120852	176	40	158	1	
120853	177	40	158	1	
120854	178	40	158	1	
120855	179	40	158	1	
120856	180	40	158	1	
120857	179	40	158	1	
120858	178	40	158	1	
120859	177	40	158	1	
120860	176	40	158	1	
120861	176	40	158	1	
120862	176	40	158	1	
120863	176	40	158	1	
120864	176	40	158	1	
120865	176	40	158	1	
120866	175	41	159	1	
120867	174	42	160	1	
120868	173	42	160	1	
120869	172	42	160	1	
120870	171	42	160	1	
120871	171	41	159	1	
120872	171	40	158	1	
120873	171	40	158	1	
120874	171	40	158	1	
120875	171	40	158	1	
120876	171	40	158	1	
120877	171	40	158	1	
120878	171	40	158	1	
120879	171	40	158	1	
120880	171	40	158	1	
120881	168	41	159	1	
120882	166	42	160	1	
120883	164	42	160	1	
120884	162	42	160	1	
120885	160	42	160	1	
120886	158	42	160	1	
120887	157	42	160	1	
120888	158	41	159	1	
120889	159	40	158	1	
120890	160	40	158	1	
120891	161	40	158	1	
120892	162	40	158	1	
120893	163	40	158	1	
120894	164	40	158	1	
120895	165	40	158	1	
120896	166	40	158	1	
120897	167	40	158	1	
120898	168	40	158	1	
120899	168	40	158	1	
120900	168	40	158	1	
120901	168	40	158	1	
120902	168	41	159	1	
120903	168	42	160	1	
120904	168	42	160	1	
120905	168	42	160	1	
120906	168	41	159	1	
120907	168	40	158	1	
120908	168	40	158	1	
120909	168	40	158	1	
120910	168	40	158	1	
120911	168	40	158	1	
120912	168	40	158	1	
120913	168	40	158	1	
120914	168	40	158	1	
120915	168	41	159	1	
120916	168	40	158	1	
120917	168	40	158	1	
120918	168	40	158	1	
120919	168	40	158	1	
120920	168	40	158	1	
120921	168	40	158	1	
120922	168	40	158	1	
120923	168	40	158	1	
120924	168	40	158	1	
120925	168	40	158	1	
120926	168	40	158	1	
120927	168	40	158	1	
120928	168	40	158	1	
120929	168	40	158	1	
120930	168	40	158	1	
120931	168	41	159	1	
120932	168	42	160	1	
120933	168	42	160	1	
120934	168	42	160	1	
120935	168	42	160	1	
120936	168	42	160	1	
120937	168	42	160	1	
120938	168	42	160	1	
120939	168	42	160	1	
120940	168	42	160	1	
120941	168	42	160	1	
120942	168	42	160	1	
120943	168	42	160	1	
120944	168	42	160	1	
120945	168	42	160	1	
120946	168	42	160	1	
120947	168	42	160	1	
120948	168	42	160	1	
120949	168	42	160	1	
120950	168	42	160	1	
120951	168	42	160	1	
120952	168	42	160	1	
120953	168	42	160	1	
120954	168	42	160	1	
120955	168	41	159	1	
120956	168	40	158	1	
120957	168	40	158	1	
120958	168	40	158	1	
120959	168	41	159	1	
120960	168	42	160	1	
120961	168	42	160	1	
120962	168	42	160	1	
120963	168	42	160	1	
120964	168	42	160	1	
120965	168	42	160	1	
120966	168	42	160	1	
120967	168	42	160	1	
120968	168	42	160	1	
120969	168	41	159	1	
120970	168	40	158	1	
120971	168	40	158	1	
120972	168	40	158	1	
120973	168	40	158	1	
120974	168	40	158	1	
120975	168	40	158	1	
120976	168	40	158	1	
120977	168	40	158	1	
120978	168	40	158	1	
120979	168	40	158	1	
120980	168	40	158	1	
120981	168	40	158	1	
120982	168	40	158	1	
120983	168	40	158	1	
120984	168	40	158	1	
120985	168	40	158	1	
120986	168	40	158	1	
120987	168	40	158	1	
120988	168	40	158	1	
120989	168	40	158	1	
120990	168	40	158	1	
120991	168	40	158	1	
120992	168	40	158	1	
120993	168	40	158	1	
120994	168	40	158	1	
120995	168	40	158	1	
120996	168	40	158	1	
120997	168	40	158	1	
120998	168	40	158	1	
120999	168	40	158	1	
121000	168	41	159	1	
121001	168	42	160	1	
121002	168	42	160	1	
121003	168	42	160	1	
121004	168	42	160	1	
121005	168	42	160	1	
121006	168	42	160	1	
121007	168	42	160	1	
121008	168	42	160	1	
121009	168	42	160	1	
121010	168	42	160	1	
121011	168	42	160	1	
121012	168	42	160	1	
121013	168	42	160	1	
121014	168	42	160	1	
121015	168	42	160	1	
121016	168	42	160	1	
121017	168	42	160	1	
121018	168	42	160	1	
121019	168	42	160	1	
121020	168	42	160	1	
121021	168	42	160	1	
121022	168	42	160	1	
121023	168	42	160	1	
121024	168	42	160	1	
121025	168	42	160	1	
121026	168	42	160	1	
121027	168	42	160	1	
121028	168	42	160	1	
121029	168	42	160	1	
121030	168	42	160	1	
121031	168	42	160	1	
121032	168	42	160	1	
121033	168	42	160	1	
121034	168	42	160	1	
121035	168	42	160	1	
121036	168	42	160	1	
121037	168	42	160	1	
121038	168	42	160	1	
121039	168	42	160	1	
121040	168	42	160	1	
121041	168	42	160	1	
121042	168	42	160	1	
121043	168	42	160	1	
121044	168	42	160	1	
121045	168	41	159	1	
121046	168	40	158	1	
121047	168	41	159	1	
121048	168	40	158	1	
121049	168	41	159	1	
121050	166	42	160	1	
121051	164	42	160	1	
121052	165	41	159	1	
121053	165	42	160	1	
121054	163	42	160	1	
121055	161	42	160	1	
121056	159	42	160	1	
121057	160	41	159	1	
121058	161	40	158	1	
121059	159	41	159	1	
121060	158	42	160	1	
121061	157	42	160	1	
121062	156	42	160	1	
121063	155	42	160	1	
121064	154	42	160	1	
121065	153	42	160	1	
121066	152	42	160	1	
121067	151	42	160	1	
121068	150	42	160	1	
121069	150	42	160	1	
121070	150	42	160	1	
121071	150	42	160	1	
121072	150	42	160	1	
121073	150	42	160	1	
121074	150	42	160	1	
121075	150	42	160	1	
121076	150	42	160	1	
121077	150	42	160	1	
121078	150	42	160	1	
121079	150	42	160	1	
121080	150	42	160	1	
121081	150	42	160	1	
121082	150	42	160	1	
121083	150	42	160	1	
121084	150	42	160	1	
121085	150	42	160	1	
121086	149	42	162	1	
121087	149	42	162	1	
121088	148	42	163	1	
121089	147	42	164	1	
121090	146	42	165	1	
121091	145	42	166	1	
121092	144	42	167	1	
121093	144	42	167	1	
121094	144	42	167	1	
121095	142	42	167	1	
121096	142	42	167	1	
121097	140	42	167	1	
121098	138	42	167	1	
121099	139	42	167	1	
121100	139	42	168	1	
121101	139	42	169	1	
121102	139	42	170	1	
121103	139	42	171	1	
121104	139	42	172	1	
121105	139	42	172	1	
121106	139	42	172	1	
121107	139	42	172	1	
121108	139	42	172	1	
121109	139	42	172	1	
121110	139	42	172	1	
121111	139	42	172	1	
121112	139	42	172	1	
121113	139	42	172	1	
121114	139	42	172	1	
121115	139	42	172	1	
121116	139	42	172	1	
121117	139	42	172	1	
121118	139	42	172	1	
121119	139	42	172	1	
121120	139	42	172	1	
121121	139	42	172	1	
121122	139	42	172	1	
121123	139	42	172	1	
121124	141	43	170	1	
121125	142	44	168	1	
121126	143	45	167	1	
121127	144	46	166	1	
121128	144	45	167	1	
121129	144	44	168	1	
121130	145	45	167	1	
121131	146	46	166	1	
121132	147	47	165	1	
121133	148	48	164	1	
121134	149	48	163	1	
121135	150	48	162	1	
121136	150	48	161	1	
121137	150	48	160	1	
121138	150	48	159	1	
121139	150	48	158	1	
121140	150	48	158	1	
121141	150	48	158	1	
121142	150	48	158	1	
121143	152	47	159	1	
121144	153	46	161	1	
121145	154	45	162	1	
121146	155	44	162	1	
121147	156	43	162	1	
121148	157	43	162	1	
121149	158	43	162	1	
121150	159	42	162	1	
121151	160	42	162	1	
121152	160	42	162	1	
121153	160	42	162	1	
121154	160	42	162	1	
121155	160	42	162	1	
121156	160	42	162	1	
121157	160	42	162	1	
121158	160	42	162	1	
121159	160	42	162	1	
121160	160	42	162	1	
121161	160	42	162	1	
121162	160	42	162	1	
121163	160	42	162	1	
121164	160	42	162	1	
121165	160	42	162	1	
121166	160	42	162	1	
121167	160	42	162	1	
121168	160	42	162	1	
121169	160	42	162	1	
121170	160	42	162	1	
121171	160	42	162	1	
121172	160	42	162	1	
121173	161	42	162	1	
121174	161	42	162	1	
121175	161	42	162	1	
121176	161	42	162	1	
121177	161	42	162	1	
121178	162	42	162	1	
121179	162	42	162	1	
121180	162	42	162	1	
121181	162	42	162	1	
121182	162	42	162	1	
121183	162	42	162	1	
121184	162	42	162	1	
121185	162	42	162	1	
121186	162	42	162	1	
121187	163	41	161	1	
121188	164	40	160	1	
121189	165	40	159	1	
121190	166	40	158	1	
121191	167	40	158	1	
121192	168	40	158	1	
121193	168	40	158	1	
121194	168	39	158	1	
121195	168	38	158	1	
121196	168	37	158	1	
121197	168	37	158	1	
121198	168	37	158	1	
121199	168	37	158	1	
121200	168	37	158	1	
121201	168	37	158	1	
121202	168	37	158	1	
121203	171	37	157	1	
121204	173	37	156	1	
121205	175	37	156	1	
121206	176	37	156	1	
121207	177	37	156	1	
121208	178	37	156	1	
121209	179	37	156	1	
121210	180	37	156	1	
121211	181	37	156	1	
121212	182	37	156	1	
121213	183	37	156	1	
121214	184	37	156	1	
121215	185	37	156	1	
121216	186	37	156	1	
121217	186	37	156	1	
121218	186	37	156	1	
121219	186	37	156	1	
121220	186	37	156	1	
121221	186	37	156	1	
121222	186	37	156	1	
121223	186	37	156	1	
121224	186	37	156	1	
121225	186	37	156	1	
121226	186	37	156	1	
121227	186	37	156	1	
121228	186	37	156	1	
121229	186	37	156	1	
121230	186	37	156	1	
121231	185	37	156	1	
121232	184	37	156	1	
121233	183	37	156	1	
121234	182	37	156	1	
121235	180	38	157	1	
121236	178	39	158	1	
121237	177	40	159	1	
121238	176	40	158	1	
121239	176	40	158	1	
121240	176	40	158	1	
121241	176	40	158	1	
121242	176	40	158	1	
121243	176	40	158	1	
121244	176	40	158	1	
121245	176	40	158	1	
121246	176	40	158	1	
121247	176	40	158	1	
121248	176	40	158	1	
121249	174	40	158	1	
121250	172	40	158	1	
121251	169	41	159	1	
121252	167	42	160	1	
121253	165	42	160	1	
121254	163	42	160	1	
121255	161	42	160	1	
121256	159	42	160	1	
121257	158	42	160	1	
121258	157	42	160	1	
121259	156	42	160	1	
121260	155	42	160	1	
121261	154	42	160	1	
121262	153	42	160	1	
121263	152	42	160	1	
121264	151	42	160	1	
121265	150	42	160	1	
121266	150	42	160	1	
121267	150	42	160	1	
121268	150	42	160	1	
121269	150	42	160	1	
121270	150	42	160	1	
121271	150	42	160	1	
121272	150	42	160	1	
121273	150	42	160	1	
121274	150	42	160	1	
121275	150	42	160	1	
121276	149	41	160	1	
121277	149	42	160	1	
121278	149	42	160	1	
121279	149	42	160	1	
121280	149	42	160	1	
121281	150	43	158	1	
121282	151	44	157	1	
121283	151	45	157	1	
121284	152	45	156	1	
121285	152	44	157	1	
121286	152	45	157	1	
121287	152	44	158	1	
121288	153	44	157	1	
121289	154	44	156	1	
121290	155	44	155	1	
121291	155	44	154	1	
121292	154	43	155	1	
121293	154	44	155	1	
121294	154	44	154	1	
121295	154	44	153	1	
121296	154	44	152	1	
121297	154	44	151	1	
121298	154	44	150	1	
121299	154	44	149	1	
121300	154	44	148	1	
121301	154	44	148	1	
121302	154	44	148	1	
121303	154	44	148	1	
121304	154	44	148	1	
121305	154	44	148	1	
121306	154	44	148	1	
121307	154	44	148	1	
121308	154	44	148	1	
121309	153	44	150	1	
121310	152	44	151	1	
121311	151	44	152	1	
121312	150	44	153	1	
121313	150	45	153	1	
121314	150	46	153	1	
121315	151	46	152	1	
121316	152	46	151	1	
121317	153	46	150	1	
121318	153	45	151	1	
121319	153	44	152	1	
121320	153	45	152	1	
121321	153	46	152	1	
121322	153	47	152	1	
121323	153	48	152	1	
121324	153	48	152	1	
121325	153	48	152	1	
121326	153	48	152	1	
121327	153	48	152	1	
121328	153	48	152	1	
121329	153	48	152	1	
121330	153	48	152	1	
121331	153	48	152	1	
121332	152	48	153	1	
121333	152	48	153	1	
121334	152	48	153	1	
121335	152	48	153	1	
121336	152	48	153	1	
121337	152	48	153	1	
121338	152	48	153	1	
121339	152	48	153	1	
121340	152	48	153	1	
121341	152	48	153	1	
121342	152	48	153	1	
121343	152	48	153	1	
121344	152	48	153	1	
121345	152	48	153	1	
121346	152	48	153	1	
121347	152	48	153	1	
121348	152	48	153	1	
121349	152	48	153	1	
121350	151	48	154	1	
121351	150	48	155	1	
121352	150	48	156	1	
121353	150	48	157	1	
121354	150	48	157	1	
121355	150	48	157	1	
121356	150	48	157	1	
121357	150	48	157	1	
121358	150	48	157	1	
121359	150	48	157	1	
121360	150	48	157	1	
121361	150	48	157	1	
121362	150	48	157	1	
121363	150	48	157	1	
121364	150	48	157	1	
121365	150	48	157	1	
121366	150	48	157	1	
121367	150	48	157	1	
121368	150	48	157	1	
121369	150	48	157	1	
121370	150	48	157	1	
121371	150	48	157	1	
121372	150	48	157	1	
121373	150	48	157	1	
121374	150	48	157	1	
121375	150	48	157	1	
121376	150	48	157	1	
121377	150	48	157	1	
121378	150	47	158	1	
121379	150	46	159	1	
121380	150	45	160	1	
121381	150	44	160	1	
121382	150	43	160	1	
121383	150	42	160	1	
121384	150	42	160	1	
121385	150	42	160	1	
121386	150	42	160	1	
121387	149	41	160	1	
121388	148	40	160	1	
121389	149	41	159	1	
121390	149	41	160	1	
121391	149	41	160	1	
121392	149	41	160	1	
121393	151	41	160	1	
121394	152	41	160	1	
121395	153	41	160	1	
121396	154	41	160	1	
121397	155	42	162	1	
121398	156	42	163	1	
121399	157	42	164	1	
121400	158	42	165	1	
121401	159	42	166	1	
121402	160	42	167	1	
121403	159	43	166	1	
121404	158	44	165	1	
121405	158	45	164	1	
121406	158	46	163	1	
121407	158	47	162	1	
121408	158	48	161	1	
121409	158	48	160	1	
121410	158	48	159	1	
121411	158	48	158	1	
121412	158	48	158	1	
121413	158	48	158	1	
121414	158	48	158	1	
121415	158	48	158	1	
121416	158	48	158	1	
121417	158	48	158	1	
121418	158	48	158	1	
121419	158	48	158	1	
121420	158	48	158	1	
121421	158	48	158	1	
121422	157	48	158	1	
121423	157	48	158	1	
121424	157	48	158	1	
121425	157	48	158	1	
121426	157	48	158	1	
121427	157	48	158	1	
121428	155	47	160	1	
121429	153	46	162	1	
121430	153	47	161	1	
121431	153	48	160	1	
121432	153	48	159	1	
121433	153	48	158	1	
121434	153	48	158	1	
121435	153	48	158	1	
121436	153	48	158	1	
121437	153	48	158	1	
121438	153	48	158	1	
121439	153	48	158	1	
121440	153	48	158	1	
121441	153	48	158	1	
121442	153	48	158	1	
121443	152	47	160	1	
121444	151	46	162	1	
121445	150	45	163	1	
121446	149	44	164	1	
121447	148	44	165	1	
121448	147	44	166	1	
121449	146	44	167	1	
121450	145	44	168	1	
121451	144	44	169	1	
121452	144	44	170	1	
121453	144	44	171	1	
121454	145	45	169	1	
121455	146	46	167	1	
121456	147	47	166	1	
121457	148	48	165	1	
121458	149	48	164	1	
121459	150	48	163	1	
121460	150	48	162	1	
121461	150	48	162	1	
121462	150	48	162	1	
121463	150	48	162	1	
121464	150	48	162	1	
121465	149	47	163	1	
121466	149	47	163	1	
121467	149	47	163	1	
121468	149	47	163	1	
121469	149	47	163	1	
121470	149	47	163	1	
121471	149	47	163	1	
121472	149	47	163	1	
121473	149	47	163	1	
121474	149	47	163	1	
121475	149	47	163	1	
121476	149	47	163	1	
121477	149	47	163	1	
121478	149	47	163	1	
121479	149	47	163	1	
121480	149	47	163	1	
121481	149	47	163	1	
121482	149	47	163	1	
121483	149	47	163	1	
121484	149	47	163	1	
121485	149	47	163	1	
121486	149	47	163	1	
121487	149	47	163	1	
121488	149	47	163	1	
121489	149	47	163	1	
121490	149	47	163	1	
121491	149	47	163	1	
121492	149	47	163	1	
121493	149	47	163	1	
121494	149	47	163	1	
121495	149	47	163	1	
121496	149	47	163	1	
121497	149	47	163	1	
121498	149	47	163	1	
121499	149	47	163	1	
121500	149	47	163	1	
121501	149	47	163	1	
121502	149	47	163	1	
121503	149	47	163	1	
121504	149	47	163	1	
121505	149	47	163	1	
121506	149	47	163	1	
121507	149	47	163	1	
121508	149	47	163	1	
121509	149	47	163	1	
121510	149	47	163	1	
121511	149	47	163	1	
121512	149	47	163	1	
121513	149	47	163	1	
121514	149	47	163	1	
121515	149	47	163	1	
121516	149	47	163	1	
121517	149	47	163	1	
121518	149	47	163	1	
121519	149	47	163	1	
121520	149	47	163	1	
121521	149	47	163	1	
121522	149	47	163	1	
121523	149	47	163	1	
121524	149	47	163	1	
121525	149	47	163	1	
121526	149	47	163	1	
121527	149	47	163	1	
121528	149	47	163	1	
121529	149	47	163	1	
121530	149	47	163	1	
121531	149	47	163	1	
121532	149	47	163	1	
121533	149	47	163	1	
121534	149	47	163	1	
121535	149	47	163	1	
121536	149	47	163	1	
121537	149	47	163	1	
121538	149	47	163	1	
121539	149	47	163	1	
121540	149	47	163	1	
121541	149	47	163	1	
121542	149	47	163	1	
121543	149	47	163	1	
121544	149	47	163	1	
121545	150	48	162	1	
121546	150	48	161	1	
121547	150	48	160	1	
121548	150	48	159	1	
121549	149	47	161	1	
121550	150	48	160	1	
121551	150	48	159	1	
121552	149	47	161	1	
121553	148	46	162	1	
121554	147	45	163	1	
121555	146	44	164	1	
121556	145	44	165	1	
121557	144	44	166	1	
121558	144	44	167	1	
121559	144	44	168	1	
121560	144	44	169	1	
121561	144	44	170	1	
121562	144	44	169	1	
121563	144	44	170	1	
121564	144	44	169	1	
121565	145	45	167	1	
121566	146	46	166	1	
121567	147	47	165	1	
121568	146	46	166	1	
121569	145	45	167	1	
121570	144	44	168	1	
121571	145	45	167	1	
121572	146	46	166	1	
121573	147	47	165	1	
121574	148	48	164	1	
121575	149	48	163	1	
121576	150	48	162	1	
121577	150	48	161	1	
121578	150	48	160	1	
121579	150	48	159	1	
121580	150	48	158	1	
121581	150	48	158	1	
121582	149	47	160	1	
121583	149	48	159	1	
121584	148	47	161	1	
121585	148	48	160	1	
121586	149	48	159	1	
121587	150	48	158	1	
121588	150	48	158	1	
121589	150	48	158	1	
121590	150	48	158	1	
121591	150	48	158	1	
121592	150	48	158	1	
121593	150	48	158	1	
121594	150	48	159	1	
121595	150	48	160	1	
121596	150	48	160	1	
121597	150	48	160	1	
121598	150	48	160	1	
121599	150	48	160	1	
121600	150	48	160	1	
121601	150	48	160	1	
121602	150	48	160	1	
121603	150	48	160	1	
121604	150	48	160	1	
121605	150	48	160	1	
121606	150	48	160	1	
121607	150	48	160	1	
121608	149	47	162	1	
121609	152	47	160	1	
121610	154	47	158	1	
121611	155	47	159	1	
121612	156	47	160	1	
121613	157	47	160	1	
121614	158	47	160	1	
121615	159	47	160	1	
121616	160	47	160	1	
121617	160	47	160	1	
121618	160	47	160	1	
121619	160	47	160	1	
121620	160	47	160	1	
121621	160	47	160	1	
121622	160	47	160	1	
121623	160	47	160	1	
121624	160	47	160	1	
121625	161	47	162	1	
121626	162	47	163	1	
121627	162	47	163	1	
121628	162	47	163	1	
121629	162	47	163	1	
121630	162	47	163	1	
121631	162	47	163	1	
121632	162	47	163	1	
121633	162	47	163	1	
121634	162	47	163	1	
121635	162	47	163	1	
121636	162	47	163	1	
121637	162	47	163	1	
121638	162	47	163	1	
121639	162	47	163	1	
121640	162	47	163	1	
121641	162	47	163	1	
121642	162	47	163	1	
121643	162	47	163	1	
121644	162	47	163	1	
121645	162	47	163	1	
121646	162	47	163	1	
121647	162	47	163	1	
121648	162	47	163	1	
121649	162	47	163	1	
121650	162	47	163	1	
121651	162	47	163	1	
121652	162	47	163	1	
121653	162	47	163	1	
121654	162	47	163	1	
121655	162	47	163	1	
121656	162	47	163	1	
121657	162	47	163	1	
121658	162	47	163	1	
121659	162	47	163	1	
121660	162	47	163	1	
121661	162	47	163	1	
121662	162	47	163	1	
121663	162	47	163	1	
121664	162	47	163	1	
121665	162	47	163	1	
121666	162	47	163	1	
121667	162	47	163	1	
121668	162	47	163	1	
121669	162	46	163	1	
121670	162	45	163	1	
121671	162	44	163	1	
121672	162	43	163	1	
121673	162	42	163	1	
121674	162	42	163	1	
121675	162	42	163	1	
121676	162	42	163	1	
121677	162	42	163	1	
121678	162	42	163	1	
121679	162	42	163	1	
121680	162	42	163	1	
121681	162	42	163	1	
121682	162	42	163	1	
121683	162	42	163	1	
121684	162	42	163	1	
121685	162	42	163	1	
121686	162	42	163	1	
121687	162	42	163	1	
121688	162	42	163	1	
121689	162	42	163	1	
121690	162	42	163	1	
121691	162	42	163	1	
121692	162	42	163	1	
121693	162	42	163	1	
121694	163	41	162	1	
121695	163	41	162	1	
121696	163	41	162	1	
121697	163	41	162	1	
121698	163	41	162	1	
121699	163	41	162	1	
121700	163	41	162	1	
121701	163	41	162	1	
121702	163	41	162	1	
121703	163	41	162	1	
121704	164	42	160	1	
121705	164	42	160	1	
121706	164	42	160	1	
121707	164	42	160	1	
121708	165	41	159	1	
121709	166	40	158	1	
121710	166	40	159	1	
121711	166	40	160	1	
121712	166	40	160	1	
121713	166	41	160	1	
121714	166	42	160	1	
121715	164	42	160	1	
121716	162	42	160	1	
121717	160	42	160	1	
121718	158	42	162	1	
121719	156	42	163	1	
121720	155	42	163	1	
121721	153	42	164	1	
121722	153	43	163	1	
121723	153	44	162	1	
121724	152	44	163	1	
121725	152	45	162	1	
121726	152	46	161	1	
121727	152	47	160	1	
121728	151	46	162	1	
121729	150	45	163	1	
121730	150	46	162	1	
121731	149	45	163	1	
121732	148	44	164	1	
121733	147	44	165	1	
121734	146	44	166	1	
121735	147	45	165	1	
121736	148	46	164	1	
121737	149	47	163	1	
121738	150	48	162	1	
121739	150	48	161	1	
121740	150	48	160	1	
121741	150	48	159	1	
121742	150	48	158	1	
121743	150	48	158	1	
121744	150	48	158	1	
121745	150	48	158	1	
121746	149	47	160	1	
121747	148	46	162	1	
121748	147	45	163	1	
121749	147	46	162	1	
121750	146	45	163	1	
121751	146	46	162	1	
121752	145	45	163	1	
121753	146	46	162	1	
121754	146	47	161	1	
121755	145	46	162	1	
121756	145	46	162	1	
121757	145	46	162	1	
121758	145	46	162	1	
121759	145	46	162	1	
121760	145	46	162	1	
121761	145	46	162	1	
121762	145	46	162	1	
121763	145	46	162	1	
121764	145	46	162	1	
121765	145	46	162	1	
121766	145	46	162	1	
121767	145	46	162	1	
121768	145	46	162	1	
121769	145	46	162	1	
121770	147	45	162	1	
121771	149	44	162	1	
121772	151	43	162	1	
121773	152	42	162	1	
121774	153	42	162	1	
121775	154	42	162	1	
121776	155	42	162	1	
121777	156	42	162	1	
121778	157	42	162	1	
121779	158	42	162	1	
121780	159	42	162	1	
121781	160	42	162	1	
121782	160	42	162	1	
121783	160	42	162	1	
121784	160	42	162	1	
121785	160	42	162	1	
121786	160	42	162	1	
121787	160	42	162	1	
121788	160	42	162	1	
121789	160	42	162	1	
121790	160	42	162	1	
121791	160	42	162	1	
121792	160	42	162	1	
121793	160	42	162	1	
121794	160	42	162	1	
121795	160	42	162	1	
121796	160	42	162	1	
121797	160	42	162	1	
121798	160	42	162	1	
121799	160	42	162	1	
121800	160	42	162	1	
121801	160	42	162	1	
121802	160	42	162	1	
121803	160	42	162	1	
121804	160	42	162	1	
121805	160	42	162	1	
121806	160	42	162	1	
121807	160	42	162	1	
121808	161	42	162	1	
121809	162	42	162	1	
121810	162	42	162	1	
121811	162	42	162	1	
121812	162	42	162	1	
121813	162	42	162	1	
121814	162	42	162	1	
121815	162	42	162	1	
121816	162	42	162	1	
121817	162	42	162	1	
121818	162	42	162	1	
121819	162	42	162	1	
121820	162	42	162	1	
121821	162	42	162	1	
121822	162	42	162	1	
121823	162	42	162	1	
121824	162	42	162	1	
121825	162	42	162	1	
121826	162	42	162	1	
121827	162	42	162	1	
121828	162	42	162	1	
121829	162	42	162	1	
121830	162	42	162	1	
121831	162	42	162	1	
121832	162	42	162	1	
121833	162	42	162	1	
121834	162	42	162	1	
121835	162	42	162	1	
121836	162	42	162	1	
121837	162	42	162	1	
121838	163	41	161	1	
121839	164	40	160	1	
121840	165	40	159	1	
121841	168	40	158	1	
121842	170	40	158	1	
121843	172	40	158	1	
121844	174	40	158	1	
121845	176	40	158	1	
121846	177	40	158	1	
121847	178	40	158	1	
121848	179	40	158	1	
121849	180	40	158	1	
121850	181	40	158	1	
121851	182	40	158	1	
121852	183	40	158	1	
121853	184	40	158	1	
121854	185	40	158	1	
121855	186	40	158	1	
121856	186	40	158	1	
121857	186	40	158	1	
121858	186	40	158	1	
121859	186	40	158	1	
121860	186	40	158	1	
121861	186	40	158	1	
121862	186	40	158	1	
121863	186	40	158	1	
121864	186	40	158	1	
121865	186	40	158	1	
121866	186	40	158	1	
121867	186	40	158	1	
121868	186	40	158	1	
121869	186	40	158	1	
121870	186	40	158	1	
121871	185	40	158	1	
121872	183	41	159	1	
121873	182	40	158	1	
121874	181	40	158	1	
121875	180	40	158	1	
121876	179	40	158	1	
121877	178	40	158	1	
121878	177	40	158	1	
121879	176	40	158	1	
121880	177	40	158	1	
121881	178	40	158	1	
121882	179	40	158	1	
121883	180	40	158	1	
121884	178	41	159	1	
121885	177	42	160	1	
121886	176	42	160	1	
121887	175	42	160	1	
121888	174	42	160	1	
121889	173	42	160	1	
121890	172	42	160	1	
121891	171	42	160	1	
121892	170	42	160	1	
121893	170	42	160	1	
121894	172	43	159	1	
121895	174	44	158	1	
121896	176	45	158	1	
121897	177	46	158	1	
121898	178	47	158	1	
121899	179	48	158	1	
121900	180	48	158	1	
121901	181	48	158	1	
121902	182	48	158	1	
121903	183	48	158	1	
121904	184	48	158	1	
121905	185	48	158	1	
121906	186	48	158	1	
121907	186	48	158	1	
121908	186	48	158	1	
121909	186	48	158	1	
121910	186	48	158	1	
121911	186	48	158	1	
121912	184	48	159	1	
121913	185	48	158	1	
121914	186	48	158	1	
121915	186	48	158	1	
121916	186	48	158	1	
121917	186	48	158	1	
121918	186	48	158	1	
121919	186	48	158	1	
121920	186	48	158	1	
121921	184	48	158	1	
121922	182	47	159	1	
121923	180	46	160	1	
121924	179	45	160	1	
121925	178	44	160	1	
121926	176	44	162	1	
121927	174	44	163	1	
121928	172	44	164	1	
121929	171	44	164	1	
121930	170	44	164	1	
121931	170	44	164	1	
121932	170	44	164	1	
121933	170	43	164	1	
121934	170	42	164	1	
121935	170	42	164	1	
121936	170	42	164	1	
121937	170	42	164	1	
121938	170	42	164	1	
121939	170	42	164	1	
121940	170	42	164	1	
121941	170	42	164	1	
121942	170	42	164	1	
121943	170	42	164	1	
121944	170	42	164	1	
121945	170	42	164	1	
121946	169	42	165	1	
121947	168	42	166	1	
121948	167	42	167	1	
121949	166	42	168	1	
121950	165	42	169	1	
121951	166	43	167	1	
121952	167	44	166	1	
121953	166	44	167	1	
121954	165	44	168	1	
121955	164	44	169	1	
121956	164	44	170	1	
121957	164	44	171	1	
121958	164	44	172	1	
121959	164	44	172	1	
121960	164	43	171	1	
121961	164	42	170	1	
121962	164	42	169	1	
121963	164	42	168	1	
121964	164	42	168	1	
121965	164	42	168	1	
121966	164	42	169	1	
121967	164	42	170	1	
121968	164	42	171	1	
121969	164	42	172	1	
121970	164	42	172	1	
121971	164	42	172	1	
121972	164	42	172	1	
121973	164	42	172	1	
121974	164	42	172	1	
121975	164	42	172	1	
121976	164	42	172	1	
121977	164	42	172	1	
121978	164	42	172	1	
121979	164	42	172	1	
121980	164	42	172	1	
121981	164	42	172	1	
121982	164	42	172	1	
121983	164	42	172	1	
121984	164	42	172	1	
121985	164	42	172	1	
121986	164	42	172	1	
121987	164	42	172	1	
121988	164	42	172	1	
121989	164	42	172	1	
121990	164	42	172	1	
121991	164	42	172	1	
121992	164	42	172	1	
121993	164	42	172	1	
121994	164	42	172	1	
121995	164	42	172	1	
121996	164	42	172	1	
121997	164	42	172	1	
121998	164	42	172	1	
121999	164	42	172	1	
122000	164	42	172	1	
122001	164	42	172	1	
122002	164	42	172	1	
122003	165	43	170	1	
122004	164	43	171	1	
122005	164	43	172	1	
122006	165	44	170	1	
122007	166	45	168	1	
122008	167	46	167	1	
122009	168	47	166	1	
122010	168	47	167	1	
122011	168	47	168	1	
122012	168	47	169	1	
122013	168	47	170	1	
122014	169	47	169	1	
122015	170	47	168	1	
122016	172	47	166	1	
122017	173	47	166	1	
122018	174	47	166	1	
122019	176	47	164	1	
122020	178	47	162	1	
122021	178	47	162	1	
122022	179	46	162	1	
122023	179	46	162	1	
122024	180	45	162	1	
122025	180	44	162	1	
122026	180	43	162	1	
122027	180	42	162	1	
122028	180	43	163	1	
122029	180	44	164	1	
122030	180	43	164	1	
122031	180	44	165	1	
122032	179	43	166	1	
122033	182	44	165	1	
122034	185	45	164	1	
122035	187	46	163	1	
122036	189	47	162	1	
122037	191	48	161	1	
122038	191	48	160	1	
122039	189	47	162	1	
122040	189	48	161	1	
122041	188	48	161	1	
122042	187	47	162	1	
122043	186	47	163	1	
122044	185	47	164	1	
122045	184	47	165	1	
122046	183	46	166	1	
122047	182	46	167	1	
122048	181	46	168	1	
122049	180	45	169	1	
122050	180	46	170	1	
122051	179	45	171	1	
122052	178	44	172	1	
122053	178	43	172	1	
122054	178	42	172	1	
122055	178	42	172	1	
122056	178	42	172	1	
122057	178	42	172	1	
122058	181	43	170	1	
122059	184	44	168	1	
122060	183	43	169	1	
122061	185	44	168	1	
122062	187	45	168	1	
122063	189	46	168	1	
122064	190	47	168	1	
122065	191	48	168	1	
122066	192	49	168	1	
122067	193	50	168	1	
122068	195	51	167	1	
122069	196	52	167	1	
122070	194	51	168	1	
122071	193	52	168	1	
122072	191	51	169	1	
122073	189	50	170	1	
122074	187	49	171	1	
122075	186	48	170	1	
122076	185	47	171	1	
122077	184	47	170	1	
122078	184	46	169	1	
122079	184	45	168	1	
122080	184	44	168	1	
122081	184	44	168	1	
122082	184	44	168	1	
122083	184	44	168	1	
122084	182	43	168	1	
122085	180	42	168	1	
122086	179	42	168	1	
122087	178	42	168	1	
122088	177	42	168	1	
122089	176	42	168	1	
122090	175	42	168	1	
122091	174	42	168	1	
122092	173	42	168	1	
122093	172	42	168	1	
122094	171	42	168	1	
122095	170	42	168	1	
122096	170	42	168	1	
122097	170	42	168	1	
122098	170	42	168	1	
122099	170	42	168	1	
122100	170	42	168	1	
122101	170	43	167	1	
122102	170	44	166	1	
122103	170	44	167	1	
122104	168	45	166	1	
122105	167	46	165	1	
122106	166	47	164	1	
122107	165	48	163	1	
122108	164	48	162	1	
122109	163	48	161	1	
122110	162	48	160	1	
122111	161	48	159	1	
122112	160	48	158	1	
122113	160	48	158	1	
122114	160	48	158	1	
122115	160	48	158	1	
122116	160	48	158	1	
122117	160	48	158	1	
122118	160	48	158	1	
122119	160	48	158	1	
122120	160	48	158	1	
122121	160	48	158	1	
122122	160	48	158	1	
122123	160	48	158	1	
122124	160	48	158	1	
122125	160	48	158	1	
122126	160	48	158	1	
122127	160	48	158	1	
122128	160	48	158	1	
122129	160	48	158	1	
122130	160	48	158	1	
122131	160	48	158	1	
122132	159	47	159	1	
122133	158	46	160	1	
122134	157	45	160	1	
122135	156	44	160	1	
122136	156	44	158	1	
122137	156	44	157	1	
122138	156	45	157	1	
122139	156	46	157	1	
122140	156	47	157	1	
122141	156	47	156	1	
122142	156	47	155	1	
122143	156	47	154	1	
122144	156	47	153	1	
122145	156	48	153	1	
122146	155	47	154	1	
122147	155	47	153	1	
122148	155	47	152	1	
122149	155	47	151	1	
122150	155	47	150	1	
122151	154	46	151	1	
122152	153	45	152	1	
122153	153	44	153	1	
122154	153	43	154	1	
122155	154	44	153	1	
122156	153	43	154	1	
122157	153	44	154	1	
122158	153	45	154	1	
122159	154	45	156	1	
122160	154	46	158	1	
122161	154	46	160	1	
122162	154	46	162	1	
122163	154	46	163	1	
122164	154	46	164	1	
122165	156	47	163	1	
122166	157	47	164	1	
122167	158	47	165	1	
122168	159	48	164	1	
122169	159	48	165	1	
122170	160	47	165	1	
122171	160	47	166	1	
122172	160	47	167	1	
122173	161	48	166	1	
122174	162	48	165	1	
122175	163	48	164	1	
122176	164	48	163	1	
122177	165	48	162	1	
122178	166	48	161	1	
122179	167	48	160	1	
122180	168	48	159	1	
122181	168	48	158	1	
122182	168	48	158	1	
122183	168	48	158	1	
122184	168	48	158	1	
122185	168	48	158	1	
122186	168	48	158	1	
122187	168	48	158	1	
122188	168	48	158	1	
122189	168	48	158	1	
122190	168	48	158	1	
122191	168	48	158	1	
122192	168	48	158	1	
122193	168	48	158	1	
122194	168	48	160	1	
122195	167	48	162	1	
122196	167	48	163	1	
122197	167	47	163	1	
122198	167	46	163	1	
122199	167	45	163	1	
122200	166	46	162	1	
122201	165	47	161	1	
122202	164	48	160	1	
122203	163	48	159	1	
122204	163	48	161	1	
122205	163	48	162	1	
122206	163	48	163	1	
122207	163	48	164	1	
122208	163	48	165	1	
122209	163	48	166	1	
122210	163	48	167	1	
122211	163	48	168	1	
122212	163	48	169	1	
122213	163	48	170	1	
122214	163	48	171	1	
122215	163	47	170	1	
122216	163	46	169	1	
122217	163	45	168	1	
122218	162	44	168	1	
122219	161	43	168	1	
122220	160	42	168	1	
122221	159	42	168	1	
122222	158	42	168	1	
122223	158	43	166	1	
122224	158	44	165	1	
122225	158	45	164	1	
122226	158	46	163	1	
122227	158	46	161	1	
122228	158	47	160	1	
122229	158	48	159	1	
122230	158	48	158	1	
122231	159	48	160	1	
122232	159	48	159	1	
122233	159	48	158	1	
122234	159	48	158	1	
122235	159	48	158	1	
122236	159	48	158	1	
122237	159	48	158	1	
122238	159	48	158	1	
122239	159	48	158	1	
122240	159	48	158	1	
122241	159	48	158	1	
122242	159	48	158	1	
122243	159	48	158	1	
122244	159	48	158	1	
122245	159	48	157	1	
122246	158	47	158	1	
122247	158	47	157	1	
122248	159	47	159	1	
122249	160	46	160	1	
122250	161	45	160	1	
122251	162	44	160	1	
122252	162	43	160	1	
122253	162	42	160	1	
122254	162	42	160	1	
122255	162	42	160	1	
122256	162	42	160	1	
122257	162	42	160	1	
122258	162	42	160	1	
122259	163	42	159	1	
122260	163	42	160	1	
122261	163	42	160	1	
122262	166	42	159	1	
122263	168	42	160	1	
122264	169	42	160	1	
122265	170	42	160	1	
122266	171	42	160	1	
122267	173	42	159	1	
122268	174	42	160	1	
122269	174	42	160	1	
122270	176	41	159	1	
122271	176	41	160	1	
122272	176	41	160	1	
122273	176	41	160	1	
122274	177	40	159	1	
122275	177	40	160	1	
122276	178	40	159	1	
122277	179	40	158	1	
122278	179	40	159	1	
122279	179	40	160	1	
122280	180	40	159	1	
122281	179	40	160	1	
122282	178	40	160	1	
122283	177	40	160	1	
122284	176	40	160	1	
122285	175	40	160	1	
122286	175	40	159	1	
122287	175	40	158	1	
122288	175	40	158	1	
122289	175	40	158	1	
122290	175	40	158	1	
122291	175	40	158	1	
122292	175	40	158	1	
122293	175	40	158	1	
122294	175	40	158	1	
122295	175	40	158	1	
122296	174	40	159	1	
122297	173	40	160	1	
122298	172	40	160	1	
122299	171	40	160	1	
122300	170	40	160	1	
122301	170	40	160	1	
122302	170	40	160	1	
122303	170	40	160	1	
122304	170	40	159	1	
122305	170	40	160	1	
122306	170	40	160	1	
122307	170	40	160	1	
122308	170	40	160	1	
122309	170	40	160	1	
122310	170	40	160	1	
122311	170	40	160	1	
122312	170	40	160	1	
122313	170	40	160	1	
122314	170	40	160	1	
122315	170	40	160	1	
122316	170	40	160	1	
122317	170	40	160	1	
122318	170	40	160	1	
122319	170	40	160	1	
122320	170	40	160	1	
122321	170	40	160	1	
122322	170	40	160	1	
122323	170	40	160	1	
122324	170	40	160	1	
122325	170	40	160	1	
122326	170	40	160	1	
122327	170	40	160	1	
122328	170	40	160	1	
122329	170	40	160	1	
122330	168	40	160	1	
122331	168	40	160	1	
122332	168	40	160	1	
122333	168	40	160	1	
122334	168	40	160	1	
122335	168	40	160	1	
122336	168	40	160	1	
122337	168	40	160	1	
122338	168	40	160	1	
122339	168	40	160	1	
122340	166	40	160	1	
122341	164	40	160	1	
122342	162	40	160	1	
122343	161	40	160	1	
122344	160	40	160	1	
122345	159	40	160	1	
122346	158	40	160	1	
122347	157	40	160	1	
122348	156	40	160	1	
122349	155	40	160	1	
122350	154	40	160	1	
122351	153	40	160	1	
122352	153	40	160	1	
122353	153	40	160	1	
122354	153	40	160	1	
122355	153	40	160	1	
122356	153	40	160	1	
122357	153	40	160	1	
122358	153	40	160	1	
122359	153	40	160	1	
122360	153	40	160	1	
122361	153	40	160	1	
122362	153	40	160	1	
122363	153	40	160	1	
122364	153	40	160	1	
122365	153	40	160	1	
122366	153	40	160	1	
122367	153	40	160	1	
122368	153	40	160	1	
122369	153	40	160	1	
122370	153	40	160	1	
122371	153	40	160	1	
122372	153	40	160	1	
122373	153	40	160	1	
122374	153	40	160	1	
122375	153	40	160	1	
122376	153	40	160	1	
122377	153	40	160	1	
122378	153	40	160	1	
122379	153	40	160	1	
122380	153	40	160	1	
122381	153	40	160	1	
122382	153	40	160	1	
122383	153	40	160	1	
122384	153	40	160	1	
122385	153	40	160	1	
122386	153	40	160	1	
122387	153	40	160	1	
122388	153	40	160	1	
122389	153	40	160	1	
122390	153	40	160	1	
122391	153	40	160	1	
122392	153	40	160	1	
122393	153	40	160	1	
122394	153	40	160	1	
122395	153	40	160	1	
122396	153	40	160	1	
122397	153	40	160	1	
122398	153	40	160	1	
122399	153	40	160	1	
122400	153	40	159	1	
122401	153	40	158	1	
122402	153	40	159	1	
122403	153	40	160	1	
122404	153	40	160	1	
122405	153	40	160	1	
122406	153	40	160	1	
122407	153	40	160	1	
122408	153	41	162	1	
122409	153	42	161	1	
122410	153	42	164	1	
122411	153	42	166	1	
122412	153	42	168	1	
122413	153	42	170	1	
122414	153	42	169	1	
122415	153	42	168	1	
122416	153	42	168	1	
122417	153	42	168	1	
122418	153	43	167	1	
122419	153	42	167	1	
122420	153	43	166	1	
122421	153	42	166	1	
122422	153	42	166	1	
122423	153	42	166	1	
122424	153	42	166	1	
122425	153	42	166	1	
122426	153	42	166	1	
122427	153	42	166	1	
122428	154	43	164	1	
122429	153	42	164	1	
122430	153	42	164	1	
122431	153	42	164	1	
122432	153	42	164	1	
122433	153	42	164	1	
122434	153	42	164	1	
122435	154	43	162	1	
122436	153	42	162	1	
122437	153	42	162	1	
122438	153	42	162	1	
122439	153	42	162	1	
122440	153	42	162	1	
122441	153	42	162	1	
122442	153	42	162	1	
122443	153	42	162	1	
122444	153	42	162	1	
122445	153	42	162	1	
122446	153	42	162	1	
122447	153	42	162	1	
122448	153	42	162	1	
122449	153	42	162	1	
122450	153	42	162	1	
122451	153	42	162	1	
122452	153	42	162	1	
122453	153	42	162	1	
122454	153	42	162	1	
122455	153	42	162	1	
122456	153	42	162	1	
122457	153	42	162	1	
122458	153	42	162	1	
122459	153	42	162	1	
122460	153	42	162	1	
122461	153	42	162	1	
122462	153	42	162	1	
122463	153	42	162	1	
122464	153	42	162	1	
122465	153	42	162	1	
122466	153	42	162	1	
122467	153	42	162	1	
122468	153	42	162	1	
122469	153	42	162	1	
122470	153	42	162	1	
122471	153	42	162	1	
122472	153	42	162	1	
122473	153	42	162	1	
122474	153	42	162	1	
122475	153	42	162	1	
122476	153	42	162	1	
122477	153	42	162	1	
122478	153	42	162	1	
122479	153	42	162	1	
122480	153	42	162	1	
122481	153	42	162	1	
122482	153	42	162	1	
122483	153	42	162	1	
122484	153	42	162	1	
122485	153	42	162	1	
122486	153	42	162	1	
122487	153	42	162	1	
122488	153	42	162	1	
122489	153	42	162	1	
122490	153	42	162	1	
122491	153	42	162	1	
122492	153	42	162	1	
122493	153	42	162	1	
122494	153	42	162	1	
122495	153	42	162	1	
122496	153	42	162	1	
122497	153	42	162	1	
122498	153	42	162	1	
122499	153	42	162	1	
122500	153	42	162	1	
122501	153	42	162	1	
122502	153	42	162	1	
122503	153	42	162	1	
122504	153	42	162	1	
122505	153	42	162	1	
122506	153	42	162	1	
122507	153	42	162	1	
122508	153	42	162	1	
122509	153	42	162	1	
122510	153	42	162	1	
122511	153	42	162	1	
122512	153	42	162	1	
122513	153	42	162	1	
122514	153	42	162	1	
122515	153	42	162	1	
122516	153	42	162	1	
122517	153	42	162	1	
122518	154	43	160	1	
122519	154	44	158	1	
122520	154	44	157	1	
122521	154	44	156	1	
122522	154	44	155	1	
122523	154	44	154	1	
122524	154	43	154	1	
122525	154	44	153	1	
122526	153	43	154	1	
122527	153	42	155	1	
122528	153	42	156	1	
122529	153	42	157	1	
122530	153	42	158	1	
122531	153	42	159	1	
122532	153	42	160	1	
122533	153	42	160	1	
122534	153	42	160	1	
122535	153	42	160	1	
122536	153	42	160	1	
122537	153	42	160	1	
122538	153	42	160	1	
122539	154	43	158	1	
122540	154	44	157	1	
122541	154	44	156	1	
122542	153	43	157	1	
122543	151	44	159	1	
122544	149	45	161	1	
122545	148	46	162	1	
122546	147	46	163	1	
122547	146	46	164	1	
122548	145	46	165	1	
122549	145	45	165	1	
122550	145	44	165	1	
122551	145	43	165	1	
122552	145	42	165	1	
122553	145	42	165	1	
122554	145	42	165	1	
122555	145	42	165	1	
122556	145	42	165	1	
122557	145	42	165	1	
122558	145	42	165	1	
122559	145	42	165	1	
122560	145	42	165	1	
122561	145	42	165	1	
122562	144	43	166	1	
122563	143	44	167	1	
122564	142	45	168	1	
122565	141	46	169	1	
122566	140	46	170	1	
122567	139	46	171	1	
122568	139	46	168	1	
122569	139	46	166	1	
122570	139	46	164	1	
122571	139	46	162	1	
122572	139	46	160	1	
122573	139	46	158	1	
122574	139	46	157	1	
122575	139	46	156	1	
122576	139	46	155	1	
122577	139	46	154	1	
122578	139	46	153	1	
122579	139	46	152	1	
122580	140	45	153	1	
122581	139	46	155	1	
122582	138	46	157	1	
122583	138	46	159	1	
122584	138	46	161	1	
122585	138	46	162	1	
122586	139	45	162	1	
122587	140	44	162	1	
122588	141	43	162	1	
122589	142	42	162	1	
122590	143	42	162	1	
122591	144	42	162	1	
122592	144	42	162	1	
122593	144	42	162	1	
122594	144	42	162	1	
122595	145	43	161	1	
122596	146	44	160	1	
122597	147	45	159	1	
122598	148	46	158	1	
122599	149	47	158	1	
122600	149	46	159	1	
122601	150	47	158	1	
122602	150	46	159	1	
122603	150	45	160	1	
122604	150	44	160	1	
122605	150	43	160	1	
122606	150	42	160	1	
122607	150	42	160	1	
122608	150	42	160	1	
122609	150	43	159	1	
122610	150	44	158	1	
122611	150	43	159	1	
122612	150	42	160	1	
122613	150	42	160	1	
122614	150	42	160	1	
122615	150	42	160	1	
122616	150	42	160	1	
122617	150	42	160	1	
122618	150	42	160	1	
122619	150	42	160	1	
122620	150	42	160	1	
122621	150	42	160	1	
122622	150	42	160	1	
122623	150	42	160	1	
122624	150	42	160	1	
122625	150	43	159	1	
122626	150	44	158	1	
122627	150	45	158	1	
122628	150	46	158	1	
122629	150	47	158	1	
122630	150	48	158	1	
122631	150	47	159	1	
122632	150	48	158	1	
122633	150	48	158	1	
122634	150	47	159	1	
122635	150	46	160	1	
122636	150	45	160	1	
122637	150	44	160	1	
122638	150	43	160	1	
122639	150	42	160	1	
122640	150	42	160	1	
122641	150	42	160	1	
122642	150	42	160	1	
122643	148	43	162	1	
122644	147	44	163	1	
122645	146	45	164	1	
122646	146	44	164	1	
122647	146	43	164	1	
122648	146	42	164	1	
122649	146	42	164	1	
122650	146	42	164	1	
122651	145	43	165	1	
122652	144	44	166	1	
122653	144	43	166	1	
122654	145	44	165	1	
122655	145	43	165	1	
122656	146	44	164	1	
122657	146	43	164	1	
122658	146	42	164	1	
122659	147	43	163	1	
122660	147	42	163	1	
122661	148	43	162	1	
122662	149	44	161	1	
122663	148	45	162	1	
122664	147	46	163	1	
122665	146	46	161	1	
122666	145	46	159	1	
122667	144	46	161	1	
122668	144	46	159	1	
122669	144	45	160	1	
122670	144	44	160	1	
122671	144	43	160	1	
122672	144	42	160	1	
122673	144	42	160	1	
122674	144	42	160	1	
122675	144	42	160	1	
122676	144	42	160	1	
122677	144	42	160	1	
122678	144	42	160	1	
122679	144	42	160	1	
122680	144	42	160	1	
122681	144	42	160	1	
122682	144	42	160	1	
122683	144	42	160	1	
122684	144	42	160	1	
122685	144	42	160	1	
122686	144	42	160	1	
122687	144	42	160	1	
122688	144	42	160	1	
122689	144	42	160	1	
122690	144	42	160	1	
122691	144	42	160	1	
122692	144	42	160	1	
122693	144	42	160	1	
122694	144	42	160	1	
122695	144	42	160	1	
122696	144	42	160	1	
122697	144	42	160	1	
122698	144	42	160	1	
122699	144	42	160	1	
122700	144	42	160	1	
122701	144	42	160	1	
122702	144	42	160	1	
122703	144	42	160	1	
122704	144	42	160	1	
122705	144	42	160	1	
122706	144	42	160	1	
122707	144	42	160	1	
122708	144	42	160	1	
122709	144	42	160	1	
122710	144	42	160	1	
122711	144	42	160	1	
122712	144	42	160	1	
122713	144	42	160	1	
122714	144	42	160	1	
122715	144	42	160	1	
122716	144	42	160	1	
122717	144	42	160	1	
122718	144	42	160	1	
122719	144	42	160	1	
122720	144	42	160	1	
122721	144	42	160	1	
122722	144	42	160	1	
122723	144	42	160	1	
122724	144	42	160	1	
122725	144	42	160	1	
122726	144	42	160	1	
122727	144	42	160	1	
122728	144	42	160	1	
122729	144	42	160	1	
122730	144	42	160	1	
122731	144	42	160	1	
122732	144	42	160	1	
122733	144	42	160	1	
122734	144	42	160	1	
122735	144	42	160	1	
122736	144	42	160	1	
122737	144	42	160	1	
122738	144	42	160	1	
122739	144	42	160	1	
122740	144	42	160	1	
122741	143	43	162	1	
122742	144	42	162	1	
122743	144	42	162	1	
122744	143	43	163	1	
122745	144	42	163	1	
122746	144	42	163	1	
122747	144	42	163	1	
122748	144	42	163	1	
122749	144	42	163	1	
122750	144	42	163	1	
122751	144	42	163	1	
122752	144	42	163	1	
122753	144	42	163	1	
122754	144	42	163	1	
122755	144	42	163	1	
122756	144	42	163	1	
122757	144	42	163	1	
122758	144	42	163	1	
122759	144	42	163	1	
122760	143	43	164	1	
122761	144	42	164	1	
122762	144	42	164	1	
122763	144	42	165	1	
122764	144	42	166	1	
122765	144	42	166	1	
122766	144	42	166	1	
122767	144	42	166	1	
122768	144	42	166	1	
122769	144	42	166	1	
122770	144	42	166	1	
122771	144	42	166	1	
122772	144	42	166	1	
122773	144	42	166	1	
122774	144	42	166	1	
122775	144	42	166	1	
122776	144	42	166	1	
122777	144	42	166	1	
122778	144	42	166	1	
122779	144	42	166	1	
122780	144	42	166	1	
122781	143	43	167	1	
122782	142	44	168	1	
122783	143	45	167	1	
122784	144	46	166	1	
122785	144	45	166	1	
122786	144	44	166	1	
122787	144	43	166	1	
122788	144	42	166	1	
122789	144	42	166	1	
122790	144	42	166	1	
122791	144	42	166	1	
122792	144	42	166	1	
122793	144	42	166	1	
122794	144	42	166	1	
122795	144	42	166	1	
122796	144	42	166	1	
122797	144	42	166	1	
122798	144	42	166	1	
122799	144	42	166	1	
122800	144	42	166	1	
122801	145	43	165	1	
122802	146	44	164	1	
122803	147	45	163	1	
122804	148	46	162	1	
122805	149	47	161	1	
122806	150	48	160	1	
122807	150	48	159	1	
122808	150	47	160	1	
122809	150	48	159	1	
122810	150	48	158	1	
122811	150	48	158	1	
122812	150	48	158	1	
122813	150	48	158	1	
122814	150	48	158	1	
122815	150	48	158	1	
122816	150	48	158	1	
122817	150	48	158	1	
122818	150	48	158	1	
122819	150	48	158	1	
122820	150	48	158	1	
122821	150	48	158	1	
122822	150	48	158	1	
122823	150	48	158	1	
122824	150	48	158	1	
122825	150	48	158	1	
122826	151	48	157	1	
122827	150	47	158	1	
122828	149	46	159	1	
122829	148	45	160	1	
122830	147	44	160	1	
122831	146	43	160	1	
122832	147	44	159	1	
122833	146	43	160	1	
122834	145	42	160	1	
122835	144	41	160	1	
122836	144	40	160	1	
122837	144	39	160	1	
122838	144	38	160	1	
122839	145	39	159	1	
122840	146	40	158	1	
122841	147	41	158	1	
122842	148	42	158	1	
122843	149	43	158	1	
122844	150	44	158	1	
122845	150	45	158	1	
122846	150	46	158	1	
122847	150	47	158	1	
122848	150	48	158	1	
122849	150	48	158	1	
122850	150	48	158	1	
122851	150	48	158	1	
122852	149	47	159	1	
122853	148	46	160	1	
122854	149	47	159	1	
122855	149	46	160	1	
122856	149	45	160	1	
122857	149	44	160	1	
122858	149	43	160	1	
122859	149	42	160	1	
122860	149	42	160	1	
122861	150	43	159	1	
122862	150	44	158	1	
122863	150	45	158	1	
122864	150	46	158	1	
122865	150	47	158	1	
122866	150	48	158	1	
122867	150	48	158	1	
122868	150	48	158	1	
122869	150	48	158	1	
122870	150	48	158	1	
122871	150	48	158	1	
122872	150	48	158	1	
122873	150	48	158	0	
122874	150	48	158	0	
122875	150	48	158	0	
122876	150	48	158	0	
122877	150	48	158	0	
122878	150	48	158	0	
122879	150	48	158	0	
122880	150	48	158	0	
122881	152	47	159	0	
122882	153	46	160	0	
122883	154	45	160	0	
122884	155	44	160	0	
122885	156	43	160	0	
122886	157	42	160	0	
122887	158	42	160	0	
122888	159	42	160	0	
122889	160	42	160	0	
122890	161	42	160	0	
122891	162	42	160	0	
122892	162	42	160	0	
122893	164	42	160	0	
122894	166	42	160	0	
122895	168	42	160	0	
122896	170	42	160	0	
122897	172	42	160	0	
122898	175	41	160	0	
122899	178	42	160	0	
122900	181	42	160	0	
122901	183	41	160	0	
122902	184	42	162	0	
122903	185	43	163	0	
122904	186	44	164	0	
122905	191	44	162	0	
122906	195	44	160	0	
122907	199	44	158	0	
122908	202	43	159	0	
122909	204	42	160	0	
122910	206	41	160	0	
122911	208	40	160	0	
122912	210	39	160	0	
122913	211	38	160	0	
122914	212	39	162	0	
122915	213	40	163	0	
122916	217	41	162	0	
122917	220	42	161	0	
122918	223	41	161	0	
122919	225	40	161	0	
122920	227	39	161	0	
122921	228	40	162	0	
122922	230	39	162	0	
122923	231	40	163	0	
122924	232	39	163	0	
122925	233	38	163	0	
122926	235	39	162	0	
122927	236	40	161	0	
122928	237	41	160	0	
