120001	424	56	164	0	
120002	424	56	164	0	
120003	424	56	164	0	
120004	423	54	165	0	
120005	422	53	166	0	
120006	422	53	166	0	
120007	423	53	165	0	
120008	424	52	166	0	
120009	425	51	167	0	
120010	426	50	168	0	
120011	428	51	168	0	
120012	429	50	169	0	
120013	430	49	170	0	
120014	430	48	171	0	
120015	431	49	170	0	
120016	432	50	169	0	
120017	433	51	168	0	
120018	434	52	168	0	
120019	435	52	168	0	
120020	436	52	168	0	
120021	437	52	168	0	
120022	438	52	168	0	
120023	438	52	168	0	
120024	438	52	168	0	
120025	438	51	169	0	
120026	438	50	170	0	
120027	438	51	169	0	
120028	438	52	168	0	
120029	438	52	168	0	
120030	438	52	168	0	
120031	438	52	168	0	
120032	438	51	169	0	
120033	438	52	168	0	
120034	438	52	168	0	
120035	438	52	168	0	
120036	438	52	168	0	
120037	438	52	168	0	
120038	438	52	168	0	
120039	438	52	168	0	
120040	438	52	168	0	
120041	438	52	168	0	
120042	438	52	168	0	
120043	438	52	168	0	
120044	438	51	169	0	
120045	438	50	170	0	
120046	438	49	171	0	
120047	438	48	172	0	
120048	438	47	172	0	
120049	438	46	172	0	
120050	438	45	172	0	
120051	438	46	171	0	
120052	438	47	170	0	
120053	439	48	168	0	
120054	439	49	168	0	
120055	440	49	167	0	
120056	439	48	168	0	
120057	440	48	167	0	
120058	441	48	166	0	
120059	441	49	166	0	
120060	442	49	165	0	
120061	442	49	164	0	
120062	442	49	163	0	
120063	442	49	162	0	
120064	442	49	161	0	
120065	442	49	160	0	
120066	441	50	160	0	
120067	441	51	160	0	
120068	441	52	160	0	
120069	441	52	160	0	
120070	441	52	160	0	
120071	441	52	160	0	
120072	441	52	160	0	
120073	442	52	159	0	
120074	442	52	160	0	
120075	442	52	160	0	
120076	442	52	160	0	
120077	442	52	160	0	
120078	442	52	160	0	
120079	442	52	159	0	
120080	442	52	158	0	
120081	442	52	159	0	
120082	442	52	160	0	
120083	442	52	160	0	
120084	442	52	160	0	
120085	442	52	160	0	
120086	442	52	160	0	
120087	442	52	160	0	
120088	442	52	160	0	
120089	442	52	159	0	
120090	442	52	160	0	
120091	442	52	160	0	
120092	442	52	159	0	
120093	442	52	158	0	
120094	441	51	160	0	
120095	440	50	162	0	
120096	439	49	163	0	
120097	439	50	163	0	
120098	440	50	162	0	
120099	440	51	162	0	
120100	440	52	162	0	
120101	438	51	165	0	
120102	436	50	167	0	
120103	435	49	169	0	
120104	434	48	171	0	
120105	433	48	173	0	
120106	432	48	175	0	
120107	431	48	176	0	
120108	430	48	177	0	
120109	429	48	178	0	
120110	428	48	179	0	
120111	428	48	180	0	
120112	428	48	181	0	
120113	428	48	182	0	
120114	428	48	183	0	
120115	428	48	184	0	
120116	428	48	184	0	
120117	428	48	184	0	
120118	428	48	184	0	
120119	428	48	184	0	
120120	428	48	184	0	
120121	428	48	184	0	
120122	428	48	184	0	
120123	428	48	184	0	
120124	428	48	184	0	
120125	428	48	184	0	
120126	428	48	184	0	
120127	428	48	184	0	
120128	428	48	184	0	
120129	428	48	184	0	
120130	428	48	184	0	
120131	428	48	184	0	
120132	428	48	184	0	
120133	428	48	184	0	
120134	428	48	184	0	
120135	428	48	184	0	
120136	428	48	184	0	
120137	428	48	184	0	
120138	428	48	184	0	
120139	428	48	184	0	
120140	428	48	184	0	
120141	428	48	184	0	
120142	428	48	184	0	
120143	428	48	184	0	
120144	428	48	184	0	
120145	428	48	184	0	
120146	428	48	184	0	
120147	428	48	184	0	
120148	428	48	184	0	
120149	428	48	184	0	
120150	428	48	184	0	
120151	428	48	184	0	
120152	428	48	184	0	
120153	428	48	184	0	
120154	428	48	184	0	
120155	428	48	184	0	
120156	429	49	182	0	
120157	430	50	180	0	
120158	431	51	178	0	
120159	432	52	177	0	
120160	433	52	176	0	
120161	434	52	175	0	
120162	435	52	174	0	
120163	436	52	173	0	
120164	435	51	175	0	
120165	436	52	174	0	
120166	437	52	173	0	
120167	438	52	172	0	
120168	438	52	171	0	
120169	438	52	170	0	
120170	438	52	169	0	
120171	438	52	168	0	
120172	438	52	168	0	
120173	438	52	168	0	
120174	438	52	168	0	
120175	438	52	168	0	
120176	438	52	168	0	
120177	438	52	168	0	
120178	438	52	168	0	
120179	438	52	168	0	
120180	438	52	168	0	
120181	438	52	168	0	
120182	438	52	168	0	
120183	438	52	168	0	
120184	438	52	168	0	
120185	438	52	168	0	
120186	438	52	168	0	
120187	438	52	168	0	
120188	438	52	168	0	
120189	438	52	168	0	
120190	438	52	168	0	
120191	439	52	167	0	
120192	439	52	167	0	
120193	439	52	167	0	
120194	439	52	167	0	
120195	439	52	167	0	
120196	439	52	167	0	
120197	439	52	167	0	
120198	439	52	167	0	
120199	439	52	167	0	
120200	439	52	167	0	
120201	439	52	167	0	
120202	439	52	167	0	
120203	439	52	167	0	
120204	439	52	167	0	
120205	439	52	167	0	
120206	439	52	167	0	
120207	439	52	167	0	
120208	439	52	167	0	
120209	439	52	167	0	
120210	439	52	167	0	
120211	439	52	167	0	
120212	439	52	167	0	
120213	439	52	167	0	
120214	439	52	167	0	
120215	439	52	167	0	
120216	437	51	169	0	
120217	438	52	168	0	
120218	436	51	170	0	
120219	437	52	169	0	
120220	438	52	168	0	
120221	438	52	168	0	
120222	438	52	168	0	
120223	438	52	168	0	
120224	436	51	170	0	
120225	435	50	172	0	
120226	436	51	171	0	
120227	437	52	170	0	
120228	436	51	172	0	
120229	435	50	174	0	
120230	434	49	176	0	
120231	433	48	177	0	
120232	432	48	178	0	
120233	433	49	177	0	
120234	432	48	178	0	
120235	433	49	177	0	
120236	434	50	176	0	
120237	435	51	175	0	
120238	436	52	174	0	
120239	437	52	173	0	
120240	438	52	172	0	
120241	438	52	171	0	
120242	438	52	170	0	
120243	438	52	169	0	
120244	438	52	168	0	
120245	438	52	168	0	
120246	438	52	168	0	
120247	438	52	168	0	
120248	438	52	168	0	
120249	438	52	168	0	
120250	438	52	168	0	
120251	438	52	168	0	
120252	438	52	168	0	
120253	438	52	168	0	
120254	438	52	168	0	
120255	439	52	167	0	
120256	440	52	166	0	
120257	440	52	166	0	
120258	440	52	166	0	
120259	440	52	166	0	
120260	440	52	166	0	
120261	438	51	168	0	
120262	439	51	167	0	
120263	439	52	167	0	
120264	439	52	167	0	
120265	439	52	167	0	
120266	440	52	166	0	
120267	440	52	166	0	
120268	438	51	168	0	
120269	438	52	168	0	
120270	438	52	168	0	
120271	438	52	168	0	
120272	436	51	170	0	
120273	437	52	169	0	
120274	438	52	168	0	
120275	438	52	168	0	
120276	436	51	170	0	
120277	435	50	172	0	
120278	434	49	174	0	
120279	433	48	176	0	
120280	432	48	177	0	
120281	433	49	176	0	
120282	434	50	175	0	
120283	435	51	174	0	
120284	436	52	173	0	
120285	437	52	172	0	
120286	438	52	171	0	
120287	438	52	170	0	
120288	438	52	169	0	
120289	438	52	168	0	
120290	438	52	168	0	
120291	436	51	170	0	
120292	437	52	169	0	
120293	436	51	171	0	
120294	435	50	173	0	
120295	434	49	175	0	
120296	433	48	176	0	
120297	434	49	175	0	
120298	433	48	176	0	
120299	434	49	175	0	
120300	433	48	176	0	
120301	434	49	175	0	
120302	435	50	174	0	
120303	436	51	173	0	
120304	437	52	172	0	
120305	438	52	171	0	
120306	436	51	173	0	
120307	435	50	175	0	
120308	434	49	176	0	
120309	433	48	177	0	
120310	432	48	178	0	
120311	433	49	177	0	
120312	432	48	178	0	
120313	431	48	179	0	
120314	430	48	180	0	
120315	429	48	181	0	
120316	430	49	179	0	
120317	429	48	180	0	
120318	428	48	181	0	
120319	428	48	182	0	
120320	428	48	183	0	
120321	428	48	184	0	
120322	428	48	184	0	
120323	428	48	184	0	
120324	428	48	184	0	
120325	428	48	184	0	
120326	428	48	184	0	
120327	428	48	184	0	
120328	428	48	184	0	
120329	428	48	184	0	
120330	428	48	184	0	
120331	428	48	184	0	
120332	428	48	184	0	
120333	428	48	184	0	
120334	428	48	184	0	
120335	428	48	184	0	
120336	428	48	184	0	
120337	428	48	184	0	
120338	428	48	184	0	
120339	429	49	182	0	
120340	430	50	180	0	
120341	431	51	178	0	
120342	432	52	177	0	
120343	433	52	176	0	
120344	434	52	175	0	
120345	435	52	174	0	
120346	436	52	173	0	
120347	437	52	172	0	
120348	438	52	171	0	
120349	438	52	170	0	
120350	438	52	169	0	
120351	438	52	168	0	
120352	438	52	168	0	
120353	438	52	168	0	
120354	438	52	168	0	
120355	438	52	168	0	
120356	438	52	168	0	
120357	438	52	168	0	
120358	438	52	168	0	
120359	438	52	168	0	
120360	438	52	168	0	
120361	438	52	168	0	
120362	438	52	168	0	
120363	438	52	168	0	
120364	438	52	168	0	
120365	438	52	168	0	
120366	438	52	168	0	
120367	438	52	168	0	
120368	438	52	168	0	
120369	438	52	168	0	
120370	438	52	168	0	
120371	438	52	168	0	
120372	438	52	168	0	
120373	438	52	168	0	
120374	438	52	168	0	
120375	438	52	168	0	
120376	438	52	168	0	
120377	438	52	168	0	
120378	438	52	168	0	
120379	438	52	168	0	
120380	438	52	168	0	
120381	438	52	168	0	
120382	438	52	168	0	
120383	438	52	168	0	
120384	438	52	168	0	
120385	438	52	168	0	
120386	438	52	168	0	
120387	438	52	168	0	
120388	438	52	168	0	
120389	438	52	168	0	
120390	438	52	168	0	
120391	438	52	168	0	
120392	438	52	168	0	
120393	438	52	168	0	
120394	438	52	168	0	
120395	439	52	167	0	
120396	439	52	167	0	
120397	439	52	167	0	
120398	439	52	167	0	
120399	440	52	166	0	
120400	441	52	165	0	
120401	442	52	164	0	
120402	442	52	164	0	
120403	442	52	164	0	
120404	442	52	164	0	
120405	442	52	164	0	
120406	442	52	163	0	
120407	442	52	162	0	
120408	442	52	161	0	
120409	442	52	160	0	
120410	441	51	162	0	
120411	440	50	163	0	
120412	439	49	164	0	
120413	438	48	165	0	
120414	438	47	166	0	
120415	438	46	167	0	
120416	438	47	167	0	
120417	438	48	167	0	
120418	438	49	167	0	
120419	438	50	167	0	
120420	438	51	167	0	
120421	438	52	167	0	
120422	438	52	167	0	
120423	438	52	167	0	
120424	438	52	167	0	
120425	438	52	167	0	
120426	438	52	167	0	
120427	438	52	167	0	
120428	438	51	168	0	
120429	438	52	168	0	
120430	438	52	168	0	
120431	438	52	168	0	
120432	438	52	168	0	
120433	437	52	167	0	
120434	436	52	166	0	
120435	435	52	166	0	
120436	434	52	165	0	
120437	432	51	166	0	
120438	431	52	166	0	
120439	429	52	165	0	
120440	427	52	164	0	
120441	426	52	163	0	
120442	425	52	162	0	
120443	423	52	162	0	
120444	421	52	162	0	
120445	418	51	163	0	
120446	416	51	162	0	
120447	415	52	160	0	
120448	414	53	158	0	
120449	413	54	157	0	
120450	411	56	157	0	
120451	409	57	157	0	
120452	406	57	156	0	
120453	404	57	155	0	
120454	401	57	155	0	
120455	399	57	154	0	
120456	398	56	153	0	
120457	397	55	152	0	
120458	396	55	153	0	
120459	395	55	154	0	
120460	394	55	155	0	
120461	394	55	155	0	
120462	394	55	155	0	
120463	395	54	154	0	
120464	396	54	153	0	
120465	397	54	152	0	
120466	397	53	154	0	
120467	399	53	154	0	
120468	400	52	155	0	
120469	402	51	156	0	
120470	404	50	157	0	
120471	406	49	158	0	
120472	408	48	159	0	
120473	410	47	160	0	
120474	412	46	162	0	
120475	415	45	162	0	
120476	418	44	162	0	
120477	420	43	162	0	
120478	422	42	162	0	
120479	424	42	162	0	
120480	426	42	162	0	
120481	428	42	162	0	
120482	430	43	161	0	
120483	431	43	161	0	
120484	432	42	161	0	
120485	432	42	162	0	
120486	432	42	163	0	
120487	432	42	164	0	
120488	434	43	163	0	
120489	433	44	162	0	
120490	432	43	162	0	
120491	431	42	162	0	
120492	430	42	162	0	
120493	428	42	163	0	
120494	428	43	162	0	
120495	428	44	161	0	
120496	428	45	160	0	
120497	427	44	162	0	
120498	426	44	163	0	
120499	425	44	164	0	
120500	424	44	165	0	
120501	423	44	166	0	
120502	422	44	167	0	
120503	421	44	168	0	
120504	420	44	169	0	
120505	420	44	170	0	
120506	420	44	171	0	
120507	420	44	172	0	
120508	420	44	172	0	
120509	420	44	172	0	
120510	420	44	172	0	
120511	420	45	171	0	
120512	421	46	169	0	
120513	421	47	168	0	
120514	422	48	167	0	
120515	421	47	168	0	
120516	422	48	167	0	
120517	421	47	168	0	
120518	422	48	167	0	
120519	422	48	166	0	
120520	421	47	167	0	
120521	421	48	167	0	
120522	421	49	167	0	
120523	421	50	167	0	
120524	421	51	167	0	
120525	420	50	168	0	
120526	420	49	169	0	
120527	420	48	170	0	
120528	420	47	171	0	
120529	420	48	170	0	
120530	420	49	169	0	
120531	420	50	168	0	
120532	420	51	168	0	
120533	420	52	168	0	
120534	420	51	169	0	
120535	420	50	170	0	
120536	420	49	171	0	
120537	420	48	172	0	
120538	420	47	172	0	
120539	420	46	172	0	
120540	420	45	172	0	
120541	420	44	172	0	
120542	420	45	171	0	
120543	420	44	172	0	
120544	420	45	171	0	
120545	420	46	170	0	
120546	420	47	169	0	
120547	420	48	168	0	
120548	420	49	168	0	
120549	420	50	168	0	
120550	420	51	168	0	
120551	421	51	167	0	
120552	422	51	166	0	
120553	423	51	165	0	
120554	424	51	164	0	
120555	425	51	163	0	
120556	426	51	162	0	
120557	426	51	161	0	
120558	426	51	160	0	
120559	426	51	159	0	
120560	426	51	158	0	
120561	426	51	158	0	
120562	426	51	158	0	
120563	426	51	158	0	
120564	426	51	158	0	
120565	426	51	158	0	
120566	426	51	158	0	
120567	426	51	158	0	
120568	426	51	158	0	
120569	426	51	158	0	
120570	426	51	158	0	
120571	426	51	158	0	
120572	426	51	158	0	
120573	426	51	158	0	
120574	426	51	158	0	
120575	426	51	158	0	
120576	426	51	158	0	
120577	426	52	159	0	
120578	426	52	160	0	
120579	426	52	160	0	
120580	426	52	160	0	
120581	426	52	160	0	
120582	426	52	160	0	
120583	426	52	160	0	
120584	425	51	162	0	
120585	425	52	162	0	
120586	425	52	162	0	
120587	424	51	163	0	
120588	424	52	163	0	
120589	423	51	164	0	
120590	423	52	164	0	
120591	422	51	165	0	
120592	421	50	166	0	
120593	420	49	167	0	
120594	420	48	168	0	
120595	420	47	169	0	
120596	420	46	170	0	
120597	420	45	171	0	
120598	420	44	172	0	
120599	420	44	172	0	
120600	420	44	172	0	
120601	420	44	172	0	
120602	420	44	172	0	
120603	420	44	172	0	
120604	420	44	172	0	
120605	420	44	172	0	
120606	420	45	171	0	
120607	420	44	172	0	
120608	420	44	172	0	
120609	420	44	172	0	
120610	420	44	172	0	
120611	420	44	172	0	
120612	420	44	172	0	
120613	420	44	172	0	
120614	420	44	172	0	
120615	420	44	172	0	
120616	420	44	172	0	
120617	420	44	172	0	
120618	420	44	172	0	
120619	420	44	172	0	
120620	420	44	172	0	
120621	420	44	172	0	
120622	420	44	172	0	
120623	420	44	172	0	
120624	420	44	172	0	
120625	420	44	172	0	
120626	420	44	172	0	
120627	420	44	172	0	
120628	420	44	172	0	
120629	420	44	172	0	
120630	420	44	172	0	
120631	420	44	172	0	
120632	420	44	172	0	
120633	420	44	172	0	
120634	420	44	172	0	
120635	420	44	172	0	
120636	420	44	172	0	
120637	420	44	172	0	
120638	420	44	172	0	
120639	420	44	172	0	
120640	420	44	172	0	
120641	420	44	172	0	
120642	421	45	170	0	
120643	420	44	171	0	
120644	420	44	172	0	
120645	420	44	172	0	
120646	420	44	172	0	
120647	420	44	172	0	
120648	420	44	172	0	
120649	420	44	172	0	
120650	420	44	172	0	
120651	420	44	172	0	
120652	420	44	172	0	
120653	420	44	172	0	
120654	420	44	172	0	
120655	420	44	172	0	
120656	420	44	172	0	
120657	420	44	172	0	
120658	420	44	172	0	
120659	420	44	172	0	
120660	420	44	172	0	
120661	420	44	172	0	
120662	420	44	172	0	
120663	420	44	172	0	
120664	420	44	172	0	
120665	420	44	172	0	
120666	420	44	172	0	
120667	420	44	172	0	
120668	420	44	172	0	
120669	420	44	172	0	
120670	420	44	172	0	
120671	420	44	172	0	
120672	420	44	172	0	
120673	420	44	172	0	
120674	420	44	172	0	
120675	420	44	172	0	
120676	420	44	172	0	
120677	420	44	172	0	
120678	420	44	172	0	
120679	420	44	172	0	
120680	420	44	172	0	
120681	420	44	172	0	
120682	420	44	172	0	
120683	420	44	172	0	
120684	420	44	172	0	
120685	420	44	172	0	
120686	420	44	172	0	
120687	420	44	172	0	
120688	420	44	172	0	
120689	420	44	172	0	
120690	420	44	172	0	
120691	420	44	172	0	
120692	420	44	172	0	
120693	420	44	172	0	
120694	420	44	172	0	
120695	420	44	172	0	
120696	420	44	172	0	
120697	420	44	172	0	
120698	420	44	172	0	
120699	420	44	172	0	
120700	420	44	172	0	
120701	420	44	172	0	
120702	420	44	172	0	
120703	420	44	172	0	
120704	420	44	172	0	
120705	420	44	172	0	
120706	420	44	172	0	
120707	420	44	172	0	
120708	420	44	172	0	
120709	420	44	172	0	
120710	420	44	172	0	
120711	420	44	172	0	
120712	420	44	172	0	
120713	420	44	172	0	
120714	420	44	172	0	
120715	420	44	172	0	
120716	420	44	172	0	
120717	420	44	172	0	
120718	420	44	172	0	
120719	420	44	172	0	
120720	420	44	172	0	
120721	420	44	172	0	
120722	420	44	172	0	
120723	420	44	172	0	
120724	420	44	172	0	
120725	420	44	172	0	
120726	420	44	172	0	
120727	420	44	172	0	
120728	420	44	172	0	
120729	420	44	172	0	
120730	420	44	172	0	
120731	420	44	172	0	
120732	420	44	172	0	
120733	420	44	172	0	
120734	420	44	172	0	
120735	420	44	172	0	
120736	420	44	172	0	
120737	420	44	172	0	
120738	420	44	172	0	
120739	420	44	172	0	
120740	420	44	172	0	
120741	420	44	172	0	
120742	420	44	172	0	
120743	420	44	172	0	
120744	420	44	172	0	
120745	420	44	172	0	
120746	420	44	172	0	
120747	420	44	172	0	
120748	420	44	172	0	
120749	420	44	172	0	
120750	420	44	172	0	
120751	420	44	172	0	
120752	420	44	172	0	
120753	420	44	172	0	
120754	420	44	172	0	
120755	420	44	172	0	
120756	420	44	172	0	
120757	420	44	172	0	
120758	420	44	172	0	
120759	420	44	172	0	
120760	420	44	172	0	
120761	420	44	172	0	
120762	420	44	172	0	
120763	420	44	172	0	
120764	420	44	172	0	
120765	420	44	172	0	
120766	420	44	172	0	
120767	420	44	172	0	
120768	420	44	172	0	
120769	420	44	172	0	
120770	420	44	172	0	
120771	420	44	172	0	
120772	420	44	172	0	
120773	420	44	172	0	
120774	420	44	172	0	
120775	420	44	172	0	
120776	420	44	172	0	
120777	420	44	172	0	
120778	420	44	172	0	
120779	420	44	172	0	
120780	420	44	172	0	
120781	421	45	170	0	
120782	422	46	168	0	
120783	421	45	169	0	
120784	420	44	170	0	
120785	420	44	171	0	
120786	420	44	172	0	
120787	420	44	172	0	
120788	420	44	172	0	
120789	420	44	172	0	
120790	420	44	172	0	
120791	420	44	172	0	
120792	420	44	172	0	
120793	420	44	172	0	
120794	420	44	172	0	
120795	420	44	172	0	
120796	420	44	172	0	
120797	420	44	172	0	
120798	421	45	170	0	
120799	422	46	168	0	
120800	422	47	168	0	
120801	422	48	167	0	
120802	421	47	168	0	
120803	420	46	169	0	
120804	420	45	170	0	
120805	420	44	171	0	
120806	420	44	172	0	
120807	420	44	172	0	
120808	420	44	172	0	
120809	420	44	172	0	
120810	420	44	172	0	
120811	420	44	172	0	
120812	420	44	172	0	
120813	420	44	172	0	
120814	420	44	172	0	
120815	420	44	172	0	
120816	420	44	172	0	
120817	420	44	172	0	
120818	420	44	172	0	
120819	420	44	172	0	
120820	420	44	172	0	
120821	420	44	172	0	
120822	420	44	172	0	
120823	420	44	172	0	
120824	421	45	170	0	
120825	420	44	171	0	
120826	421	45	169	0	
120827	422	46	167	0	
120828	423	47	166	0	
120829	422	46	167	0	
120830	421	45	168	0	
120831	420	44	169	0	
120832	420	44	170	0	
120833	420	44	171	0	
120834	420	44	172	0	
120835	420	44	172	0	
120836	420	44	172	0	
120837	420	44	172	0	
120838	420	44	172	0	
120839	420	44	172	0	
120840	420	44	172	0	
120841	420	44	172	0	
120842	420	44	172	0	
120843	420	44	172	0	
120844	421	45	170	0	
120845	422	46	168	0	
120846	423	47	167	0	
120847	424	48	166	0	
120848	425	48	165	0	
120849	426	48	164	0	
120850	426	48	163	0	
120851	426	48	162	0	
120852	426	48	161	0	
120853	426	48	160	0	
120854	426	48	159	0	
120855	426	48	158	0	
120856	426	48	158	0	
120857	426	48	158	0	
120858	426	48	158	0	
120859	426	48	158	0	
120860	426	48	158	0	
120861	426	48	158	0	
120862	426	48	158	0	
120863	426	48	158	0	
120864	426	48	158	0	
120865	426	48	158	0	
120866	426	48	158	0	
120867	426	48	158	0	
120868	426	48	158	0	
120869	425	47	160	0	
120870	425	48	159	0	
120871	426	48	158	0	
120872	426	48	158	0	
120873	426	48	158	0	
120874	426	48	158	0	
120875	426	48	158	0	
120876	426	48	158	0	
120877	426	48	158	0	
120878	426	48	158	0	
120879	426	48	158	0	
120880	426	48	158	0	
120881	426	48	158	0	
120882	425	47	160	0	
120883	424	46	162	0	
120884	423	45	163	0	
120885	423	46	162	0	
120886	423	47	161	0	
120887	422	46	162	0	
120888	423	47	161	0	
120889	424	48	160	0	
120890	425	48	159	0	
120891	426	48	158	0	
120892	426	48	158	0	
120893	426	48	158	0	
120894	426	48	158	0	
120895	426	48	158	0	
120896	426	48	158	0	
120897	426	48	158	0	
120898	426	48	158	0	
120899	426	48	158	0	
120900	426	48	158	0	
120901	426	48	158	0	
120902	425	47	160	0	
120903	424	46	162	0	
120904	423	45	163	0	
120905	422	44	164	0	
120906	423	45	163	0	
120907	424	46	162	0	
120908	425	47	161	0	
120909	426	48	160	0	
120910	426	48	159	0	
120911	426	48	158	0	
120912	426	48	158	0	
120913	426	48	158	0	
120914	426	48	158	0	
120915	425	47	160	0	
120916	426	48	159	0	
120917	426	48	158	0	
120918	426	48	158	0	
120919	426	48	158	0	
120920	426	48	158	0	
120921	426	48	158	0	
120922	426	48	158	0	
120923	426	48	158	0	
120924	426	48	158	0	
120925	426	48	158	0	
120926	426	48	158	0	
120927	426	48	158	0	
120928	426	48	158	0	
120929	426	48	158	0	
120930	426	48	158	0	
120931	425	47	160	0	
120932	424	46	162	0	
120933	423	45	163	0	
120934	422	44	164	0	
120935	421	44	165	0	
120936	420	44	166	0	
120937	420	44	167	0	
120938	420	44	168	0	
120939	420	44	169	0	
120940	420	44	170	0	
120941	420	44	171	0	
120942	420	44	172	0	
120943	420	44	172	0	
120944	420	44	172	0	
120945	420	44	172	0	
120946	420	44	172	0	
120947	420	44	172	0	
120948	420	44	172	0	
120949	420	44	172	0	
120950	420	44	172	0	
120951	420	44	172	0	
120952	420	44	172	0	
120953	420	44	172	0	
120954	420	44	172	0	
120955	421	45	170	0	
120956	422	46	168	0	
120957	423	47	167	0	
120958	424	48	166	0	
120959	423	47	167	0	
120960	422	46	168	0	
120961	421	45	169	0	
120962	420	44	170	0	
120963	420	44	171	0	
120964	420	44	172	0	
120965	420	44	172	0	
120966	420	44	172	0	
120967	421	45	170	0	
120968	422	46	168	0	
120969	423	47	167	0	
120970	424	48	166	0	
120971	425	48	165	0	
120972	426	48	164	0	
120973	426	48	163	0	
120974	426	48	162	0	
120975	426	48	161	0	
120976	426	48	160	0	
120977	426	48	159	0	
120978	426	48	158	0	
120979	426	48	158	0	
120980	426	48	158	0	
120981	426	48	158	0	
120982	426	48	158	0	
120983	426	48	158	0	
120984	426	48	158	0	
120985	426	48	158	0	
120986	426	48	158	0	
120987	426	48	158	0	
120988	426	48	158	0	
120989	426	48	158	0	
120990	426	48	158	0	
120991	426	48	158	0	
120992	426	48	158	0	
120993	426	48	158	0	
120994	426	48	158	0	
120995	426	48	158	0	
120996	426	48	158	0	
120997	426	48	158	0	
120998	426	48	158	0	
120999	426	48	158	0	
121000	426	48	158	0	
121001	426	48	158	0	
121002	426	48	158	0	
121003	426	48	158	0	
121004	426	48	158	0	
121005	426	48	158	0	
121006	426	48	158	0	
121007	426	48	158	0	
121008	426	48	158	0	
121009	426	48	158	0	
121010	426	48	158	0	
121011	426	48	158	0	
121012	426	48	158	0	
121013	426	48	158	0	
121014	426	48	158	0	
121015	426	48	158	0	
121016	426	48	158	0	
121017	426	48	158	0	
121018	426	48	158	0	
121019	426	48	158	0	
121020	426	48	158	0	
121021	425	47	160	0	
121022	424	46	162	0	
121023	423	45	163	0	
121024	422	44	164	0	
121025	421	44	165	0	
121026	420	44	166	0	
121027	420	44	167	0	
121028	421	45	166	0	
121029	420	44	167	0	
121030	420	44	168	0	
121031	420	44	169	0	
121032	420	44	170	0	
121033	420	44	171	0	
121034	420	44	172	0	
121035	420	44	172	0	
121036	420	44	172	0	
121037	420	44	172	0	
121038	420	44	172	0	
121039	421	45	170	0	
121040	420	44	171	0	
121041	420	44	172	0	
121042	420	44	172	0	
121043	420	44	172	0	
121044	420	44	172	0	
121045	421	45	170	0	
121046	422	46	168	0	
121047	421	45	169	0	
121048	422	46	167	0	
121049	421	45	168	0	
121050	420	44	169	0	
121051	420	44	170	0	
121052	421	45	168	0	
121053	420	44	169	0	
121054	420	44	170	0	
121055	420	44	171	0	
121056	421	45	169	0	
121057	422	46	167	0	
121058	423	47	166	0	
121059	422	46	167	0	
121060	421	45	168	0	
121061	420	44	169	0	
121062	421	45	167	0	
121063	422	46	166	0	
121064	421	45	167	0	
121065	422	46	166	0	
121066	422	47	165	0	
121067	422	48	164	0	
121068	422	48	163	0	
121069	422	48	162	0	
121070	422	48	161	0	
121071	422	48	160	0	
121072	422	48	159	0	
121073	422	48	158	0	
121074	422	48	158	0	
121075	422	48	158	0	
121076	422	48	158	0	
121077	422	48	158	0	
121078	421	47	160	0	
121079	420	46	162	0	
121080	421	47	161	0	
121081	420	46	162	0	
121082	421	47	161	0	
121083	422	48	160	0	
121084	422	48	159	0	
121085	422	48	158	0	
121086	422	48	158	0	
121087	422	48	158	0	
121088	422	48	158	0	
121089	421	47	160	0	
121090	420	46	162	0	
121091	420	45	163	0	
121092	421	46	162	0	
121093	420	45	163	0	
121094	420	44	164	0	
121095	421	45	163	0	
121096	422	46	162	0	
121097	422	47	161	0	
121098	421	46	162	0	
121099	422	47	161	0	
121100	422	48	160	0	
121101	422	48	159	0	
121102	422	48	158	0	
121103	422	48	158	0	
121104	422	48	158	0	
121105	422	48	158	0	
121106	422	48	158	0	
121107	422	48	158	0	
121108	421	47	160	0	
121109	420	46	162	0	
121110	420	45	163	0	
121111	420	44	164	0	
121112	420	44	165	0	
121113	421	45	164	0	
121114	422	46	163	0	
121115	422	47	162	0	
121116	422	48	161	0	
121117	422	48	160	0	
121118	421	47	162	0	
121119	420	46	163	0	
121120	420	45	164	0	
121121	421	46	163	0	
121122	420	45	164	0	
121123	421	46	163	0	
121124	422	47	162	0	
121125	423	48	161	0	
121126	424	48	160	0	
121127	425	48	159	0	
121128	425	48	158	0	
121129	425	48	158	0	
121130	426	48	158	0	
121131	426	48	158	0	
121132	426	48	158	0	
121133	426	48	158	0	
121134	426	48	158	0	
121135	426	48	158	0	
121136	425	47	160	0	
121137	426	48	159	0	
121138	426	48	158	0	
121139	426	48	158	0	
121140	426	48	158	0	
121141	426	48	158	0	
121142	426	48	158	0	
121143	426	49	159	0	
121144	426	49	158	0	
121145	426	49	158	0	
121146	426	50	159	0	
121147	426	51	160	0	
121148	425	50	162	0	
121149	424	49	163	0	
121150	424	50	163	0	
121151	423	49	164	0	
121152	422	48	165	0	
121153	422	48	164	0	
121154	422	48	163	0	
121155	422	48	162	0	
121156	422	48	161	0	
121157	422	48	160	0	
121158	422	48	159	0	
121159	421	47	161	0	
121160	420	46	162	0	
121161	420	45	163	0	
121162	420	44	164	0	
121163	420	44	165	0	
121164	420	44	166	0	
121165	420	44	167	0	
121166	420	44	168	0	
121167	420	44	169	0	
121168	421	45	167	0	
121169	422	46	166	0	
121170	422	47	165	0	
121171	422	48	164	0	
121172	422	48	163	0	
121173	422	49	163	0	
121174	421	48	164	0	
121175	420	47	165	0	
121176	421	48	164	0	
121177	422	48	163	0	
121178	422	49	163	0	
121179	421	48	164	0	
121180	420	47	165	0	
121181	420	46	166	0	
121182	420	45	167	0	
121183	420	44	168	0	
121184	420	44	169	0	
121185	420	44	170	0	
121186	420	44	171	0	
121187	420	44	172	0	
121188	421	45	170	0	
121189	422	46	168	0	
121190	423	47	167	0	
121191	424	48	166	0	
121192	425	48	165	0	
121193	426	48	164	0	
121194	425	47	165	0	
121195	424	46	166	0	
121196	423	45	167	0	
121197	424	46	166	0	
121198	425	47	165	0	
121199	426	48	164	0	
121200	426	48	163	0	
121201	426	48	162	0	
121202	426	48	161	0	
121203	426	48	160	0	
121204	426	48	159	0	
121205	426	48	158	0	
121206	426	48	158	0	
121207	426	48	158	0	
121208	426	48	158	0	
121209	426	48	158	0	
121210	426	48	158	0	
121211	426	48	158	0	
121212	426	48	158	0	
121213	426	48	158	0	
121214	426	48	158	0	
121215	426	48	158	0	
121216	426	48	158	0	
121217	426	48	158	0	
121218	426	48	158	0	
121219	426	48	158	0	
121220	426	48	158	0	
121221	426	48	158	0	
121222	426	48	158	0	
121223	426	48	158	0	
121224	426	48	158	0	
121225	426	48	158	0	
121226	426	48	158	0	
121227	426	48	158	0	
121228	426	48	158	0	
121229	426	48	158	0	
121230	426	48	158	0	
121231	426	48	158	0	
121232	426	48	158	0	
121233	426	48	158	0	
121234	426	48	158	0	
121235	425	47	160	0	
121236	424	46	162	0	
121237	423	45	163	0	
121238	424	46	162	0	
121239	425	47	161	0	
121240	426	48	160	0	
121241	426	48	159	0	
121242	426	48	158	0	
121243	426	48	158	0	
121244	426	48	158	0	
121245	426	48	158	0	
121246	426	48	158	0	
121247	426	48	158	0	
121248	426	48	158	0	
121249	426	48	158	0	
121250	426	48	158	0	
121251	425	47	160	0	
121252	424	46	162	0	
121253	423	45	163	0	
121254	422	44	164	0	
121255	421	44	165	0	
121256	420	44	166	0	
121257	420	44	167	0	
121258	420	44	168	0	
121259	420	44	169	0	
121260	420	44	170	0	
121261	420	44	171	0	
121262	421	45	169	0	
121263	422	46	167	0	
121264	422	47	166	0	
121265	422	48	165	0	
121266	422	48	164	0	
121267	422	48	163	0	
121268	422	48	162	0	
121269	422	48	161	0	
121270	422	48	160	0	
121271	422	48	159	0	
121272	422	48	158	0	
121273	422	48	158	0	
121274	422	48	158	0	
121275	421	47	160	0	
121276	419	47	163	0	
121277	419	46	164	0	
121278	418	47	164	0	
121279	417	48	164	0	
121280	416	49	164	0	
121281	415	50	164	0	
121282	415	52	162	0	
121283	415	52	161	0	
121284	415	53	159	0	
121285	414	53	160	0	
121286	414	53	159	0	
121287	413	53	160	0	
121288	412	53	160	0	
121289	411	53	160	0	
121290	412	54	158	0	
121291	411	54	159	0	
121292	410	54	160	0	
121293	410	54	159	0	
121294	410	54	160	0	
121295	410	54	160	0	
121296	410	54	160	0	
121297	410	54	160	0	
121298	410	54	160	0	
121299	410	54	160	0	
121300	410	54	160	0	
121301	410	54	160	0	
121302	411	54	160	0	
121303	412	54	160	0	
121304	413	54	160	0	
121305	414	54	160	0	
121306	415	54	160	0	
121307	416	54	160	0	
121308	417	54	160	0	
121309	417	53	162	0	
121310	417	52	163	0	
121311	417	51	164	0	
121312	417	50	165	0	
121313	417	49	166	0	
121314	417	48	167	0	
121315	418	49	167	0	
121316	419	50	167	0	
121317	420	51	167	0	
121318	420	52	167	0	
121319	420	52	167	0	
121320	421	52	166	0	
121321	422	52	165	0	
121322	423	52	164	0	
121323	424	52	163	0	
121324	425	52	162	0	
121325	426	52	161	0	
121326	426	52	160	0	
121327	426	52	159	0	
121328	426	52	158	0	
121329	426	52	158	0	
121330	426	52	158	0	
121331	426	52	158	0	
121332	426	52	158	0	
121333	426	52	158	0	
121334	426	52	158	0	
121335	426	52	158	0	
121336	426	52	158	0	
121337	426	52	158	0	
121338	426	52	158	0	
121339	426	52	158	0	
121340	426	52	158	0	
121341	426	52	158	0	
121342	426	52	158	0	
121343	426	52	158	0	
121344	426	52	158	0	
121345	426	52	158	0	
121346	426	52	158	0	
121347	426	52	158	0	
121348	426	52	158	0	
121349	426	52	158	0	
121350	426	52	158	0	
121351	426	52	158	0	
121352	426	52	158	0	
121353	426	52	158	0	
121354	426	52	158	0	
121355	426	52	158	0	
121356	426	52	158	0	
121357	426	52	158	0	
121358	426	52	158	0	
121359	426	52	158	0	
121360	426	52	158	0	
121361	426	52	158	0	
121362	426	52	158	0	
121363	426	52	158	0	
121364	426	52	158	0	
121365	426	52	158	0	
121366	426	52	158	0	
121367	426	52	158	0	
121368	426	52	158	0	
121369	426	52	158	0	
121370	426	52	158	0	
121371	426	52	158	0	
121372	426	52	158	0	
121373	426	52	158	0	
121374	426	52	158	0	
121375	426	52	158	0	
121376	426	52	158	0	
121377	426	52	158	0	
121378	426	52	159	0	
121379	426	52	160	0	
121380	426	52	160	0	
121381	426	52	160	0	
121382	426	52	160	0	
121383	426	52	160	0	
121384	426	52	160	0	
121385	426	52	160	0	
121386	426	52	160	0	
121387	424	51	163	0	
121388	422	50	166	0	
121389	421	50	165	0	
121390	419	51	165	0	
121391	418	52	165	0	
121392	417	52	165	0	
121393	416	52	165	0	
121394	415	52	165	0	
121395	414	52	165	0	
121396	413	52	165	0	
121397	412	51	167	0	
121398	411	50	169	0	
121399	410	49	171	0	
121400	409	48	173	0	
121401	408	47	175	0	
121402	408	46	176	0	
121403	409	45	176	0	
121404	410	44	176	0	
121405	410	45	174	0	
121406	410	46	172	0	
121407	410	47	170	0	
121408	412	48	168	0	
121409	414	48	167	0	
121410	416	48	166	0	
121411	416	48	165	0	
121412	416	48	164	0	
121413	417	48	163	0	
121414	417	48	162	0	
121415	418	48	161	0	
121416	419	48	160	0	
121417	420	48	159	0	
121418	421	48	158	0	
121419	422	48	158	0	
121420	423	48	158	0	
121421	424	48	158	0	
121422	423	47	160	0	
121423	424	48	159	0	
121424	425	48	158	0	
121425	426	48	158	0	
121426	426	48	158	0	
121427	426	48	158	0	
121428	426	48	158	0	
121429	427	47	160	0	
121430	428	46	162	0	
121431	428	47	161	0	
121432	428	48	160	0	
121433	428	48	159	0	
121434	428	48	158	0	
121435	428	48	158	0	
121436	428	48	158	0	
121437	428	48	158	0	
121438	428	48	158	0	
121439	428	48	158	0	
121440	428	48	158	0	
121441	428	48	158	0	
121442	428	48	158	0	
121443	427	47	160	0	
121444	426	46	162	0	
121445	425	45	163	0	
121446	424	44	164	0	
121447	423	44	165	0	
121448	422	44	166	0	
121449	421	44	167	0	
121450	420	44	168	0	
121451	420	44	169	0	
121452	420	44	170	0	
121453	420	44	171	0	
121454	421	45	169	0	
121455	422	46	167	0	
121456	423	47	166	0	
121457	424	48	165	0	
121458	425	48	164	0	
121459	426	48	163	0	
121460	426	48	162	0	
121461	426	48	161	0	
121462	426	48	160	0	
121463	425	47	162	0	
121464	424	46	163	0	
121465	424	47	162	0	
121466	424	48	161	0	
121467	424	48	160	0	
121468	424	48	159	0	
121469	424	48	158	0	
121470	423	47	160	0	
121471	423	48	159	0	
121472	422	47	161	0	
121473	422	48	160	0	
121474	422	48	159	0	
121475	421	47	161	0	
121476	422	48	160	0	
121477	422	48	159	0	
121478	422	48	158	0	
121479	422	48	158	0	
121480	422	48	158	0	
121481	422	48	158	0	
121482	422	48	158	0	
121483	422	48	158	0	
121484	422	48	158	0	
121485	422	48	158	0	
121486	422	48	158	0	
121487	422	48	158	0	
121488	422	48	158	0	
121489	422	48	158	0	
121490	422	48	158	0	
121491	422	48	158	0	
121492	422	48	158	0	
121493	422	48	158	0	
121494	422	48	158	0	
121495	422	48	158	0	
121496	422	48	158	0	
121497	422	48	158	0	
121498	422	48	158	0	
121499	422	48	158	0	
121500	422	48	158	0	
121501	422	48	158	0	
121502	422	48	158	0	
121503	422	48	158	0	
121504	422	48	158	0	
121505	422	48	158	0	
121506	421	47	160	0	
121507	420	46	162	0	
121508	420	45	163	0	
121509	420	44	164	0	
121510	420	44	165	0	
121511	420	44	166	0	
121512	420	44	167	0	
121513	421	45	166	0	
121514	422	46	165	0	
121515	422	47	164	0	
121516	422	48	163	0	
121517	421	47	164	0	
121518	420	46	165	0	
121519	420	45	166	0	
121520	420	44	167	0	
121521	420	44	168	0	
121522	420	44	169	0	
121523	420	44	170	0	
121524	420	44	171	0	
121525	420	44	172	0	
121526	420	44	172	0	
121527	420	44	172	0	
121528	420	44	172	0	
121529	420	44	172	0	
121530	420	44	172	0	
121531	421	45	170	0	
121532	422	46	168	0	
121533	422	47	167	0	
121534	422	48	166	0	
121535	422	48	165	0	
121536	422	48	164	0	
121537	421	47	165	0	
121538	420	46	166	0	
121539	420	45	167	0	
121540	420	44	168	0	
121541	420	44	169	0	
121542	420	44	170	0	
121543	420	44	171	0	
121544	420	44	172	0	
121545	421	45	170	0	
121546	422	46	168	0	
121547	423	47	167	0	
121548	424	48	166	0	
121549	423	47	167	0	
121550	424	48	166	0	
121551	425	48	165	0	
121552	424	47	166	0	
121553	423	46	167	0	
121554	422	45	168	0	
121555	421	44	169	0	
121556	420	44	170	0	
121557	420	44	171	0	
121558	420	44	172	0	
121559	420	44	172	0	
121560	420	44	172	0	
121561	420	44	172	0	
121562	420	44	172	0	
121563	420	44	172	0	
121564	420	44	172	0	
121565	421	45	170	0	
121566	422	46	168	0	
121567	423	47	167	0	
121568	422	46	168	0	
121569	421	45	169	0	
121570	420	44	170	0	
121571	421	45	168	0	
121572	422	46	167	0	
121573	423	47	166	0	
121574	424	48	165	0	
121575	425	48	164	0	
121576	426	48	163	0	
121577	426	48	162	0	
121578	426	48	161	0	
121579	425	47	162	0	
121580	426	48	161	0	
121581	425	47	162	0	
121582	424	46	163	0	
121583	423	45	164	0	
121584	422	44	165	0	
121585	421	44	166	0	
121586	422	45	165	0	
121587	423	46	164	0	
121588	424	47	163	0	
121589	425	48	162	0	
121590	426	48	161	0	
121591	426	48	160	0	
121592	425	47	162	0	
121593	426	48	161	0	
121594	425	47	162	0	
121595	424	46	163	0	
121596	423	45	164	0	
121597	422	44	165	0	
121598	421	44	166	0	
121599	420	44	167	0	
121600	420	44	168	0	
121601	420	44	169	0	
121602	420	44	170	0	
121603	420	44	171	0	
121604	420	44	172	0	
121605	420	44	172	0	
121606	420	44	172	0	
121607	420	44	172	0	
121608	420	44	172	0	
121609	421	44	169	0	
121610	422	44	166	0	
121611	421	44	167	0	
121612	420	44	168	0	
121613	420	44	169	0	
121614	420	44	170	0	
121615	420	44	171	0	
121616	420	44	172	0	
121617	420	44	172	0	
121618	420	44	172	0	
121619	420	44	172	0	
121620	420	44	172	0	
121621	420	44	172	0	
121622	420	44	172	0	
121623	420	44	172	0	
121624	420	44	172	0	
121625	419	44	172	0	
121626	418	44	172	0	
121627	418	44	172	0	
121628	418	44	172	0	
121629	418	44	172	0	
121630	418	44	172	0	
121631	418	44	172	0	
121632	418	44	172	0	
121633	418	44	172	0	
121634	418	44	172	0	
121635	418	44	172	0	
121636	418	44	172	0	
121637	418	44	172	0	
121638	418	44	172	0	
121639	418	44	172	0	
121640	418	44	172	0	
121641	418	44	172	0	
121642	418	44	172	0	
121643	418	44	172	0	
121644	418	44	172	0	
121645	418	44	172	0	
121646	418	44	172	0	
121647	418	44	172	0	
121648	418	44	172	0	
121649	418	44	172	0	
121650	418	44	172	0	
121651	418	44	172	0	
121652	418	44	172	0	
121653	418	44	172	0	
121654	418	44	172	0	
121655	418	44	172	0	
121656	418	44	172	0	
121657	418	44	172	0	
121658	418	44	172	0	
121659	419	45	170	0	
121660	419	44	171	0	
121661	419	44	172	0	
121662	419	44	172	0	
121663	419	44	172	0	
121664	419	44	172	0	
121665	419	44	172	0	
121666	419	44	172	0	
121667	419	44	172	0	
121668	419	44	172	0	
121669	420	45	171	0	
121670	420	46	170	0	
121671	420	47	169	0	
121672	420	48	168	0	
121673	420	49	168	0	
121674	420	50	168	0	
121675	420	51	168	0	
121676	420	52	168	0	
121677	420	52	168	0	
121678	420	52	168	0	
121679	420	52	168	0	
121680	420	52	168	0	
121681	420	52	168	0	
121682	420	52	168	0	
121683	420	52	168	0	
121684	420	52	168	0	
121685	420	51	169	0	
121686	420	50	170	0	
121687	420	49	171	0	
121688	420	48	172	0	
121689	420	47	172	0	
121690	420	46	172	0	
121691	420	47	171	0	
121692	420	48	170	0	
121693	420	49	169	0	
121694	421	49	167	0	
121695	421	50	167	0	
121696	421	51	167	0	
121697	421	52	167	0	
121698	421	52	167	0	
121699	421	52	167	0	
121700	421	52	167	0	
121701	421	52	167	0	
121702	421	52	167	0	
121703	421	52	167	0	
121704	421	52	167	0	
121705	421	52	167	0	
121706	421	52	167	0	
121707	421	52	167	0	
121708	422	52	166	0	
121709	423	52	165	0	
121710	423	52	165	0	
121711	423	52	165	0	
121712	423	52	165	0	
121713	422	51	166	0	
121714	421	50	167	0	
121715	420	49	168	0	
121716	420	48	169	0	
121717	420	47	170	0	
121718	420	46	171	0	
121719	420	45	172	0	
121720	420	44	172	0	
121721	420	44	172	0	
121722	421	45	170	0	
121723	420	44	171	0	
121724	420	44	172	0	
121725	421	45	170	0	
121726	422	46	168	0	
121727	423	47	167	0	
121728	422	46	168	0	
121729	421	45	169	0	
121730	422	46	167	0	
121731	421	45	168	0	
121732	420	44	169	0	
121733	420	44	170	0	
121734	420	44	171	0	
121735	421	45	169	0	
121736	422	46	167	0	
121737	423	47	166	0	
121738	424	48	165	0	
121739	425	48	164	0	
121740	426	48	163	0	
121741	426	48	162	0	
121742	426	48	161	0	
121743	426	48	160	0	
121744	426	48	159	0	
121745	426	48	158	0	
121746	425	47	160	0	
121747	424	46	162	0	
121748	423	45	163	0	
121749	422	44	164	0	
121750	421	44	165	0	
121751	420	44	166	0	
121752	420	44	167	0	
121753	420	44	168	0	
121754	420	44	169	0	
121755	420	44	170	0	
121756	420	44	171	0	
121757	420	44	172	0	
121758	420	44	172	0	
121759	420	44	172	0	
121760	420	44	172	0	
121761	420	44	172	0	
121762	420	44	172	0	
121763	420	44	172	0	
121764	420	44	172	0	
121765	420	44	172	0	
121766	420	44	172	0	
121767	420	44	172	0	
121768	420	44	172	0	
121769	420	44	172	0	
121770	420	45	171	0	
121771	420	46	170	0	
121772	420	47	169	0	
121773	420	48	168	0	
121774	420	49	168	0	
121775	420	50	168	0	
121776	420	51	168	0	
121777	420	52	168	0	
121778	420	52	168	0	
121779	420	51	169	0	
121780	420	52	168	0	
121781	420	52	168	0	
121782	420	51	169	0	
121783	420	50	170	0	
121784	420	49	171	0	
121785	420	48	172	0	
121786	420	47	172	0	
121787	420	46	172	0	
121788	420	45	172	0	
121789	420	44	172	0	
121790	420	44	172	0	
121791	420	44	172	0	
121792	420	44	172	0	
121793	420	44	172	0	
121794	420	44	172	0	
121795	420	44	172	0	
121796	420	44	172	0	
121797	420	44	172	0	
121798	420	44	172	0	
121799	420	44	172	0	
121800	420	44	172	0	
121801	420	44	172	0	
121802	420	44	172	0	
121803	420	44	172	0	
121804	420	44	172	0	
121805	420	44	172	0	
121806	420	44	172	0	
121807	420	44	172	0	
121808	420	45	171	0	
121809	420	46	170	0	
121810	420	47	169	0	
121811	420	48	168	0	
121812	420	47	169	0	
121813	420	46	170	0	
121814	420	45	171	0	
121815	420	44	172	0	
121816	420	44	172	0	
121817	420	44	172	0	
121818	420	44	172	0	
121819	420	44	172	0	
121820	420	44	172	0	
121821	420	44	172	0	
121822	420	44	172	0	
121823	420	44	172	0	
121824	420	44	172	0	
121825	420	44	172	0	
121826	420	44	172	0	
121827	420	44	172	0	
121828	420	44	172	0	
121829	420	44	172	0	
121830	420	44	172	0	
121831	420	44	172	0	
121832	420	44	172	0	
121833	420	44	172	0	
121834	420	44	172	0	
121835	420	44	172	0	
121836	420	44	172	0	
121837	420	44	172	0	
121838	421	45	170	0	
121839	422	46	168	0	
121840	423	47	167	0	
121841	424	48	166	0	
121842	425	48	165	0	
121843	426	48	164	0	
121844	426	48	163	0	
121845	426	48	162	0	
121846	426	48	161	0	
121847	426	48	160	0	
121848	426	48	159	0	
121849	426	48	158	0	
121850	426	48	158	0	
121851	426	48	158	0	
121852	426	48	158	0	
121853	426	48	158	0	
121854	426	48	158	0	
121855	426	48	158	0	
121856	426	48	158	0	
121857	426	48	158	0	
121858	426	48	158	0	
121859	426	48	158	0	
121860	426	48	158	0	
121861	426	48	158	0	
121862	426	48	158	0	
121863	426	48	158	0	
121864	426	48	158	0	
121865	426	48	158	0	
121866	426	48	158	0	
121867	426	48	158	0	
121868	426	48	158	0	
121869	426	48	158	0	
121870	426	48	158	0	
121871	426	48	158	0	
121872	426	48	158	0	
121873	426	48	158	0	
121874	426	48	158	0	
121875	426	48	158	0	
121876	426	48	158	0	
121877	426	48	158	0	
121878	426	48	158	0	
121879	426	48	158	0	
121880	426	48	158	0	
121881	426	48	158	0	
121882	426	48	158	0	
121883	426	48	158	0	
121884	426	48	158	0	
121885	426	48	158	0	
121886	426	48	158	0	
121887	426	49	159	0	
121888	426	50	160	0	
121889	426	51	160	0	
121890	426	51	159	0	
121891	426	52	160	0	
121892	426	52	160	0	
121893	426	52	160	0	
121894	426	52	159	0	
121895	426	52	158	0	
121896	426	52	158	0	
121897	426	52	158	0	
121898	426	52	158	0	
121899	426	52	158	0	
121900	426	52	158	0	
121901	426	52	158	0	
121902	426	52	158	0	
121903	426	52	158	0	
121904	426	52	158	0	
121905	426	52	158	0	
121906	426	52	158	0	
121907	426	52	158	0	
121908	426	52	158	0	
121909	426	52	158	0	
121910	426	52	158	0	
121911	426	52	158	0	
121912	427	51	160	0	
121913	427	51	159	0	
121914	427	51	158	0	
121915	427	51	158	0	
121916	427	51	158	0	
121917	427	51	158	0	
121918	427	51	158	0	
121919	427	51	158	0	
121920	427	51	158	0	
121921	428	50	160	0	
121922	428	51	160	0	
121923	428	52	160	0	
121924	428	52	160	0	
121925	428	52	160	0	
121926	428	52	159	0	
121927	428	52	158	0	
121928	428	52	158	0	
121929	428	52	158	0	
121930	428	52	158	0	
121931	428	52	158	0	
121932	428	52	158	0	
121933	429	54	157	0	
121934	428	54	158	0	
121935	428	54	159	0	
121936	428	54	160	0	
121937	428	54	160	0	
121938	428	54	160	0	
121939	428	54	160	0	
121940	428	54	160	0	
121941	428	54	160	0	
121942	428	54	160	0	
121943	428	54	160	0	
121944	428	54	160	0	
121945	428	54	160	0	
121946	428	54	159	0	
121947	428	54	158	0	
121948	428	54	158	0	
121949	428	54	158	0	
121950	428	54	158	0	
121951	428	54	158	0	
121952	428	54	158	0	
121953	428	54	158	0	
121954	428	54	158	0	
121955	428	54	158	0	
121956	428	54	158	0	
121957	428	54	158	0	
121958	428	54	158	0	
121959	428	54	158	0	
121960	428	54	159	0	
121961	428	54	160	0	
121962	428	54	160	0	
121963	428	54	160	0	
121964	428	54	160	0	
121965	427	53	162	0	
121966	425	52	163	0	
121967	424	51	164	0	
121968	423	50	165	0	
121969	422	50	166	0	
121970	421	50	167	0	
121971	420	50	168	0	
121972	419	50	169	0	
121973	418	50	170	0	
121974	417	50	171	0	
121975	416	50	172	0	
121976	415	50	172	0	
121977	414	50	172	0	
121978	414	50	172	0	
121979	414	50	172	0	
121980	414	50	172	0	
121981	414	50	172	0	
121982	414	50	172	0	
121983	414	50	172	0	
121984	414	50	172	0	
121985	414	50	172	0	
121986	414	50	172	0	
121987	414	50	172	0	
121988	414	50	172	0	
121989	414	50	172	0	
121990	414	50	172	0	
121991	414	50	172	0	
121992	414	50	172	0	
121993	414	50	172	0	
121994	414	50	172	0	
121995	414	50	172	0	
121996	414	50	172	0	
121997	414	50	172	0	
121998	414	50	172	0	
121999	414	50	172	0	
122000	414	49	172	0	
122001	414	48	172	0	
122002	414	47	172	0	
122003	414	46	172	0	
122004	414	45	172	0	
122005	414	44	172	0	
122006	414	45	170	0	
122007	414	46	168	0	
122008	414	47	167	0	
122009	414	48	166	0	
122010	411	48	167	0	
122011	408	48	168	0	
122012	406	48	169	0	
122013	404	48	170	0	
122014	404	47	171	0	
122015	404	46	172	0	
122016	404	47	171	0	
122017	404	46	172	0	
122018	404	45	172	0	
122019	404	46	171	0	
122020	404	47	170	0	
122021	404	46	171	0	
122022	404	47	170	0	
122023	404	46	171	0	
122024	404	47	170	0	
122025	404	48	169	0	
122026	404	49	168	0	
122027	404	50	168	0	
122028	405	51	168	0	
122029	406	52	168	0	
122030	406	52	168	0	
122031	407	52	168	0	
122032	406	52	170	0	
122033	406	52	168	0	
122034	406	52	167	0	
122035	406	52	166	0	
122036	406	52	165	0	
122037	406	52	164	0	
122038	407	52	163	0	
122039	406	52	166	0	
122040	407	52	165	0	
122041	406	52	167	0	
122042	405	52	169	0	
122043	406	52	168	0	
122044	407	52	168	0	
122045	408	52	168	0	
122046	406	52	170	0	
122047	407	52	169	0	
122048	408	52	168	0	
122049	406	52	170	0	
122050	407	52	169	0	
122051	406	52	171	0	
122052	405	52	173	0	
122053	404	52	175	0	
122054	403	52	176	0	
122055	402	52	177	0	
122056	401	52	178	0	
122057	400	52	179	0	
122058	401	52	176	0	
122059	402	52	174	0	
122060	401	52	176	0	
122061	402	52	175	0	
122062	403	52	174	0	
122063	404	52	173	0	
122064	405	52	172	0	
122065	406	52	171	0	
122066	407	52	170	0	
122067	408	52	169	0	
122068	409	52	168	0	
122069	410	52	168	0	
122070	408	52	170	0	
122071	408	52	169	0	
122072	406	52	171	0	
122073	405	52	173	0	
122074	404	52	175	0	
122075	403	52	176	0	
122076	402	52	177	0	
122077	401	52	178	0	
122078	401	52	177	0	
122079	401	52	176	0	
122080	401	52	175	0	
122081	400	52	176	0	
122082	399	52	177	0	
122083	398	52	178	0	
122084	399	52	177	0	
122085	400	52	176	0	
122086	400	52	175	0	
122087	400	52	174	0	
122088	400	52	173	0	
122089	400	52	172	0	
122090	400	52	171	0	
122091	400	52	170	0	
122092	400	52	169	0	
122093	400	52	168	0	
122094	400	52	168	0	
122095	400	52	168	0	
122096	400	52	168	0	
122097	400	52	168	0	
122098	400	52	168	0	
122099	400	52	168	0	
122100	400	52	168	0	
122101	401	52	167	0	
122102	402	52	166	0	
122103	402	51	168	0	
122104	403	51	167	0	
122105	404	51	166	0	
122106	405	51	165	0	
122107	406	51	164	0	
122108	407	51	163	0	
122109	408	51	162	0	
122110	408	51	161	0	
122111	408	51	160	0	
122112	408	51	159	0	
122113	408	51	158	0	
122114	408	51	158	0	
122115	408	51	158	0	
122116	408	51	158	0	
122117	408	51	158	0	
122118	408	51	158	0	
122119	408	51	158	0	
122120	408	51	158	0	
122121	408	51	158	0	
122122	408	51	158	0	
122123	408	51	158	0	
122124	408	51	158	0	
122125	408	51	158	0	
122126	408	51	158	0	
122127	408	51	158	0	
122128	408	51	158	0	
122129	408	51	158	0	
122130	408	51	158	0	
122131	408	51	158	0	
122132	408	52	159	0	
122133	408	52	160	0	
122134	408	52	160	0	
122135	408	52	160	0	
122136	408	52	160	0	
122137	408	52	160	0	
122138	408	52	159	0	
122139	408	52	158	0	
122140	408	52	158	0	
122141	408	52	159	0	
122142	408	52	160	0	
122143	408	52	160	0	
122144	408	52	160	0	
122145	408	52	159	0	
122146	408	52	160	0	
122147	408	52	160	0	
122148	408	52	160	0	
122149	408	52	160	0	
122150	408	52	160	0	
122151	408	52	160	0	
122152	408	52	160	0	
122153	408	52	160	0	
122154	408	52	160	0	
122155	408	52	160	0	
122156	408	52	160	0	
122157	408	52	159	0	
122158	408	52	158	0	
122159	408	51	161	0	
122160	409	52	161	0	
122161	410	52	161	0	
122162	410	52	161	0	
122163	410	52	161	0	
122164	410	52	161	0	
122165	410	52	160	0	
122166	409	51	163	0	
122167	408	50	166	0	
122168	408	50	165	0	
122169	409	51	165	0	
122170	409	52	165	0	
122171	410	52	165	0	
122172	410	52	165	0	
122173	410	52	164	0	
122174	410	52	163	0	
122175	410	52	162	0	
122176	410	52	161	0	
122177	410	52	160	0	
122178	410	52	159	0	
122179	410	52	158	0	
122180	410	52	158	0	
122181	410	52	158	0	
122182	410	52	158	0	
122183	410	52	158	0	
122184	410	52	158	0	
122185	410	52	158	0	
122186	410	52	158	0	
122187	410	52	158	0	
122188	410	52	158	0	
122189	410	52	158	0	
122190	410	52	158	0	
122191	410	52	158	0	
122192	410	52	158	0	
122193	410	52	158	0	
122194	409	51	161	0	
122195	410	52	161	0	
122196	409	51	164	0	
122197	409	52	164	0	
122198	409	52	164	0	
122199	409	52	164	0	
122200	409	52	163	0	
122201	409	52	162	0	
122202	409	52	161	0	
122203	409	52	160	0	
122204	408	51	163	0	
122205	408	50	166	0	
122206	408	49	168	0	
122207	408	48	170	0	
122208	408	47	172	0	
122209	408	46	174	0	
122210	408	45	176	0	
122211	408	44	177	0	
122212	408	44	178	0	
122213	408	44	179	0	
122214	408	44	180	0	
122215	408	45	178	0	
122216	408	46	177	0	
122217	408	47	176	0	
122218	408	48	175	0	
122219	408	49	174	0	
122220	408	50	173	0	
122221	408	51	172	0	
122222	408	52	171	0	
122223	408	52	170	0	
122224	408	52	168	0	
122225	408	52	167	0	
122226	408	52	166	0	
122227	408	52	166	0	
122228	408	52	165	0	
122229	408	52	164	0	
122230	408	52	163	0	
122231	408	51	166	0	
122232	408	51	165	0	
122233	408	51	164	0	
122234	408	51	163	0	
122235	408	51	162	0	
122236	408	51	161	0	
122237	408	51	160	0	
122238	408	51	159	0	
122239	408	51	158	0	
122240	408	51	158	0	
122241	408	51	158	0	
122242	408	51	158	0	
122243	408	51	158	0	
122244	408	51	158	0	
122245	408	52	159	0	
122246	408	52	160	0	
122247	408	52	160	0	
122248	408	51	163	0	
122249	408	52	163	0	
122250	408	52	163	0	
122251	408	52	163	0	
122252	408	52	163	0	
122253	408	52	163	0	
122254	408	52	163	0	
122255	408	52	163	0	
122256	408	52	163	0	
122257	408	52	163	0	
122258	408	52	163	0	
122259	408	52	163	0	
122260	408	52	163	0	
122261	408	52	163	0	
122262	408	52	163	0	
122263	408	52	163	0	
122264	406	52	166	0	
122265	405	52	168	0	
122266	404	52	170	0	
122267	404	52	169	0	
122268	403	52	171	0	
122269	402	52	173	0	
122270	403	52	171	0	
122271	402	52	173	0	
122272	401	52	175	0	
122273	400	52	176	0	
122274	401	52	174	0	
122275	400	52	176	0	
122276	401	52	174	0	
122277	402	52	172	0	
122278	401	52	174	0	
122279	400	52	176	0	
122280	400	52	175	0	
122281	400	52	174	0	
122282	400	52	173	0	
122283	400	52	172	0	
122284	400	52	171	0	
122285	400	52	170	0	
122286	400	52	169	0	
122287	400	52	168	0	
122288	400	52	168	0	
122289	400	52	168	0	
122290	400	52	168	0	
122291	400	52	168	0	
122292	400	52	168	0	
122293	400	52	168	0	
122294	400	52	168	0	
122295	400	52	168	0	
122296	400	52	168	0	
122297	400	52	168	0	
122298	400	52	168	0	
122299	400	52	168	0	
122300	400	52	168	0	
122301	400	52	168	0	
122302	400	52	168	0	
122303	400	52	168	0	
122304	400	52	168	0	
122305	400	52	168	0	
122306	400	52	168	0	
122307	400	52	168	0	
122308	400	52	168	0	
122309	400	52	168	0	
122310	400	52	168	0	
122311	400	52	168	0	
122312	400	52	168	0	
122313	400	52	168	0	
122314	400	52	168	0	
122315	400	52	168	0	
122316	400	52	168	0	
122317	400	52	168	0	
122318	400	52	168	0	
122319	400	52	168	0	
122320	400	52	168	0	
122321	400	52	168	0	
122322	400	52	168	0	
122323	400	52	168	0	
122324	400	52	168	0	
122325	400	52	168	0	
122326	400	52	168	0	
122327	400	52	168	0	
122328	400	52	168	0	
122329	400	52	168	0	
122330	400	52	168	0	
122331	400	52	168	0	
122332	400	52	168	0	
122333	400	52	168	0	
122334	400	52	168	0	
122335	400	52	168	0	
122336	400	52	168	0	
122337	400	52	168	0	
122338	400	52	168	0	
122339	400	52	168	0	
122340	400	52	168	0	
122341	400	52	168	0	
122342	400	52	168	0	
122343	400	52	168	0	
122344	400	52	168	0	
122345	400	52	168	0	
122346	400	52	168	0	
122347	400	52	168	0	
122348	400	52	168	0	
122349	400	52	168	0	
122350	400	52	168	0	
122351	400	52	168	0	
122352	400	52	168	0	
122353	400	52	168	0	
122354	400	52	168	0	
122355	400	52	168	0	
122356	400	52	168	0	
122357	400	52	168	0	
122358	400	52	168	0	
122359	400	52	168	0	
122360	400	52	168	0	
122361	400	52	168	0	
122362	400	52	168	0	
122363	400	52	168	0	
122364	400	52	168	0	
122365	400	52	168	0	
122366	400	52	168	0	
122367	400	52	168	0	
122368	400	52	168	0	
122369	400	52	168	0	
122370	400	52	168	0	
122371	400	52	168	0	
122372	400	52	168	0	
122373	400	52	168	0	
122374	400	52	168	0	
122375	400	52	168	0	
122376	400	52	168	0	
122377	400	52	168	0	
122378	400	52	168	0	
122379	400	52	168	0	
122380	400	52	168	0	
122381	400	52	168	0	
122382	400	52	168	0	
122383	400	52	168	0	
122384	400	52	168	0	
122385	400	52	168	0	
122386	400	52	168	0	
122387	400	52	168	0	
122388	400	52	168	0	
122389	400	52	168	0	
122390	400	52	168	0	
122391	400	52	168	0	
122392	400	52	168	0	
122393	400	52	168	0	
122394	400	52	168	0	
122395	400	52	168	0	
122396	400	52	168	0	
122397	400	52	168	0	
122398	400	52	168	0	
122399	400	52	168	0	
122400	400	52	168	0	
122401	400	52	168	0	
122402	400	52	168	0	
122403	400	52	168	0	
122404	400	52	168	0	
122405	400	52	168	0	
122406	400	52	168	0	
122407	400	52	168	0	
122408	401	52	168	0	
122409	402	52	167	0	
122410	403	52	167	0	
122411	404	52	167	0	
122412	405	52	167	0	
122413	406	52	167	0	
122414	406	52	167	0	
122415	406	52	167	0	
122416	406	52	167	0	
122417	406	52	167	0	
122418	407	52	166	0	
122419	407	52	166	0	
122420	408	52	165	0	
122421	408	52	165	0	
122422	408	52	165	0	
122423	408	52	165	0	
122424	408	52	165	0	
122425	408	52	165	0	
122426	408	52	165	0	
122427	408	52	165	0	
122428	408	52	165	0	
122429	408	52	165	0	
122430	408	52	165	0	
122431	408	52	165	0	
122432	408	52	165	0	
122433	408	52	165	0	
122434	408	52	165	0	
122435	408	52	165	0	
122436	408	52	165	0	
122437	408	52	165	0	
122438	408	52	165	0	
122439	408	52	165	0	
122440	408	52	165	0	
122441	408	52	165	0	
122442	408	52	165	0	
122443	408	52	165	0	
122444	408	52	165	0	
122445	408	52	165	0	
122446	408	52	165	0	
122447	408	52	165	0	
122448	408	52	165	0	
122449	408	52	165	0	
122450	408	52	165	0	
122451	408	52	165	0	
122452	408	52	165	0	
122453	408	52	165	0	
122454	408	52	165	0	
122455	408	52	165	0	
122456	408	52	165	0	
122457	408	52	165	0	
122458	408	52	165	0	
122459	408	52	165	0	
122460	408	52	165	0	
122461	408	52	165	0	
122462	408	52	165	0	
122463	408	52	165	0	
122464	408	52	165	0	
122465	408	52	165	0	
122466	408	52	165	0	
122467	408	52	165	0	
122468	408	52	165	0	
122469	408	52	165	0	
122470	408	52	165	0	
122471	408	52	165	0	
122472	408	52	165	0	
122473	408	52	165	0	
122474	408	52	165	0	
122475	408	52	165	0	
122476	408	52	165	0	
122477	408	52	165	0	
122478	408	52	165	0	
122479	408	52	165	0	
122480	408	52	165	0	
122481	408	52	165	0	
122482	408	52	165	0	
122483	408	52	165	0	
122484	408	52	165	0	
122485	408	52	165	0	
122486	408	52	165	0	
122487	408	52	165	0	
122488	408	52	165	0	
122489	408	52	165	0	
122490	408	52	165	0	
122491	408	52	165	0	
122492	408	52	165	0	
122493	408	52	165	0	
122494	408	52	165	0	
122495	408	52	165	0	
122496	408	52	165	0	
122497	408	52	165	0	
122498	408	52	165	0	
122499	408	52	165	0	
122500	408	52	165	0	
122501	408	52	165	0	
122502	408	52	165	0	
122503	408	52	165	0	
122504	408	52	165	0	
122505	408	52	165	0	
122506	408	52	165	0	
122507	408	52	165	0	
122508	408	52	165	0	
122509	408	52	165	0	
122510	408	52	165	0	
122511	408	52	165	0	
122512	408	52	165	0	
122513	408	52	165	0	
122514	408	52	165	0	
122515	408	52	165	0	
122516	408	52	165	0	
122517	408	52	165	0	
122518	408	52	165	0	
122519	408	52	165	0	
122520	408	52	165	0	
122521	408	52	165	0	
122522	408	52	165	0	
122523	408	52	165	0	
122524	408	52	164	0	
122525	408	52	164	0	
122526	408	52	164	0	
122527	408	52	164	0	
122528	408	52	164	0	
122529	408	52	164	0	
122530	408	52	164	0	
122531	408	52	164	0	
122532	408	52	164	0	
122533	408	52	164	0	
122534	408	52	164	0	
122535	408	52	164	0	
122536	408	52	164	0	
122537	408	52	164	0	
122538	408	52	164	0	
122539	408	52	164	0	
122540	408	52	164	0	
122541	408	52	164	0	
122542	408	52	164	0	
122543	409	52	164	0	
122544	410	52	164	0	
122545	409	51	166	0	
122546	408	50	168	0	
122547	407	49	170	0	
122548	406	48	172	0	
122549	406	49	171	0	
122550	406	50	170	0	
122551	406	51	169	0	
122552	406	52	168	0	
122553	406	52	168	0	
122554	406	52	168	0	
122555	406	52	168	0	
122556	406	52	168	0	
122557	406	52	168	0	
122558	406	52	168	0	
122559	406	52	168	0	
122560	406	52	168	0	
122561	406	52	168	0	
122562	407	52	168	0	
122563	408	52	168	0	
122564	409	52	168	0	
122565	410	52	168	0	
122566	410	52	168	0	
122567	410	52	168	0	
122568	410	52	168	0	
122569	410	52	168	0	
122570	410	52	168	0	
122571	410	52	168	0	
122572	410	52	168	0	
122573	410	52	168	0	
122574	410	52	168	0	
122575	410	52	168	0	
122576	410	52	168	0	
122577	410	52	168	0	
122578	410	52	168	0	
122579	410	52	168	0	
122580	410	52	168	0	
122581	410	52	168	0	
122582	410	52	168	0	
122583	410	52	168	0	
122584	410	52	168	0	
122585	410	52	168	0	
122586	410	52	168	0	
122587	410	52	168	0	
122588	410	52	168	0	
122589	410	52	168	0	
122590	410	52	168	0	
122591	410	52	168	0	
122592	410	52	168	0	
122593	410	52	168	0	
122594	410	52	168	0	
122595	410	52	167	0	
122596	410	52	166	0	
122597	410	52	165	0	
122598	410	52	164	0	
122599	410	52	163	0	
122600	410	52	163	0	
122601	410	52	162	0	
122602	410	52	162	0	
122603	410	52	162	0	
122604	410	52	162	0	
122605	410	52	162	0	
122606	410	52	162	0	
122607	410	52	162	0	
122608	410	52	162	0	
122609	410	52	161	0	
122610	410	52	160	0	
122611	410	52	160	0	
122612	410	52	160	0	
122613	410	52	160	0	
122614	410	52	160	0	
122615	410	52	160	0	
122616	410	52	160	0	
122617	410	52	160	0	
122618	410	52	160	0	
122619	410	52	160	0	
122620	410	52	160	0	
122621	410	52	160	0	
122622	410	52	160	0	
122623	410	52	160	0	
122624	410	52	160	0	
122625	410	52	159	0	
122626	410	52	158	0	
122627	410	52	158	0	
122628	410	52	158	0	
122629	410	52	158	0	
122630	410	52	158	0	
122631	410	52	159	0	
122632	410	52	158	0	
122633	410	52	158	0	
122634	410	52	159	0	
122635	410	52	160	0	
122636	410	52	160	0	
122637	410	52	160	0	
122638	410	52	160	0	
122639	410	52	160	0	
122640	410	52	160	0	
122641	410	52	160	0	
122642	410	52	160	0	
122643	410	52	160	0	
122644	410	52	160	0	
122645	410	52	160	0	
122646	410	52	160	0	
122647	410	52	160	0	
122648	410	52	160	0	
122649	410	52	160	0	
122650	410	52	160	0	
122651	410	52	160	0	
122652	410	52	160	0	
122653	410	52	160	0	
122654	410	52	159	0	
122655	410	52	160	0	
122656	410	52	159	0	
122657	410	52	160	0	
122658	410	52	160	0	
122659	410	52	159	0	
122660	410	52	160	0	
122661	410	52	159	0	
122662	410	52	158	0	
122663	410	52	159	0	
122664	410	52	160	0	
122665	410	52	160	0	
122666	410	52	160	0	
122667	410	52	160	0	
122668	410	52	160	0	
122669	410	52	160	0	
122670	410	52	160	0	
122671	410	52	160	0	
122672	410	52	160	0	
122673	410	52	160	0	
122674	410	52	160	0	
122675	410	52	160	0	
122676	410	52	160	0	
122677	410	52	160	0	
122678	410	52	160	0	
122679	410	52	160	0	
122680	410	52	160	0	
122681	410	52	160	0	
122682	410	52	160	0	
122683	410	52	160	0	
122684	410	52	160	0	
122685	410	52	160	0	
122686	410	52	160	0	
122687	410	52	160	0	
122688	410	52	160	0	
122689	410	52	160	0	
122690	410	52	160	0	
122691	410	52	160	0	
122692	410	52	160	0	
122693	410	52	160	0	
122694	410	52	160	0	
122695	410	52	160	0	
122696	410	52	160	0	
122697	410	52	160	0	
122698	410	52	160	0	
122699	410	52	160	0	
122700	410	52	160	0	
122701	410	52	160	0	
122702	410	52	160	0	
122703	410	52	160	0	
122704	410	52	160	0	
122705	410	52	160	0	
122706	410	52	160	0	
122707	410	52	160	0	
122708	410	52	160	0	
122709	410	52	160	0	
122710	410	52	160	0	
122711	410	52	160	0	
122712	410	52	160	0	
122713	410	52	160	0	
122714	410	52	160	0	
122715	410	52	160	0	
122716	410	52	160	0	
122717	410	52	160	0	
122718	410	52	160	0	
122719	410	52	160	0	
122720	410	52	160	0	
122721	410	52	160	0	
122722	410	52	160	0	
122723	410	52	160	0	
122724	410	52	160	0	
122725	410	52	160	0	
122726	410	52	160	0	
122727	410	52	160	0	
122728	410	52	160	0	
122729	410	52	160	0	
122730	410	52	160	0	
122731	410	52	160	0	
122732	410	52	160	0	
122733	410	52	160	0	
122734	410	52	160	0	
122735	410	52	160	0	
122736	410	52	160	0	
122737	410	52	160	0	
122738	410	52	160	0	
122739	410	52	160	0	
122740	410	52	160	0	
122741	410	52	160	0	
122742	410	52	160	0	
122743	410	52	160	0	
122744	410	52	160	0	
122745	410	52	160	0	
122746	410	52	160	0	
122747	410	52	160	0	
122748	410	52	160	0	
122749	410	52	160	0	
122750	410	52	160	0	
122751	410	52	160	0	
122752	410	52	160	0	
122753	410	52	160	0	
122754	410	52	160	0	
122755	410	52	160	0	
122756	410	52	160	0	
122757	410	52	160	0	
122758	410	52	160	0	
122759	410	52	160	0	
122760	409	51	163	0	
122761	410	52	163	0	
122762	411	52	163	0	
122763	413	53	161	0	
122764	415	53	159	0	
122765	416	53	160	0	
122766	418	54	158	0	
122767	420	55	157	0	
122768	421	56	156	0	
122769	422	57	155	0	
122770	423	58	154	0	
122771	424	59	153	0	
122772	424	58	153	0	
122773	424	57	153	0	
122774	424	57	154	0	
122775	423	57	156	0	
122776	422	55	158	0	
122777	422	55	159	0	
122778	422	55	160	0	
122779	422	55	160	0	
122780	422	55	160	0	
122781	420	54	163	0	
122782	418	53	166	0	
122783	418	53	165	0	
122784	418	53	164	0	
122785	417	53	164	0	
122786	416	53	164	0	
122787	415	53	164	0	
122788	414	53	164	0	
122789	413	53	164	0	
122790	412	53	164	0	
122791	411	53	164	0	
122792	410	53	164	0	
122793	410	53	164	0	
122794	410	53	164	0	
122795	410	53	164	0	
122796	410	53	164	0	
122797	410	53	164	0	
122798	410	53	164	0	
122799	410	53	164	0	
122800	410	53	164	0	
122801	410	53	163	0	
122802	410	53	162	0	
122803	410	53	161	0	
122804	410	53	160	0	
122805	410	53	159	0	
122806	410	53	158	0	
122807	410	53	158	0	
122808	410	53	159	0	
122809	410	53	158	0	
122810	410	53	158	0	
122811	410	53	158	0	
122812	410	53	158	0	
122813	410	53	158	0	
122814	410	53	158	0	
122815	410	53	158	0	
122816	410	53	158	0	
122817	410	53	158	0	
122818	410	53	158	0	
122819	410	53	158	0	
122820	410	53	158	0	
122821	410	53	158	0	
122822	410	53	158	0	
122823	410	53	158	0	
122824	410	53	158	0	
122825	410	53	158	0	
122826	410	53	159	0	
122827	409	52	162	0	
122828	408	51	165	0	
122829	407	50	167	0	
122830	406	49	169	0	
122831	406	48	171	0	
122832	407	48	169	0	
122833	406	48	171	0	
122834	406	48	173	0	
122835	406	48	175	0	
122836	406	48	176	0	
122837	406	48	177	0	
122838	406	48	178	0	
122839	407	48	176	0	
122840	408	48	174	0	
122841	408	48	172	0	
122842	408	48	170	0	
122843	408	48	168	0	
122844	408	48	167	0	
122845	408	48	166	0	
122846	408	48	165	0	
122847	408	48	164	0	
122848	408	48	163	0	
122849	408	48	162	0	
122850	408	48	161	0	
122851	408	48	160	0	
122852	407	48	163	0	
122853	406	48	166	0	
122854	407	48	165	0	
122855	407	49	165	0	
122856	407	50	165	0	
122857	407	51	165	0	
122858	407	52	165	0	
122859	407	52	165	0	
122860	407	52	165	0	
122861	408	52	164	0	
122862	408	52	163	0	
122863	408	52	162	0	
122864	408	52	161	0	
122865	408	52	160	0	
122866	408	52	159	0	
122867	408	52	158	0	
122868	408	52	158	0	
122869	408	52	158	0	
122870	408	52	158	0	
122871	408	52	158	0	
122872	408	52	158	0	
122873	408	52	158	0	
122874	408	52	158	0	
122875	408	52	158	0	
122876	408	52	158	0	
122877	408	52	158	0	
122878	408	52	158	0	
122879	408	52	158	0	
122880	408	52	158	0	
122881	408	52	159	0	
122882	408	52	160	0	
122883	408	52	160	0	
122884	408	52	160	0	
122885	408	52	160	0	
122886	408	52	160	0	
122887	408	52	160	0	
122888	408	52	160	0	
122889	408	52	160	0	
122890	408	52	160	0	
122891	408	52	160	0	
122892	408	52	160	0	
122893	408	52	160	0	
122894	408	52	160	0	
122895	408	52	160	0	
122896	408	52	160	0	
122897	408	52	160	0	
122898	409	52	160	0	
122899	409	52	159	0	
122900	409	52	158	0	
122901	410	52	159	0	
122902	410	52	160	0	
122903	410	52	160	0	
122904	410	52	160	0	
122905	410	52	160	0	
122906	410	52	160	0	
122907	410	52	160	0	
122908	410	52	160	0	
122909	410	52	160	0	
122910	410	52	160	0	
122911	410	52	160	0	
122912	410	52	160	0	
122913	410	52	160	0	
122914	410	52	160	0	
122915	410	52	160	0	
122916	410	52	159	0	
122917	410	52	158	0	
122918	410	52	159	0	
122919	410	52	160	0	
122920	410	52	160	0	
122921	410	52	160	0	
122922	410	52	160	0	
122923	410	52	160	0	
122924	410	52	160	0	
122925	410	52	160	0	
122926	410	54	159	0	
122927	408	55	161	0	
122928	408	55	159	0	
