38094	349	58	143	1	
38095	349	58	143	1	
38096	349	58	143	1	
38097	349	58	143	1	
38098	349	58	143	1	
38099	349	58	143	1	
38100	349	58	143	1	
38101	349	58	143	1	
38102	349	58	143	1	
38103	349	58	143	1	
38104	349	58	143	1	
38105	349	58	143	1	
38106	349	58	143	1	
38107	349	58	143	1	
38108	349	58	143	1	
38109	349	58	143	1	
38110	349	58	143	1	
38111	349	58	143	1	
38112	349	58	143	1	
38113	349	58	143	1	
38114	349	58	143	1	
38115	349	58	143	1	
38116	349	58	143	1	
38117	349	58	143	1	
38118	349	58	143	1	
38119	349	58	143	1	
38120	349	58	143	1	
38121	349	58	143	1	
38122	349	58	143	1	
38123	349	58	143	1	
38124	349	58	145	1	
38125	349	58	147	1	
38126	349	58	149	1	
38127	350	59	149	1	
38128	352	59	148	1	
38129	353	59	148	1	
38130	354	59	148	1	
38131	355	60	149	1	
38132	356	61	149	1	
38133	357	62	149	1	
38134	358	62	148	1	
38135	359	62	148	1	
38136	360	62	148	0	
38137	360	62	149	0	
38138	361	62	148	0	
38139	362	62	148	0	
38140	361	62	149	0	
38141	361	62	149	0	
38142	361	62	149	0	
38143	361	62	149	0	
38144	361	62	149	0	
38145	361	62	149	0	
38146	361	62	149	0	
38147	361	62	149	0	
38148	361	62	149	0	
38149	361	62	149	0	
38150	361	62	149	0	
38151	361	62	149	0	
38152	361	62	149	0	
38153	361	62	149	0	
38154	361	62	149	0	
38155	361	62	149	0	
38156	361	62	149	0	
38157	361	62	149	0	
38158	361	62	149	0	
38159	361	62	149	0	
38160	361	62	149	0	
38161	361	62	149	0	
38162	361	62	149	0	
38163	361	62	149	0	
38164	361	62	149	0	
38165	361	62	149	0	
38166	361	62	149	0	
38167	361	62	149	0	
38168	361	62	149	0	
38169	361	62	149	0	
38170	361	62	149	0	
38171	361	62	149	0	
38172	361	62	149	0	
38173	361	62	149	0	
38174	361	62	149	0	
38175	361	62	149	0	
38176	361	62	149	0	
38177	361	62	149	0	
38178	361	62	149	1	
38179	361	62	149	1	
38180	361	62	149	1	
38181	361	62	149	1	
38182	361	62	149	1	
38183	361	62	149	1	
38184	361	62	149	1	
38185	361	62	149	1	
38186	361	62	149	1	
38187	361	62	149	1	
38188	361	62	149	1	
38189	361	61	149	1	
38190	361	60	149	1	
38191	361	59	149	1	
38192	361	58	149	1	
38193	362	58	148	1	
38194	362	57	149	1	
38195	362	57	149	1	
38196	362	57	149	1	
38197	362	57	148	1	
38198	362	57	148	1	
38199	362	57	148	1	
38200	362	57	148	1	
38201	362	57	148	1	
38202	362	57	148	1	
38203	362	57	148	1	
38204	362	57	148	1	
38205	362	57	148	1	
38206	362	57	148	1	
38207	362	57	148	1	
38208	362	57	148	1	
38209	362	57	148	1	
38210	362	57	148	1	
38211	363	57	148	1	
38212	364	57	148	1	
38213	365	57	148	1	
38214	366	57	148	1	
38215	367	57	148	1	
38216	368	57	148	1	
38217	368	57	148	1	
38218	368	57	148	1	
38219	367	58	149	1	
38220	366	58	149	1	
38221	365	58	149	1	
38222	364	58	149	1	
38223	363	58	149	1	
38224	363	58	148	1	
38225	363	58	148	1	
38226	363	58	148	1	
38227	363	58	148	1	
38228	363	58	148	1	
38229	363	58	148	1	
38230	362	58	149	1	
38231	361	58	149	1	
38232	361	58	149	1	
38233	361	58	149	1	
38234	362	58	148	1	
38235	362	58	148	1	
38236	362	58	148	1	
38237	362	58	148	1	
38238	362	58	148	1	
38239	362	58	148	1	
38240	362	58	148	1	
38241	362	58	148	1	
38242	362	58	148	1	
38243	363	58	148	1	
38244	364	58	148	1	
38245	364	58	148	1	
38246	364	58	148	1	
38247	364	58	148	1	
38248	364	58	148	1	
38249	364	58	148	1	
38250	364	58	148	1	
38251	364	58	148	1	
38252	364	58	148	1	
38253	364	58	148	1	
38254	364	58	148	1	
38255	364	58	148	1	
38256	364	58	148	1	
38257	364	58	148	1	
38258	364	58	148	1	
38259	364	58	148	1	
38260	364	58	148	1	
38261	364	58	148	1	
38262	364	59	148	1	
38263	364	60	148	0	
38264	364	60	148	0	
38265	364	60	148	0	
38266	364	60	148	0	
38267	364	60	148	0	
38268	364	60	148	0	
38269	364	60	148	0	
38270	364	60	148	0	
38271	364	60	148	0	
38272	364	60	148	0	
38273	364	60	148	0	
38274	364	60	148	0	
38275	364	60	148	0	
38276	364	61	149	0	
38277	364	62	149	0	
38278	363	61	150	0	
38279	362	61	149	0	
38280	361	61	148	0	
38281	360	63	148	1	
38282	359	63	148	1	
38283	358	63	148	1	
38284	358	63	148	1	
38285	358	63	148	1	
38286	358	63	148	1	
38287	358	63	148	1	
38288	358	64	149	1	
38289	358	65	149	1	
38290	358	66	149	1	
38291	359	65	148	1	
38292	360	64	148	1	
38293	361	63	148	1	
38294	362	62	148	1	
38295	362	62	148	1	
38296	362	62	148	1	
38297	362	62	148	1	
38298	362	62	148	1	
38299	362	62	148	1	
38300	362	62	148	1	
38301	362	62	148	1	
38302	362	62	148	1	
38303	362	62	148	1	
38304	362	62	148	1	
38305	362	62	148	1	
38306	362	62	148	1	
38307	362	62	148	1	
38308	362	62	148	1	
38309	362	62	148	1	
38310	362	62	148	1	
38311	362	62	148	1	
38312	362	62	148	1	
38313	362	62	148	1	
38314	362	62	148	1	
38315	362	62	148	1	
38316	362	62	148	1	
38317	362	63	149	1	
38318	362	62	148	1	
38319	362	62	148	0	
38320	362	63	149	0	
38321	362	64	149	0	
38322	362	65	149	0	
38323	362	66	149	0	
38324	362	66	149	0	
38325	362	66	149	0	
38326	362	66	149	0	
38327	362	66	149	0	
38328	362	66	149	0	
38329	362	66	149	0	
38330	362	66	149	0	
38331	362	66	149	0	
38332	362	66	149	0	
38333	362	66	149	0	
38334	362	66	149	0	
38335	362	66	149	0	
38336	362	66	149	0	
38337	362	66	149	0	
38338	362	66	149	0	
38339	362	66	149	1	
38340	362	66	149	1	
38341	361	66	149	1	
38342	361	66	149	1	
38343	361	66	149	1	
38344	361	66	149	1	
38345	361	66	149	1	
38346	361	66	149	1	
38347	361	66	149	1	
38348	361	66	149	1	
38349	361	66	149	1	
38350	362	65	148	1	
38351	362	64	148	1	
38352	362	63	148	1	
38353	362	62	148	1	
38354	362	62	148	1	
38355	362	62	148	1	
38356	362	62	148	1	
38357	362	62	148	1	
38358	362	62	148	1	
38359	362	62	148	1	
38360	362	62	148	1	
38361	362	62	148	1	
38362	362	62	148	1	
38363	362	62	148	1	
38364	362	62	148	1	
38365	362	62	148	1	
38366	362	62	148	1	
38367	362	62	148	1	
38368	362	62	148	1	
38369	362	62	148	1	
38370	363	62	148	1	
38371	363	63	149	1	
38372	363	64	149	1	
38373	362	64	149	1	
38374	361	64	149	1	
38375	362	63	148	1	
38376	363	62	148	1	
38377	364	62	148	1	
38378	365	62	148	1	
38379	366	62	148	1	
38380	367	62	148	1	
38381	366	62	149	1	
38382	365	62	149	1	
38383	364	62	149	1	
38384	363	62	149	1	
38385	362	62	149	1	
38386	361	62	149	1	
38387	362	62	148	1	
38388	363	62	148	1	
38389	364	62	148	1	
38390	363	62	149	1	
38391	362	62	149	1	
38392	363	62	148	1	
38393	363	62	148	1	
38394	364	62	148	1	
38395	365	62	148	1	
38396	365	63	149	1	
38397	364	63	149	1	
38398	363	63	149	1	
38399	362	63	149	1	
38400	361	63	149	1	
38401	361	63	149	1	
38402	362	62	148	1	
38403	361	62	149	1	
38404	361	62	149	1	
38405	362	62	148	1	
38406	361	62	149	1	
38407	361	62	149	1	
38408	362	62	148	1	
38409	362	62	148	1	
38410	363	62	148	1	
38411	364	62	148	1	
38412	365	62	148	1	
38413	366	62	148	1	
38414	367	62	148	1	
38415	369	63	149	1	
38416	371	64	149	1	
38417	372	64	148	1	
38418	374	65	149	1	
38419	374	65	148	1	
38420	374	65	148	1	
38421	373	64	148	1	
38422	372	63	148	1	
38423	371	62	148	1	
38424	371	62	148	1	
38425	371	62	148	1	
38426	371	62	148	1	
38427	373	63	149	1	
38428	374	64	149	1	
38429	374	64	149	1	
38430	374	63	150	1	
38431	375	64	150	1	
38432	375	64	149	1	
38433	376	65	149	1	
38434	375	64	150	1	
38435	374	63	149	1	
38436	373	62	148	1	
38437	373	61	150	1	
38438	372	61	149	1	
38439	372	60	150	1	
38440	371	60	149	1	
38441	371	60	148	1	
38442	371	60	150	1	
38443	373	61	150	1	
38444	373	60	151	1	
38445	373	60	152	1	
38446	372	62	151	1	
38447	371	63	150	1	
38448	371	64	149	1	
38449	373	65	149	1	
38450	374	66	149	1	
38451	375	67	149	1	
38452	376	68	149	1	
38453	377	68	149	1	
38454	376	69	148	1	
38455	377	69	149	1	
38456	378	69	149	1	
38457	377	68	148	1	
38458	376	69	148	1	
38459	377	69	149	1	
38460	376	70	148	1	
38461	375	70	148	1	
38462	374	70	148	1	
38463	374	71	148	1	
38464	374	72	148	1	
38465	374	72	148	1	
38466	373	72	149	1	
38467	373	72	148	1	
38468	372	72	149	1	
38469	372	72	148	1	
38470	371	72	148	1	
38471	371	72	148	1	
38472	371	72	148	1	
38473	371	72	148	1	
38474	371	72	148	1	
38475	371	72	148	1	
38476	371	72	148	1	
38477	371	72	148	1	
38478	371	72	148	1	
38479	371	72	148	1	
38480	371	72	148	1	
38481	371	72	148	1	
38482	371	72	148	1	
38483	371	72	148	1	
38484	371	72	148	1	
38485	371	72	148	1	
38486	371	72	148	1	
38487	371	72	148	1	
38488	371	72	148	1	
38489	371	72	148	1	
38490	371	70	150	1	
38491	371	69	150	1	
38492	371	68	150	1	
38493	373	68	150	1	
38494	373	67	150	1	
38495	373	66	150	1	
38496	373	66	150	1	
38497	373	66	150	1	
38498	372	67	149	1	
38499	372	66	149	1	
38500	374	67	149	1	
38501	375	68	149	1	
38502	376	68	149	1	
38503	376	67	149	1	
38504	376	66	149	1	
38505	376	66	149	1	
38506	376	66	149	1	
38507	376	66	149	1	
38508	376	66	149	1	
38509	376	66	149	1	
38510	376	66	149	1	
38511	376	66	149	1	
38512	376	66	149	1	
38513	375	67	148	1	
38514	374	68	148	1	
38515	374	67	149	1	
38516	374	66	149	1	
38517	374	66	149	1	
38518	374	66	149	1	
38519	374	66	149	1	
38520	375	67	149	1	
38521	376	68	149	1	
38522	377	68	149	1	
38523	378	68	149	1	
38524	379	68	149	1	
38525	380	68	149	1	
38526	381	68	149	1	
38527	382	68	149	1	
38528	382	68	149	1	
38529	382	68	149	1	
38530	382	68	149	1	
38531	382	68	149	1	
38532	381	67	149	1	
38533	380	66	149	1	
38534	379	66	149	1	
38535	380	67	149	1	
38536	379	66	149	1	
38537	378	66	149	1	
38538	378	66	149	1	
38539	378	66	149	1	
38540	378	66	149	1	
38541	378	66	149	1	
38542	377	67	148	1	
38543	376	68	148	1	
38544	375	69	148	1	
38545	374	70	148	1	
38546	374	71	148	1	
38547	374	70	149	1	
38548	374	69	149	1	
38549	374	68	149	1	
38550	374	67	149	1	
38551	374	66	149	1	
38552	373	67	148	1	
38553	373	66	149	1	
38554	373	66	149	1	
38555	373	66	149	1	
38556	373	66	149	1	
38557	374	67	149	1	
38558	374	66	149	1	
38559	374	66	149	1	
38560	373	67	148	1	
38561	373	66	149	1	
38562	373	66	149	1	
38563	373	66	149	1	
38564	372	67	148	1	
38565	372	66	149	1	
38566	371	65	148	1	
38567	371	64	148	1	
38568	371	63	148	1	
38569	371	62	148	1	
38570	371	62	148	1	
38571	371	62	149	1	
38572	371	62	149	1	
38573	371	62	149	1	
38574	371	62	149	1	
38575	371	62	148	1	
38576	371	62	148	1	
38577	371	62	148	1	
38578	370	62	149	1	
38579	369	62	149	1	
38580	368	62	149	1	
38581	368	62	148	1	
38582	368	62	148	1	
38583	368	62	148	1	
38584	368	62	148	1	
38585	368	62	148	1	
38586	368	62	148	1	
38587	368	62	148	1	
38588	368	62	148	1	
38589	368	62	148	1	
38590	368	62	148	1	
38591	368	62	148	1	
38592	369	62	149	1	
38593	369	62	148	1	
38594	369	62	148	1	
38595	369	62	148	1	
38596	369	62	148	1	
38597	369	62	148	1	
38598	369	62	148	1	
38599	369	62	148	1	
38600	369	62	148	1	
38601	369	62	148	1	
38602	368	62	149	1	
38603	367	62	149	1	
38604	366	62	149	1	
38605	366	63	148	1	
38606	366	64	148	1	
38607	366	65	148	1	
38608	366	66	148	1	
38609	366	67	148	1	
38610	365	66	149	1	
38611	365	65	148	1	
38612	365	64	148	1	
38613	365	63	148	0	
38614	365	62	148	0	
38615	365	62	148	0	
38616	365	62	148	0	
38617	365	62	148	0	
38618	365	62	148	0	
38619	365	62	148	0	
38620	365	61	149	0	
38621	365	60	149	0	
38622	365	59	149	0	
38623	365	58	149	1	
38624	365	57	149	1	
38625	365	57	149	1	
38626	365	57	149	1	
38627	365	57	149	1	
38628	365	57	149	1	
38629	365	57	149	1	
38630	365	57	149	1	
38631	365	57	149	1	
38632	365	57	148	1	
38633	365	57	148	1	
38634	365	57	148	1	
38635	365	57	148	1	
38636	364	58	149	1	
38637	364	58	148	1	
38638	364	58	148	1	
38639	364	58	148	1	
38640	364	58	148	1	
38641	364	58	148	1	
38642	364	58	148	1	
38643	364	58	148	1	
38644	364	58	148	1	
38645	364	58	148	1	
38646	364	58	148	1	
38647	364	58	148	1	
38648	364	58	148	1	
38649	364	58	148	1	
38650	364	58	148	1	
38651	364	58	148	1	
38652	364	58	148	1	
38653	364	58	148	1	
38654	364	58	148	1	
38655	364	58	148	1	
38656	364	58	148	1	
38657	364	58	148	1	
38658	364	58	148	1	
38659	364	58	148	1	
38660	364	58	148	1	
38661	364	58	148	1	
38662	363	58	149	1	
38663	363	58	148	1	
38664	363	58	148	1	
38665	363	58	148	1	
38666	363	58	148	1	
38667	362	58	149	1	
38668	361	58	149	1	
38669	361	58	149	1	
38670	362	58	148	1	
38671	361	58	149	1	
38672	362	58	148	1	
38673	362	58	148	1	
38674	362	58	148	1	
38675	362	58	148	1	
38676	362	58	148	1	
38677	362	58	148	1	
38678	362	58	148	1	
38679	362	58	148	1	
38680	362	58	148	1	
38681	361	58	149	1	
38682	361	58	149	1	
38683	361	58	149	1	
38684	361	58	149	1	
38685	362	58	148	1	
38686	361	58	149	1	
38687	361	58	149	1	
38688	361	58	149	1	
38689	361	58	149	1	
38690	361	58	149	1	
38691	362	58	148	1	
38692	362	58	148	1	
38693	362	58	148	1	
38694	362	58	148	1	
38695	363	58	149	1	
38696	364	58	149	1	
38697	365	58	149	1	
38698	366	58	149	1	
38699	367	58	149	1	
38700	368	58	149	1	
38701	369	58	149	1	
38702	370	58	149	1	
38703	370	58	148	1	
38704	370	58	149	1	
38705	370	58	148	1	
38706	370	58	149	1	
38707	370	58	149	1	
38708	370	58	149	1	
38709	370	58	149	1	
38710	370	58	148	1	
38711	370	58	149	1	
38712	370	58	149	1	
38713	370	58	148	1	
38714	370	58	148	1	
38715	370	58	148	1	
38716	370	58	148	1	
38717	370	58	148	1	
38718	370	58	148	1	
38719	370	58	148	1	
38720	370	58	148	1	
38721	370	58	148	1	
38722	370	58	148	1	
38723	370	58	148	1	
38724	370	58	148	1	
38725	370	58	148	1	
38726	370	58	148	1	
38727	370	58	148	1	
38728	370	58	148	1	
38729	370	58	148	1	
38730	370	58	148	1	
38731	370	58	148	1	
38732	370	58	148	1	
38733	370	58	148	1	
38734	370	58	148	1	
38735	370	58	148	1	
38736	370	58	148	1	
38737	370	58	148	1	
38738	370	58	148	1	
38739	370	58	148	1	
38740	370	58	148	1	
38741	370	58	148	1	
38742	370	58	148	1	
38743	370	58	148	1	
38744	370	58	148	1	
38745	370	58	148	1	
38746	370	58	148	1	
38747	370	58	148	1	
38748	370	58	148	1	
38749	370	58	148	1	
38750	369	59	149	1	
38751	369	59	148	1	
38752	368	60	149	1	
38753	367	61	149	1	
38754	367	61	148	1	
38755	366	61	149	1	
38756	366	61	148	1	
38757	366	61	148	1	
38758	365	61	149	1	
38759	365	62	149	1	
38760	365	63	149	1	
38761	365	64	149	1	
38762	365	65	149	1	
38763	365	66	149	1	
38764	365	65	148	1	
38765	365	64	148	1	
38766	365	63	148	1	
38767	365	62	148	1	
38768	365	62	148	1	
38769	365	62	148	1	
38770	365	62	148	1	
38771	365	62	148	1	
38772	365	62	148	1	
38773	365	62	148	1	
38774	365	62	148	1	
38775	365	62	148	1	
38776	365	62	148	1	
38777	365	62	148	1	
38778	365	62	148	1	
38779	365	62	148	1	
38780	365	62	148	1	
38781	365	62	148	1	
38782	365	62	148	1	
38783	365	62	148	1	
38784	365	62	148	1	
38785	365	62	148	1	
38786	365	62	148	1	
38787	365	62	148	1	
38788	365	62	148	1	
38789	365	62	148	1	
38790	365	62	148	1	
38791	365	62	148	1	
38792	365	62	148	1	
38793	365	62	148	1	
38794	365	62	148	1	
38795	366	64	147	1	
38796	366	63	147	1	
38797	366	62	147	1	
38798	366	62	147	1	
38799	366	62	147	1	
38800	366	62	147	1	
38801	366	62	147	1	
38802	366	62	147	1	
38803	366	62	147	1	
38804	366	62	147	1	
38805	366	62	147	1	
38806	366	62	147	1	
38807	366	62	147	1	
38808	366	62	147	1	
38809	366	62	147	1	
38810	366	62	147	1	
38811	366	62	147	1	
38812	366	62	147	1	
38813	366	62	147	1	
38814	366	62	147	1	
38815	366	62	147	1	
38816	366	62	147	1	
38817	366	62	147	1	
38818	366	62	147	1	
38819	366	62	147	1	
38820	366	62	147	1	
38821	366	62	147	1	
38822	366	62	147	1	
38823	366	62	147	1	
38824	366	62	147	1	
38825	366	62	147	1	
38826	366	62	147	1	
38827	366	62	147	1	
38828	366	62	147	1	
38829	366	62	147	1	
38830	366	62	147	1	
38831	366	62	147	1	
38832	366	62	147	1	
38833	366	62	147	1	
38834	366	62	147	1	
38835	366	62	147	1	
38836	366	62	147	1	
38837	366	62	147	1	
38838	366	62	147	1	
38839	366	62	147	1	
38840	366	62	147	1	
38841	366	62	147	1	
38842	367	62	147	1	
38843	367	62	147	1	
38844	367	62	147	1	
38845	367	62	147	1	
38846	367	62	147	1	
38847	367	62	147	1	
38848	367	62	147	1	
38849	367	62	147	1	
38850	367	62	147	1	
38851	367	62	147	1	
38852	367	62	147	1	
38853	368	62	147	1	
38854	368	62	147	1	
38855	368	62	147	1	
38856	368	62	147	1	
38857	368	62	147	1	
38858	368	62	147	1	
38859	368	62	147	1	
38860	368	62	147	1	
38861	368	62	147	1	
38862	368	62	147	1	
38863	368	62	147	1	
38864	368	62	147	1	
38865	368	62	147	1	
38866	368	62	147	1	
38867	368	62	147	1	
38868	368	62	147	1	
38869	368	62	147	1	
38870	367	63	148	1	
38871	367	62	148	1	
38872	367	62	148	1	
38873	367	62	148	1	
38874	367	62	148	1	
38875	367	62	148	1	
38876	367	62	148	1	
38877	367	62	148	1	
38878	367	62	148	1	
38879	367	62	148	1	
38880	367	62	148	1	
38881	366	62	149	1	
38882	365	62	149	1	
38883	364	62	149	1	
38884	364	62	148	1	
38885	364	62	148	1	
38886	365	62	148	1	
38887	365	62	148	1	
38888	365	62	148	1	
38889	366	62	148	1	
38890	366	62	148	1	
38891	366	62	148	0	
38892	366	62	148	1	
38893	366	62	148	1	
38894	366	62	148	1	
38895	366	62	148	1	
38896	366	62	148	1	
38897	366	62	148	1	
38898	366	62	148	1	
38899	366	62	148	1	
38900	366	62	148	1	
38901	366	62	148	1	
38902	366	62	148	1	
38903	366	62	148	1	
38904	366	62	148	1	
38905	366	62	148	1	
38906	366	62	148	1	
38907	366	62	148	1	
38908	366	62	148	1	
38909	366	62	148	1	
38910	366	62	148	1	
38911	366	62	148	1	
38912	366	62	148	1	
38913	366	62	148	1	
38914	365	62	149	1	
38915	364	62	149	1	
38916	364	62	148	1	
38917	365	62	148	1	
38918	365	62	148	1	
38919	365	62	148	1	
38920	365	61	150	1	
38921	366	61	150	1	
38922	367	61	150	1	
38923	367	60	151	1	
38924	368	60	151	1	
38925	370	61	151	1	
38926	370	61	151	1	
38927	372	62	151	1	
38928	372	62	151	1	
38929	372	61	152	1	
38930	372	60	153	1	
38931	371	60	152	1	
38932	371	60	151	1	
38933	371	60	150	1	
38934	371	60	149	1	
38935	371	60	148	1	
38936	371	60	148	1	
38937	371	60	148	1	
38938	371	60	148	1	
38939	371	60	148	1	
38940	371	60	148	1	
38941	371	60	148	1	
38942	371	60	148	1	
38943	371	60	148	1	
38944	371	60	148	1	
38945	371	60	148	1	
38946	371	60	148	1	
38947	371	60	148	1	
38948	371	60	148	1	
38949	371	60	148	1	
38950	371	60	148	1	
38951	371	60	148	1	
38952	371	60	148	1	
38953	371	60	148	1	
38954	371	60	148	1	
38955	371	60	148	1	
38956	371	60	148	1	
38957	371	60	148	1	
38958	372	61	148	1	
38959	371	61	148	1	
38960	371	61	148	1	
38961	371	60	150	1	
38962	371	60	149	1	
38963	371	60	148	1	
38964	371	60	148	1	
38965	371	60	148	1	
38966	371	60	148	1	
38967	371	60	148	1	
38968	371	60	148	1	
38969	371	60	148	1	
38970	371	60	148	1	
38971	371	60	148	1	
38972	371	60	148	1	
38973	371	60	148	1	
38974	371	60	148	1	
38975	371	60	148	1	
38976	371	60	148	1	
38977	371	60	148	1	
38978	371	60	148	1	
38979	371	60	148	1	
38980	371	60	148	1	
38981	371	60	148	1	
38982	370	60	149	1	
38983	369	60	149	1	
38984	368	60	149	1	
38985	367	60	149	1	
38986	366	60	149	1	
38987	364	60	148	1	
38988	363	60	149	1	
38989	363	61	148	1	
38990	363	62	148	1	
38991	362	62	148	1	
38992	361	62	148	1	
38993	360	62	148	1	
38994	359	62	148	1	
38995	358	62	148	1	
38996	357	62	148	1	
38997	356	62	148	1	
38998	357	63	148	1	
38999	357	63	148	1	
39000	357	63	148	1	
39001	356	62	150	1	
39002	357	63	149	1	
39003	356	62	150	1	
39004	355	61	151	1	
39005	354	60	152	1	
39006	354	60	153	1	
39007	354	60	152	1	
39008	354	60	151	1	
39009	354	60	150	1	
39010	354	60	151	1	
39011	355	61	151	1	
39012	356	62	151	1	
39013	357	63	151	1	
39014	358	62	150	1	
39015	358	63	150	1	
39016	359	64	150	1	
39017	360	65	150	1	
39018	361	66	150	1	
39019	362	65	149	1	
39020	363	64	148	1	
39021	363	65	149	1	
39022	363	66	149	1	
39023	363	66	149	1	
39024	363	65	148	1	
39025	363	64	148	1	
39026	363	63	148	1	
39027	363	62	148	1	
39028	363	62	148	1	
39029	363	62	148	1	
39030	363	62	148	1	
39031	363	63	149	1	
39032	363	64	149	1	
39033	363	65	149	1	
39034	363	66	149	1	
39035	363	66	149	1	
39036	363	65	148	1	
39037	363	66	149	1	
39038	363	65	148	1	
39039	363	64	148	1	
39040	364	65	148	1	
39041	365	64	148	1	
39042	366	63	148	1	
39043	366	64	149	1	
39044	366	65	149	1	
39045	366	66	149	1	
39046	366	66	149	1	
39047	366	66	149	1	
39048	365	66	149	1	
39049	365	67	149	1	
39050	365	68	149	1	
39051	364	67	149	1	
39052	363	66	149	1	
39053	363	66	149	1	
39054	363	66	149	1	
39055	363	65	148	1	
39056	363	64	148	1	
39057	363	63	148	1	
39058	363	62	148	1	
39059	363	62	148	1	
39060	363	62	148	1	
39061	363	62	148	1	
39062	363	62	148	1	
39063	363	62	148	1	
39064	363	62	148	1	
39065	363	62	148	1	
39066	363	62	148	1	
39067	363	62	148	1	
39068	363	62	148	1	
39069	363	62	148	1	
39070	363	62	148	1	
39071	363	62	148	1	
39072	363	62	148	1	
39073	363	62	148	1	
39074	363	62	148	1	
39075	363	62	148	1	
39076	363	62	148	1	
39077	364	62	148	1	
39078	365	62	148	1	
39079	366	62	148	1	
39080	366	62	148	1	
39081	366	62	148	1	
39082	366	62	148	1	
39083	366	62	148	1	
39084	366	62	148	1	
39085	366	62	148	1	
39086	367	62	148	1	
39087	368	62	148	1	
39088	368	62	148	1	
39089	368	62	148	1	
39090	368	62	148	1	
39091	368	62	148	1	
39092	368	62	148	1	
39093	368	62	148	1	
39094	368	62	148	1	
39095	368	62	148	1	
39096	368	62	148	1	
39097	368	62	148	1	
39098	368	62	148	1	
39099	368	62	148	1	
39100	368	62	148	1	
39101	368	62	148	1	
39102	368	62	148	1	
39103	370	62	148	1	
39104	371	62	148	1	
39105	372	62	148	1	
39106	373	62	148	1	
39107	375	62	148	1	
39108	375	63	148	1	
39109	377	62	148	1	
39110	378	62	148	1	
39111	378	62	148	1	
39112	378	62	148	1	
39113	378	63	148	1	
39114	378	63	148	1	
39115	378	63	148	1	
39116	378	63	148	1	
39117	378	63	148	1	
39118	378	63	148	1	
39119	378	63	148	1	
39120	378	63	148	1	
39121	378	63	148	1	
39122	378	63	148	1	
39123	378	63	148	1	
39124	378	63	148	1	
39125	378	63	148	1	
39126	378	63	148	1	
39127	377	63	148	1	
39128	376	63	148	1	
39129	375	63	148	1	
39130	374	63	148	1	
39131	374	63	148	1	
39132	374	63	148	1	
39133	374	63	148	1	
39134	374	63	148	1	
39135	374	63	148	1	
39136	374	63	148	1	
39137	374	63	148	1	
39138	374	63	148	1	
39139	374	63	148	1	
39140	374	63	148	1	
39141	374	63	148	1	
39142	374	63	148	1	
39143	374	63	148	1	
39144	374	63	148	1	
39145	374	63	148	1	
39146	375	62	148	1	
39147	376	62	148	1	
39148	377	62	148	1	
39149	377	63	148	1	
39150	376	63	148	1	
39151	375	63	148	1	
39152	374	63	148	1	
39153	374	63	148	1	
39154	374	63	148	1	
39155	374	63	148	1	
39156	375	62	148	1	
39157	376	62	148	1	
39158	377	62	148	1	
39159	378	62	148	1	
39160	378	62	148	1	
39161	377	62	148	1	
39162	376	62	148	1	
39163	375	62	148	1	
39164	374	62	148	1	
39165	374	62	148	1	
39166	374	62	148	1	
39167	374	62	148	1	
39168	373	62	148	1	
39169	373	62	148	1	
39170	372	62	148	1	
39171	371	62	148	1	
39172	371	62	148	1	
39173	371	62	148	1	
39174	371	62	148	1	
39175	371	62	148	1	
39176	370	62	149	1	
39177	369	63	149	1	
39178	367	62	150	1	
39179	367	62	149	1	
39180	367	63	149	1	
39181	366	64	149	1	
39182	367	63	148	1	
39183	367	62	148	1	
39184	366	63	149	0	
39185	366	62	148	0	
39186	366	62	148	0	
39187	366	62	148	0	
39188	366	63	149	1	
39189	365	63	149	1	
39190	364	63	149	1	
39191	364	62	148	1	
39192	364	62	148	1	
39193	363	62	149	1	
39194	363	62	148	1	
39195	363	62	148	1	
39196	363	62	148	1	
39197	363	62	148	1	
39198	363	62	148	1	
39199	363	62	148	1	
39200	363	62	148	1	
39201	363	62	148	1	
39202	363	62	148	1	
39203	363	62	148	1	
39204	363	62	148	1	
39205	363	62	148	1	
39206	363	62	148	1	
39207	363	62	148	1	
39208	363	62	148	1	
39209	363	62	148	1	
39210	363	62	148	1	
39211	363	62	148	1	
39212	363	62	148	1	
39213	363	62	148	1	
39214	363	62	148	1	
39215	363	62	148	1	
39216	363	62	148	1	
39217	363	62	148	1	
39218	363	62	148	1	
39219	363	62	148	1	
39220	363	62	148	1	
39221	363	62	148	1	
39222	363	62	148	1	
39223	363	62	148	1	
39224	363	62	148	1	
39225	363	62	148	1	
39226	363	62	148	1	
39227	363	62	148	1	
39228	363	62	148	1	
39229	363	62	148	1	
39230	363	62	148	1	
39231	363	62	148	1	
39232	363	62	148	1	
39233	363	62	148	1	
39234	363	62	148	1	
39235	363	62	148	1	
39236	363	62	148	1	
39237	363	62	148	1	
39238	363	62	148	1	
39239	363	62	148	1	
39240	363	62	148	1	
39241	363	62	148	1	
39242	363	62	148	1	
39243	363	62	148	1	
39244	363	62	148	1	
39245	363	62	148	1	
39246	363	62	148	1	
39247	363	62	148	1	
39248	363	62	148	1	
39249	363	62	148	1	
39250	363	62	148	1	
39251	363	62	148	1	
39252	363	62	148	1	
39253	363	63	149	1	
39254	363	64	149	1	
39255	363	65	149	1	
39256	363	66	149	1	
39257	363	66	149	1	
39258	363	66	149	1	
39259	363	65	148	1	
39260	363	64	148	0	
39261	363	63	148	0	
39262	363	64	149	0	
39263	363	63	148	0	
39264	363	64	149	0	
39265	363	65	149	0	
39266	363	66	149	0	
39267	363	65	148	0	
39268	363	64	148	0	
39269	363	63	148	0	
39270	363	62	148	0	
39271	363	62	148	0	
39272	363	62	148	0	
39273	363	62	148	0	
39274	363	62	148	0	
39275	363	62	148	0	
39276	363	62	148	0	
39277	363	62	148	0	
39278	362	62	149	0	
39279	362	62	148	0	
39280	362	62	148	0	
39281	362	62	148	1	
39282	362	62	148	1	
39283	362	62	148	1	
39284	362	63	149	1	
39285	362	64	149	1	
39286	362	63	148	1	
39287	362	62	148	1	
39288	362	62	148	1	
39289	362	62	148	1	
39290	362	62	148	1	
39291	362	62	148	1	
39292	362	62	148	1	
39293	362	62	148	1	
39294	362	62	148	1	
39295	362	62	148	1	
39296	362	62	148	1	
39297	362	62	148	1	
39298	362	62	148	1	
39299	362	62	148	1	
39300	362	62	148	1	
39301	362	62	148	1	
39302	362	62	148	1	
39303	362	62	148	1	
39304	362	62	148	1	
39305	362	62	148	1	
39306	363	62	148	1	
39307	363	62	148	1	
39308	363	62	148	1	
39309	363	62	148	1	
39310	363	62	148	1	
39311	363	62	148	1	
39312	363	62	148	1	
39313	363	62	148	1	
39314	363	62	148	1	
39315	363	62	148	1	
39316	363	62	148	1	
39317	363	62	148	1	
39318	363	62	148	1	
39319	363	62	148	1	
39320	363	62	148	1	
39321	363	62	148	1	
39322	363	62	148	1	
39323	364	62	148	1	
39324	365	62	148	1	
39325	366	62	148	1	
39326	367	62	148	1	
39327	368	62	148	1	
39328	368	62	148	1	
39329	368	62	148	1	
39330	368	62	148	1	
39331	368	62	148	1	
39332	368	62	148	1	
39333	368	62	148	1	
39334	368	62	148	1	
39335	368	62	148	1	
39336	368	62	148	1	
39337	368	62	148	1	
39338	368	62	148	1	
39339	368	62	148	1	
39340	368	62	148	1	
39341	368	62	148	1	
39342	368	62	148	1	
39343	368	62	148	1	
39344	368	62	148	1	
39345	368	62	148	1	
39346	368	62	148	1	
39347	368	62	148	1	
39348	368	62	148	1	
39349	368	62	148	1	
39350	368	62	148	1	
39351	368	62	148	1	
39352	368	62	148	1	
39353	368	62	148	1	
39354	368	62	148	1	
39355	368	62	148	1	
39356	368	62	148	1	
39357	368	62	148	1	
39358	368	62	148	1	
39359	368	62	148	1	
39360	368	62	148	1	
39361	368	62	148	1	
39362	368	62	148	1	
39363	368	62	148	1	
39364	368	62	148	1	
39365	369	63	148	1	
39366	370	63	148	1	
39367	371	63	148	1	
39368	372	63	148	1	
39369	373	63	148	1	
39370	374	63	148	1	
39371	374	63	148	1	
39372	374	63	148	1	
39373	374	63	148	1	
39374	374	63	148	1	
39375	374	63	148	1	
39376	374	63	148	1	
39377	374	63	148	1	
39378	374	63	148	1	
39379	374	63	148	1	
39380	374	63	149	1	
39381	374	63	149	1	
39382	374	63	149	1	
39383	374	63	149	1	
39384	374	63	149	1	
39385	374	63	149	1	
39386	374	63	149	1	
39387	374	63	149	1	
39388	374	63	149	1	
39389	374	63	149	1	
39390	374	63	149	1	
39391	374	63	149	1	
39392	374	63	149	1	
39393	374	63	149	1	
39394	374	63	149	1	
39395	374	63	149	1	
39396	374	63	149	1	
39397	374	63	149	1	
39398	374	63	149	1	
39399	374	63	149	1	
39400	374	63	149	1	
39401	374	63	149	1	
39402	374	63	149	1	
39403	374	63	148	1	
39404	374	63	148	1	
39405	374	63	148	1	
39406	374	63	149	1	
39407	374	63	149	1	
39408	374	63	149	1	
39409	374	63	149	1	
39410	374	63	149	1	
39411	374	63	149	1	
39412	374	63	149	1	
39413	374	63	149	1	
39414	374	63	149	1	
39415	374	63	149	1	
39416	374	63	149	1	
39417	374	63	148	1	
39418	374	63	149	1	
39419	374	63	149	1	
39420	374	63	149	1	
39421	374	63	149	1	
39422	374	63	149	1	
39423	374	63	149	1	
39424	374	63	149	1	
39425	374	63	149	1	
39426	374	63	149	1	
39427	374	63	148	1	
39428	374	63	148	1	
39429	374	63	148	1	
39430	374	63	148	1	
39431	374	63	148	1	
39432	374	63	149	0	
39433	374	63	149	0	
39434	374	63	149	0	
39435	375	64	149	0	
39436	376	65	149	0	
39437	377	66	149	0	
39438	377	66	148	0	
39439	378	67	149	0	
39440	379	68	149	0	
39441	378	67	149	0	
39442	379	68	149	0	
39443	380	68	149	1	
39444	381	68	149	1	
39445	382	68	149	1	
39446	382	68	149	1	
39447	382	68	149	1	
39448	382	68	149	1	
39449	382	68	149	1	
39450	382	68	149	1	
39451	382	68	149	1	
39452	382	68	149	1	
39453	382	68	149	1	
39454	382	68	149	1	
39455	381	67	149	1	
39456	380	66	149	1	
39457	379	66	149	1	
39458	379	66	148	1	
39459	378	66	149	1	
39460	378	66	149	1	
39461	378	66	148	1	
39462	378	66	148	1	
39463	378	66	148	1	
39464	378	66	148	1	
39465	378	66	148	1	
39466	378	66	148	1	
39467	378	66	148	1	
39468	378	66	148	1	
39469	378	66	148	1	
39470	378	66	148	1	
39471	379	67	149	1	
39472	380	68	149	1	
39473	381	68	149	1	
39474	382	68	149	1	
39475	382	68	149	1	
39476	382	68	148	1	
39477	382	68	148	1	
39478	382	68	148	1	
39479	382	68	148	1	
39480	382	68	148	1	
39481	382	68	148	1	
39482	382	68	148	1	
39483	382	68	148	1	
39484	382	68	148	1	
39485	382	68	148	1	
39486	382	68	149	1	
39487	382	68	149	1	
39488	382	68	149	1	
39489	382	68	149	1	
39490	382	68	149	1	
39491	381	67	149	1	
39492	382	68	149	1	
39493	382	68	149	1	
39494	381	67	149	1	
39495	380	66	149	1	
39496	379	66	149	1	
39497	378	66	149	1	
39498	378	66	149	1	
39499	379	67	149	1	
39500	380	68	149	1	
39501	381	68	149	1	
39502	382	68	149	1	
39503	382	68	149	1	
39504	381	67	149	1	
39505	380	66	149	1	
39506	381	67	149	1	
39507	382	68	149	1	
39508	382	68	149	1	
39509	381	67	149	1	
39510	380	66	149	1	
39511	379	66	149	1	
39512	378	66	149	1	
39513	378	66	149	1	
39514	378	66	149	1	
39515	378	66	149	1	
39516	378	66	149	1	
39517	378	66	149	1	
39518	378	66	149	1	
39519	378	66	149	1	
39520	379	67	149	1	
39521	378	66	149	1	
39522	378	66	149	1	
39523	378	66	149	1	
39524	377	65	148	1	
39525	376	64	148	1	
39526	375	63	148	1	
39527	374	62	148	1	
39528	373	62	148	1	
39529	372	62	148	1	
39530	371	62	148	1	
39531	371	62	148	1	
39532	371	62	148	1	
39533	371	62	148	1	
39534	371	62	148	1	
39535	371	62	148	1	
39536	371	62	148	1	
39537	371	62	148	1	
39538	371	62	148	1	
39539	371	62	148	1	
39540	371	62	148	1	
39541	371	62	149	1	
39542	371	62	149	1	
39543	371	62	148	1	
39544	371	62	149	1	
39545	371	62	149	1	
39546	371	62	149	1	
39547	371	62	149	1	
39548	371	62	149	1	
39549	371	62	149	1	
39550	371	62	148	1	
39551	371	62	148	1	
39552	371	62	148	1	
39553	371	62	148	1	
39554	371	62	148	1	
39555	371	62	148	1	
39556	371	62	148	1	
39557	371	62	148	1	
39558	371	62	148	1	
39559	371	62	148	1	
39560	371	62	148	1	
39561	371	62	148	1	
39562	371	64	147	1	
39563	371	63	147	1	
39564	371	65	146	1	
39565	371	64	146	1	
39566	371	63	146	1	
39567	371	62	146	1	
39568	371	62	146	1	
39569	371	62	146	1	
39570	371	61	148	1	
39571	371	60	150	1	
39572	371	60	151	1	
39573	371	60	150	1	
39574	371	60	151	1	
39575	371	60	150	1	
39576	371	60	149	1	
39577	371	60	150	1	
39578	371	60	151	0	
39579	371	60	150	1	
39580	371	60	149	1	
39581	371	60	150	1	
39582	371	60	151	1	
39583	371	60	150	1	
39584	371	60	149	1	
39585	371	60	150	1	
39586	371	60	149	1	
39587	371	60	148	1	
39588	371	60	148	1	
39589	371	60	148	1	
39590	371	60	148	1	
39591	371	60	148	1	
39592	372	61	148	1	
39593	373	62	148	1	
39594	374	63	148	1	
39595	374	63	148	1	
39596	374	63	148	1	
39597	374	63	148	1	
39598	374	63	148	1	
39599	374	63	148	1	
39600	374	63	148	1	
39601	374	63	148	1	
39602	374	63	148	1	
39603	374	62	150	1	
39604	374	63	149	1	
39605	374	62	150	1	
39606	375	63	150	1	
39607	376	64	150	1	
39608	375	63	151	1	
39609	376	64	151	1	
39610	375	63	150	1	
39611	374	62	149	1	
39612	373	62	148	1	
39613	372	62	148	1	
39614	371	62	148	1	
39615	371	62	148	1	
39616	371	62	148	1	
39617	371	62	148	1	
39618	371	62	148	1	
39619	371	62	148	1	
39620	371	62	148	1	
39621	371	62	148	1	
39622	371	62	148	1	
39623	371	62	148	1	
39624	371	62	148	1	
39625	371	62	148	1	
39626	371	62	148	1	
39627	371	62	148	1	
39628	371	62	148	1	
39629	371	62	148	1	
39630	371	62	148	1	
39631	371	62	148	1	
39632	371	62	148	1	
39633	371	62	148	1	
39634	371	62	148	1	
39635	371	62	148	1	
39636	371	62	148	1	
39637	371	62	148	1	
39638	371	62	148	1	
39639	371	62	148	1	
39640	373	63	149	1	
39641	373	62	150	1	
39642	373	61	151	1	
39643	373	60	152	1	
39644	374	61	151	1	
39645	374	62	150	1	
39646	374	63	149	1	
39647	374	63	148	1	
39648	374	63	148	1	
39649	373	62	148	1	
39650	374	63	148	1	
39651	373	62	148	1	
39652	372	62	148	1	
39653	371	62	148	1	
39654	371	62	148	1	
39655	371	62	148	1	
39656	371	62	148	1	
39657	371	62	148	1	
39658	371	62	148	1	
39659	371	62	148	1	
39660	371	62	148	1	
39661	371	62	148	1	
39662	371	62	148	1	
39663	371	62	148	1	
39664	370	61	149	1	
39665	370	61	148	1	
39666	370	61	148	1	
39667	370	60	149	1	
39668	370	59	149	1	
39669	370	58	149	1	
39670	370	57	149	1	
39671	370	57	149	1	
39672	369	58	148	1	
39673	368	59	148	1	
39674	367	60	148	1	
39675	366	61	148	1	
39676	366	62	148	1	
39677	366	63	148	1	
39678	366	63	148	1	
39679	364	62	150	1	
39680	364	63	149	1	
39681	362	62	149	1	
39682	360	61	149	1	
39683	358	60	149	1	
39684	357	60	150	1	
39685	356	60	151	1	
39686	357	61	150	1	
39687	357	62	149	1	
39688	357	63	148	1	
39689	357	63	148	1	
39690	357	63	148	1	
39691	356	62	148	1	
39692	357	63	148	1	
39693	357	63	148	1	
39694	357	63	148	1	
39695	357	63	148	1	
39696	356	62	148	1	
39697	357	63	148	1	
39698	357	63	148	1	
39699	357	63	148	1	
39700	357	63	148	1	
39701	357	63	148	1	
39702	357	63	148	1	
39703	357	63	148	1	
39704	357	63	148	1	
39705	357	63	148	1	
39706	357	63	148	1	
39707	357	63	148	1	
39708	357	63	148	1	
39709	357	63	148	1	
39710	357	63	148	1	
39711	357	63	148	1	
39712	357	63	148	1	
39713	357	63	148	1	
39714	357	63	148	1	
39715	357	63	148	1	
39716	357	63	148	1	
39717	357	63	148	1	
39718	356	62	148	1	
39719	357	63	148	1	
39720	357	63	148	1	
39721	356	62	148	1	
39722	355	62	148	1	
39723	354	62	148	1	
39724	354	62	148	1	
39725	355	63	148	1	
39726	356	63	148	1	
39727	357	63	148	1	
39728	357	63	148	1	
39729	357	63	148	1	
39730	357	63	148	1	
39731	357	63	148	1	
39732	356	62	150	1	
39733	355	61	151	1	
39734	354	60	152	1	
39735	355	59	152	1	
39736	354	59	153	1	
39737	354	59	152	1	
39738	355	58	152	1	
39739	354	58	153	1	
39740	354	58	154	1	
39741	354	58	155	1	
39742	354	58	156	1	
39743	355	57	156	1	
39744	356	57	156	1	
39745	357	57	156	1	
39746	357	57	156	1	
39747	356	57	157	1	
39748	355	57	158	1	
39749	356	57	158	1	
39750	357	57	158	1	
39751	358	57	158	1	
39752	359	57	158	1	
39753	360	57	158	1	
39754	361	57	158	1	
39755	360	57	159	1	
39756	359	57	157	1	
39757	358	57	158	1	
39758	357	57	159	1	
39759	358	57	158	1	
39760	358	58	157	1	
39761	357	58	158	1	
39762	356	58	159	1	
39763	357	59	157	1	
39764	357	60	156	1	
39765	356	60	157	1	
39766	355	60	158	1	
39767	356	61	157	1	
39768	355	61	156	1	
39769	354	61	155	1	
39770	355	62	154	1	
39771	356	63	153	1	
39772	357	63	152	1	
39773	357	63	151	1	
39774	357	63	150	1	
39775	357	63	149	1	
39776	357	63	148	1	
39777	357	63	148	1	
39778	357	63	148	1	
39779	356	62	150	1	
39780	357	63	149	1	
39781	356	62	150	1	
39782	355	61	151	1	
39783	356	62	150	1	
39784	357	61	150	1	
39785	357	62	149	1	
39786	356	61	150	1	
39787	357	60	150	1	
39788	356	60	151	1	
39789	355	60	152	1	
39790	354	60	153	1	
39791	355	59	153	1	
39792	356	58	153	1	
39793	355	58	154	1	
39794	356	57	154	1	
39795	357	57	154	1	
39796	358	57	154	1	
39797	359	57	154	1	
39798	360	57	154	1	
39799	361	57	154	1	
39800	360	57	155	1	
39801	361	57	155	1	
39802	360	57	156	1	
39803	359	57	157	1	
39804	358	57	158	1	
39805	357	57	159	1	
39806	358	57	158	1	
39807	359	57	158	1	
39808	360	57	158	1	
39809	361	57	158	1	
39810	362	57	158	1	
39811	363	57	157	1	
39812	363	57	157	1	
39813	363	57	157	1	
39814	363	57	157	1	
39815	364	57	156	1	
39816	365	57	155	1	
39817	366	57	154	1	
39818	367	57	153	1	
39819	368	57	152	1	
39820	368	57	151	1	
39821	368	57	150	1	
39822	368	57	149	1	
39823	368	57	148	1	
39824	368	57	148	1	
39825	368	57	148	1	
39826	368	57	148	1	
39827	368	57	148	1	
39828	368	57	148	1	
39829	368	57	148	1	
39830	368	57	148	1	
39831	368	57	148	1	
39832	368	57	148	1	
39833	368	57	148	1	
39834	368	57	148	1	
39835	368	57	148	1	
39836	368	57	148	1	
39837	368	57	148	1	
39838	368	57	148	1	
39839	368	57	148	1	
39840	368	57	148	1	
39841	368	57	148	1	
39842	368	57	148	1	
39843	368	57	148	1	
39844	368	57	148	1	
39845	368	57	148	1	
39846	368	57	148	1	
39847	368	57	148	1	
39848	368	57	148	1	
39849	368	57	148	1	
39850	368	57	148	1	
39851	368	57	148	1	
39852	368	57	148	1	
39853	368	57	148	1	
39854	368	57	148	1	
39855	368	59	149	1	
39856	368	60	149	1	
39857	368	61	149	1	
39858	368	61	148	1	
39859	368	61	148	1	
39860	368	61	148	1	
39861	368	61	148	1	
39862	368	61	148	1	
39863	368	61	148	1	
39864	368	61	148	1	
39865	368	61	148	1	
39866	368	61	148	1	
39867	368	61	148	1	
39868	368	61	148	1	
39869	368	61	148	1	
39870	368	61	148	1	
39871	368	61	148	1	
39872	368	61	148	1	
39873	368	61	148	1	
39874	368	61	148	1	
39875	368	61	148	1	
39876	368	61	148	1	
39877	368	61	148	1	
39878	368	61	148	1	
39879	368	61	148	1	
39880	368	61	148	1	
39881	368	61	148	1	
39882	368	61	148	1	
39883	368	61	148	1	
39884	368	61	148	1	
39885	368	61	148	1	
39886	368	61	148	1	
39887	368	61	148	1	
39888	368	61	148	1	
39889	368	61	148	1	
39890	368	60	149	1	
39891	368	60	148	1	
39892	368	59	149	1	
39893	368	60	149	1	
39894	368	61	149	1	
39895	368	62	149	1	
39896	368	63	149	1	
39897	368	62	148	1	
39898	368	61	149	1	
39899	368	60	149	1	
39900	368	59	149	1	
39901	368	58	149	1	
39902	368	57	149	1	
39903	368	57	149	1	
39904	368	57	148	1	
39905	368	57	148	1	
39906	366	57	150	1	
39907	364	57	151	1	
39908	363	57	152	1	
39909	362	57	153	1	
39910	361	57	154	1	
39911	361	58	153	1	
39912	360	58	154	1	
39913	361	58	153	1	
39914	361	59	152	1	
39915	361	60	151	1	
39916	361	61	150	0	
39917	361	62	149	0	
39918	361	63	148	0	
39919	360	62	150	0	
39920	359	61	151	0	
39921	359	62	150	0	
39922	359	63	149	0	
39923	359	63	148	0	
39924	359	63	148	0	
39925	359	63	148	0	
39926	359	63	148	0	
39927	359	63	148	0	
39928	359	63	148	0	
39929	359	63	148	0	
39930	359	63	148	0	
39931	358	62	148	0	
39932	357	62	148	0	
39933	356	62	148	0	
39934	355	62	148	0	
39935	354	63	149	0	
39936	353	64	149	0	
39937	352	65	149	0	
39938	351	66	149	0	
39939	350	66	148	0	
39940	349	66	148	0	
39941	348	66	148	0	
39942	348	66	148	0	
39943	347	66	148	0	
39944	346	66	148	0	
39945	346	66	148	0	
39946	346	66	148	0	
39947	346	66	148	0	
39948	346	66	148	0	
39949	344	67	149	0	
39950	342	68	149	0	
39951	340	68	149	0	
39952	339	68	149	0	
39953	338	68	148	0	
39954	336	68	148	0	
39955	336	69	147	0	
39956	336	70	146	0	
39957	336	70	146	0	
39958	336	70	146	0	
39959	336	70	146	0	
39960	336	70	146	0	
39961	336	70	146	0	
39962	336	70	146	0	
39963	336	70	146	0	
39964	336	70	146	0	
39965	336	70	146	0	
39966	336	70	146	0	
39967	336	70	146	0	
39968	336	70	146	0	
39969	337	70	147	0	
39970	338	70	148	0	
39971	339	69	148	0	
39972	340	68	148	0	
39973	341	67	148	0	
39974	343	67	148	0	
39975	344	66	148	0	
39976	344	65	148	0	
39977	344	64	148	0	
39978	344	63	148	0	
39979	344	62	148	0	
39980	344	62	148	0	
39981	346	63	149	0	
39982	348	62	148	0	
39983	350	62	148	0	
39984	352	62	148	0	
39985	353	62	148	0	
39986	354	63	149	0	
39987	354	63	149	0	
39988	355	64	149	0	
39989	356	65	149	0	
39990	357	66	149	0	
39991	357	66	149	0	
39992	358	65	148	0	
39993	359	64	148	0	
39994	360	63	148	0	
39995	361	62	148	0	
39996	362	62	148	0	
39997	362	62	148	0	
39998	362	62	148	0	
