74680	52	70	153	0	
74681	52	70	153	0	
74682	52	70	153	0	
74683	52	70	153	0	
74684	52	70	153	0	
74685	52	70	153	0	
74686	52	70	153	0	
74687	52	70	153	0	
74688	52	70	153	0	
74689	52	70	153	0	
74690	52	70	153	0	
74691	52	70	153	0	
74692	52	70	153	0	
74693	52	70	153	0	
74694	52	70	153	0	
74695	52	70	153	0	
74696	52	70	153	0	
74697	52	70	153	0	
74698	52	70	153	0	
74699	52	70	153	0	
74700	52	70	153	0	
74701	52	70	153	0	
74702	52	70	153	0	
74703	52	70	153	0	
74704	52	70	153	0	
74705	52	70	153	0	
74706	52	70	153	0	
74707	52	70	153	0	
74708	52	70	153	0	
74709	52	70	153	0	
74710	52	70	153	0	
74711	52	70	153	0	
74712	52	70	153	0	
74713	52	70	153	0	
74714	52	70	153	0	
74715	52	70	153	0	
74716	52	70	153	0	
74717	52	70	153	0	
74718	52	70	153	0	
74719	52	70	153	0	
74720	52	70	153	0	
74721	52	70	153	0	
74722	52	70	153	0	
74723	52	70	153	0	
74724	52	70	153	0	
74725	52	70	153	0	
74726	52	70	153	0	
74727	52	70	153	0	
74728	52	70	153	0	
74729	52	70	153	0	
74730	52	70	153	0	
74731	52	70	153	0	
74732	52	70	153	0	
74733	52	70	153	0	
74734	52	70	153	0	
74735	52	70	153	0	
74736	52	70	153	0	
74737	52	70	153	0	
74738	52	70	153	0	
74739	52	70	153	0	
74740	52	70	153	0	
74741	52	70	153	0	
74742	52	70	153	0	
74743	52	70	153	0	
74744	52	70	153	0	
74745	52	70	153	0	
74746	52	70	153	0	
74747	52	70	153	0	
74748	52	70	153	0	
74749	52	70	153	0	
74750	52	70	153	0	
74751	52	70	153	0	
74752	52	70	153	0	
74753	52	70	153	0	
74754	52	70	153	0	
74755	52	70	153	0	
74756	52	70	153	0	
74757	52	70	153	0	
74758	52	70	153	0	
74759	52	70	152	0	
74760	52	70	151	0	
74761	52	70	150	0	
74762	52	70	149	0	
74763	52	70	148	0	
74764	52	70	148	0	
74765	52	70	148	0	
74766	52	70	148	0	
74767	52	70	148	0	
74768	52	70	148	0	
74769	52	70	148	0	
74770	52	70	148	0	
74771	52	70	148	0	
74772	52	70	148	0	
74773	52	70	148	0	
74774	52	70	148	0	
74775	52	70	148	0	
74776	52	70	148	0	
74777	52	70	148	0	
74778	52	70	148	0	
74779	52	70	148	0	
74780	52	70	148	0	
74781	52	70	148	0	
74782	52	70	148	0	
74783	52	70	148	0	
74784	52	70	148	0	
74785	52	70	148	0	
74786	52	70	148	0	
74787	52	70	148	0	
74788	52	70	148	0	
74789	52	70	148	0	
74790	52	70	148	0	
74791	52	70	148	0	
74792	52	70	148	0	
74793	52	70	148	0	
74794	52	70	148	0	
74795	52	70	148	0	
74796	52	70	148	0	
74797	52	70	148	0	
74798	52	70	148	0	
74799	52	70	148	0	
74800	52	70	148	0	
74801	52	70	148	0	
74802	52	70	148	0	
74803	52	70	148	0	
74804	52	70	148	0	
74805	52	70	148	0	
74806	52	70	148	0	
74807	52	70	148	0	
74808	52	70	148	0	
74809	52	70	148	0	
74810	52	70	148	0	
74811	52	70	148	0	
74812	52	70	148	0	
74813	52	70	148	0	
74814	52	70	148	0	
74815	52	70	148	0	
74816	52	70	148	0	
74817	52	70	148	0	
74818	52	70	148	0	
74819	52	70	148	0	
74820	52	70	148	0	
74821	52	70	148	0	
74822	52	70	148	0	
74823	52	70	148	0	
74824	52	70	148	0	
74825	52	70	148	0	
74826	52	70	148	0	
74827	52	70	148	0	
74828	52	70	148	0	
74829	52	70	148	0	
74830	52	70	148	0	
74831	52	70	148	0	
74832	52	70	148	0	
74833	52	70	148	0	
74834	52	70	148	0	
74835	52	70	148	0	
74836	52	70	148	0	
74837	52	70	148	0	
74838	52	70	149	0	
74839	52	70	149	0	
74840	52	70	148	0	
74841	52	70	148	0	
74842	52	70	148	0	
74843	52	70	148	0	
74844	52	70	148	0	
74845	52	70	148	0	
74846	52	70	148	0	
74847	52	70	148	0	
74848	52	70	148	0	
74849	52	70	148	0	
74850	52	70	148	0	
74851	52	70	148	0	
74852	52	70	148	0	
74853	52	70	148	0	
74854	52	70	148	0	
74855	52	70	148	0	
74856	52	70	148	0	
74857	52	70	148	0	
74858	52	70	148	0	
74859	52	70	148	0	
74860	52	70	148	0	
74861	52	70	148	0	
74862	52	70	148	0	
74863	52	70	148	0	
74864	52	70	148	0	
74865	52	70	148	0	
74866	52	70	148	0	
74867	52	70	148	0	
74868	52	70	148	0	
74869	52	70	148	0	
74870	52	70	148	0	
74871	52	70	148	0	
74872	52	70	148	0	
74873	52	70	148	0	
74874	52	70	148	0	
74875	52	70	148	0	
74876	52	70	148	0	
74877	52	70	148	0	
74878	52	70	148	0	
74879	52	70	148	0	
74880	52	70	148	0	
74881	52	70	148	0	
74882	52	70	148	0	
74883	52	70	148	0	
74884	52	70	148	0	
74885	52	70	148	0	
74886	52	70	148	0	
74887	52	70	148	0	
74888	52	70	148	0	
74889	52	70	148	0	
74890	52	70	148	0	
74891	52	70	148	0	
74892	52	70	148	0	
74893	52	70	148	0	
74894	52	70	148	0	
74895	52	70	148	0	
74896	51	69	151	0	
74897	51	69	150	0	
74898	51	69	149	0	
74899	51	69	148	0	
74900	51	69	148	0	
74901	51	69	148	0	
74902	51	69	148	0	
74903	51	69	148	0	
74904	51	69	148	0	
74905	51	69	148	0	
74906	51	69	148	0	
74907	51	69	148	0	
74908	51	69	148	0	
74909	51	69	148	0	
74910	51	69	148	0	
74911	51	69	148	0	
74912	51	69	148	0	
74913	51	69	148	0	
74914	51	69	148	0	
74915	51	69	148	0	
74916	51	69	148	0	
74917	51	69	148	0	
74918	51	69	148	0	
74919	51	69	148	0	
74920	51	69	148	0	
74921	51	69	148	0	
74922	51	69	148	0	
74923	51	69	148	0	
74924	51	69	148	0	
74925	51	69	148	0	
74926	51	69	148	0	
74927	51	69	148	0	
74928	51	69	148	0	
74929	51	69	148	0	
74930	51	69	149	0	
74931	51	69	149	0	
74932	51	69	149	0	
74933	51	69	149	0	
74934	51	69	149	0	
74935	51	69	149	0	
74936	51	69	149	0	
74937	51	69	149	0	
74938	51	69	149	0	
74939	51	69	149	0	
74940	51	69	149	0	
74941	51	69	149	0	
74942	51	69	149	0	
74943	51	69	149	0	
74944	51	69	149	0	
74945	51	69	149	0	
74946	51	69	149	0	
74947	51	69	149	0	
74948	51	69	149	0	
74949	51	69	149	0	
74950	51	69	148	0	
74951	51	69	148	0	
74952	51	69	148	0	
74953	51	69	148	0	
74954	51	69	148	0	
74955	51	69	149	0	
74956	51	69	148	0	
74957	51	69	148	0	
74958	51	69	149	0	
74959	51	69	149	0	
74960	51	69	149	0	
74961	51	69	149	0	
74962	51	69	149	0	
74963	51	69	149	0	
74964	51	69	149	0	
74965	51	69	149	0	
74966	51	69	149	0	
74967	51	69	149	0	
74968	51	69	149	0	
74969	51	69	149	0	
74970	51	69	149	0	
74971	51	69	149	0	
74972	51	69	149	0	
74973	51	69	149	0	
74974	51	69	149	0	
74975	51	69	148	0	
74976	51	69	148	0	
74977	51	69	148	0	
74978	51	69	148	0	
74979	51	69	149	0	
74980	51	69	149	0	
74981	51	69	149	0	
74982	51	69	149	0	
74983	51	69	149	0	
74984	51	69	149	0	
74985	51	69	149	0	
74986	51	69	149	0	
74987	51	69	149	0	
74988	51	69	149	0	
74989	51	69	149	0	
74990	51	69	149	0	
74991	51	69	149	0	
74992	51	69	149	0	
74993	51	69	149	0	
74994	51	69	149	0	
74995	51	69	149	0	
74996	51	69	149	0	
74997	51	69	149	0	
74998	51	69	149	0	
74999	51	69	149	0	
75000	51	69	149	0	
75001	51	69	149	0	
75002	51	69	149	0	
75003	51	69	149	0	
75004	51	69	149	0	
75005	51	69	149	0	
75006	51	69	149	0	
75007	51	69	149	0	
75008	51	69	149	0	
75009	51	69	149	0	
75010	51	69	149	0	
75011	51	69	149	0	
75012	51	69	149	0	
75013	51	69	149	0	
75014	51	69	149	0	
75015	51	69	149	0	
75016	51	69	149	0	
75017	51	69	149	0	
75018	51	69	149	0	
75019	51	69	149	0	
75020	51	69	149	0	
75021	51	69	149	0	
75022	51	69	149	0	
75023	51	69	149	0	
75024	51	69	149	0	
75025	51	69	149	0	
75026	51	69	149	0	
75027	51	69	149	0	
75028	51	69	149	0	
75029	51	69	149	0	
75030	50	68	152	0	
75031	50	68	152	0	
75032	49	67	154	0	
75033	49	68	154	0	
75034	49	68	154	0	
75035	48	67	156	0	
75036	48	68	156	0	
75037	48	68	156	0	
75038	48	68	156	0	
75039	48	68	156	0	
75040	48	68	156	0	
75041	47	67	158	0	
75042	46	66	160	0	
75043	45	65	162	0	
75044	45	65	160	0	
75045	45	65	158	0	
75046	45	65	157	0	
75047	46	66	157	0	
75048	47	67	157	0	
75049	48	68	157	0	
75050	48	68	157	0	
75051	48	68	157	0	
75052	48	68	157	0	
75053	48	68	157	0	
75054	48	68	157	0	
75055	48	68	157	0	
75056	48	68	157	0	
75057	48	68	157	0	
75058	48	68	157	0	
75059	48	68	157	0	
75060	48	68	157	0	
75061	48	68	157	0	
75062	48	68	157	0	
75063	48	68	157	0	
75064	48	68	157	0	
75065	48	68	157	0	
75066	48	68	157	0	
75067	48	68	157	0	
75068	48	68	157	0	
75069	48	68	157	0	
75070	48	68	157	0	
75071	48	68	157	0	
75072	48	68	157	0	
75073	48	68	157	0	
75074	48	68	157	0	
75075	48	68	157	0	
75076	48	68	157	0	
75077	48	68	157	0	
75078	48	68	157	0	
75079	48	68	157	0	
75080	48	68	157	0	
75081	48	68	157	0	
75082	48	68	157	0	
75083	48	68	157	0	
75084	48	68	157	0	
75085	48	68	157	0	
75086	48	68	157	0	
75087	48	68	157	0	
75088	48	68	157	0	
75089	48	68	157	0	
75090	48	68	157	0	
75091	48	68	157	0	
75092	48	68	157	0	
75093	48	68	157	0	
75094	48	68	157	0	
75095	48	68	157	0	
75096	48	68	157	0	
75097	48	68	157	0	
75098	48	68	157	0	
75099	48	68	156	0	
75100	48	68	156	0	
75101	48	68	156	0	
75102	48	68	155	0	
75103	48	68	154	0	
75104	48	68	153	0	
75105	48	68	152	0	
75106	48	68	151	0	
75107	48	68	150	0	
75108	48	68	150	0	
75109	48	68	149	0	
75110	48	68	149	0	
75111	48	68	149	0	
75112	48	68	149	0	
75113	48	68	149	0	
75114	48	68	149	0	
75115	48	68	149	0	
75116	47	67	152	0	
75117	47	67	151	0	
75118	47	67	150	0	
75119	47	67	149	0	
75120	47	67	148	0	
75121	47	67	148	0	
75122	47	67	148	0	
75123	47	67	148	0	
75124	47	67	148	0	
75125	47	67	148	0	
75126	47	67	148	0	
75127	47	67	148	0	
75128	48	67	149	0	
75129	48	67	149	0	
75130	48	67	148	0	
75131	48	67	148	0	
75132	48	67	149	0	
75133	48	67	149	0	
75134	48	67	149	0	
75135	48	67	149	0	
75136	48	67	148	0	
75137	48	67	148	0	
75138	48	67	148	0	
75139	48	67	148	0	
75140	48	67	148	0	
75141	48	67	148	0	
75142	48	67	148	0	
75143	48	67	149	0	
75144	48	67	149	0	
75145	48	67	148	0	
75146	48	67	148	0	
75147	48	67	148	0	
75148	48	67	148	0	
75149	48	67	148	0	
75150	48	67	148	0	
75151	48	67	148	0	
75152	48	67	148	0	
75153	48	67	148	0	
75154	48	67	148	0	
75155	48	67	148	0	
75156	48	67	149	0	
75157	48	67	149	0	
75158	48	67	149	0	
75159	48	68	149	0	
75160	48	68	149	0	
75161	48	68	149	0	
75162	48	68	149	0	
75163	48	68	149	0	
75164	48	68	149	0	
75165	48	68	149	0	
75166	48	68	149	0	
75167	48	68	149	0	
75168	48	68	149	0	
75169	48	68	149	0	
75170	48	68	149	0	
75171	48	68	149	0	
75172	48	68	149	0	
75173	48	68	149	0	
75174	48	68	149	0	
75175	48	68	149	0	
75176	48	68	149	0	
75177	48	68	149	0	
75178	48	68	149	0	
75179	48	68	149	0	
75180	48	68	148	0	
75181	48	68	148	0	
75182	48	68	149	0	
75183	48	68	149	0	
75184	48	68	149	0	
75185	48	68	149	0	
75186	48	68	149	0	
75187	48	68	149	0	
75188	48	68	149	0	
75189	48	68	149	0	
75190	48	68	149	0	
75191	48	68	149	0	
75192	48	68	149	0	
75193	48	68	149	0	
75194	48	68	148	0	
75195	48	68	149	0	
75196	48	68	148	0	
75197	48	68	149	0	
75198	48	68	149	0	
75199	48	68	149	0	
75200	48	68	149	0	
75201	48	68	149	0	
75202	48	68	149	0	
75203	48	68	149	0	
75204	48	68	149	0	
75205	48	68	149	0	
75206	48	68	149	0	
75207	48	68	149	0	
75208	48	68	149	0	
75209	48	68	149	0	
75210	48	68	149	0	
75211	48	68	149	0	
75212	48	68	149	0	
75213	48	68	149	0	
75214	48	68	149	0	
75215	48	68	149	0	
75216	48	68	149	0	
75217	48	68	149	0	
75218	48	68	149	0	
75219	48	68	149	0	
75220	48	68	149	0	
75221	48	68	149	0	
75222	48	68	149	0	
75223	48	68	149	0	
75224	48	68	149	0	
75225	47	67	152	0	
75226	48	68	152	0	
75227	47	67	154	0	
75228	46	66	156	0	
75229	47	67	156	0	
75230	48	68	156	0	
75231	48	68	156	0	
75232	48	68	156	0	
75233	48	68	156	0	
75234	48	68	156	0	
75235	48	68	156	0	
75236	48	68	156	0	
75237	48	68	156	0	
75238	48	68	156	0	
75239	48	68	156	0	
75240	48	68	156	0	
75241	48	68	156	0	
75242	48	68	156	0	
75243	48	68	156	0	
75244	48	68	156	0	
75245	48	68	156	0	
75246	48	68	156	0	
75247	48	68	156	0	
75248	48	68	156	0	
75249	48	68	156	0	
75250	48	68	156	0	
75251	48	68	156	0	
75252	48	68	156	0	
75253	48	68	156	0	
75254	48	68	156	0	
75255	48	68	156	0	
75256	48	68	156	0	
75257	48	68	156	0	
75258	48	68	156	0	
75259	48	68	156	0	
75260	48	68	156	0	
75261	48	68	156	0	
75262	48	68	156	0	
75263	48	68	156	0	
75264	48	68	156	0	
75265	48	68	156	0	
75266	48	68	156	0	
75267	48	68	156	0	
75268	48	68	156	0	
75269	48	68	156	0	
75270	48	68	156	0	
75271	48	68	156	0	
75272	48	68	156	0	
75273	48	68	156	0	
75274	48	68	156	0	
75275	48	68	156	0	
75276	48	68	156	0	
75277	48	68	156	0	
75278	48	68	156	0	
75279	48	68	156	0	
75280	48	68	156	0	
75281	48	68	156	0	
75282	48	68	156	0	
75283	48	68	156	0	
75284	48	68	156	0	
75285	48	68	156	0	
75286	48	68	156	0	
75287	48	68	156	0	
75288	48	68	156	0	
75289	48	68	156	0	
75290	48	68	156	0	
75291	48	68	156	0	
75292	48	68	156	0	
75293	48	68	156	0	
75294	48	68	156	0	
75295	48	68	156	0	
75296	48	68	156	0	
75297	48	68	156	0	
75298	48	68	156	0	
75299	48	68	156	0	
