142800	258	56	164	1	
142801	258	56	164	1	
142802	258	56	164	1	
142803	258	56	164	1	
142804	258	56	164	1	
142805	258	56	164	1	
142806	258	56	163	1	
142807	258	56	163	1	
142808	258	56	163	1	
142809	258	56	163	1	
142810	258	56	163	1	
142811	258	56	163	1	
142812	258	56	162	1	
142813	258	56	160	1	
142814	258	56	159	1	
142815	258	56	158	1	
142816	258	57	158	1	
142817	258	57	158	1	
142818	258	57	158	1	
142819	258	57	157	1	
142820	258	57	157	1	
142821	258	57	157	1	
142822	258	57	157	1	
142823	258	57	157	1	
142824	258	57	157	1	
142825	258	57	157	1	
142826	258	57	156	1	
142827	258	57	156	1	
142828	258	57	155	1	
142829	258	57	155	1	
142830	258	57	154	1	
142831	258	57	154	1	
142832	258	57	154	1	
142833	258	57	154	1	
142834	258	57	154	1	
142835	258	57	154	1	
142836	258	57	154	1	
142837	258	57	154	1	
142838	258	57	154	1	
142839	258	57	154	1	
142840	258	57	154	1	
142841	258	57	154	1	
142842	258	57	154	1	
142843	258	57	154	1	
142844	258	57	154	1	
142845	258	57	154	1	
142846	258	57	154	1	
142847	258	57	154	1	
142848	258	57	154	1	
142849	258	57	155	1	
142850	258	57	156	1	
142851	258	57	156	1	
142852	258	57	157	1	
142853	258	57	158	1	
142854	258	57	159	1	
142855	258	57	160	1	
142856	258	57	160	1	
142857	258	57	160	1	
142858	258	57	160	1	
142859	258	57	159	1	
142860	258	57	158	1	
142861	258	57	158	1	
142862	258	57	158	1	
142863	258	57	158	1	
142864	258	57	158	1	
142865	258	57	158	1	
142866	258	57	158	1	
142867	258	57	158	1	
142868	258	57	158	1	
142869	258	57	158	1	
142870	258	57	158	1	
142871	258	57	158	1	
142872	258	57	158	1	
142873	258	57	158	1	
142874	258	57	158	1	
142875	258	57	158	1	
142876	258	57	158	1	
142877	258	57	158	1	
142878	258	57	158	1	
142879	258	57	158	1	
142880	258	57	158	1	
142881	258	57	158	1	
142882	258	57	158	1	
142883	258	57	158	1	
142884	258	57	158	1	
142885	258	57	158	1	
142886	258	57	158	1	
142887	258	57	158	1	
142888	258	57	158	1	
142889	258	57	158	1	
142890	258	57	158	1	
142891	258	57	158	1	
142892	258	57	158	1	
142893	258	57	158	1	
142894	258	57	158	1	
142895	258	57	158	1	
142896	258	57	158	1	
142897	258	57	158	1	
142898	258	57	158	1	
142899	258	57	158	1	
142900	258	57	158	1	
142901	258	57	158	1	
142902	258	57	158	1	
142903	258	57	158	1	
142904	258	57	158	1	
142905	258	57	158	1	
142906	258	57	158	1	
142907	258	57	158	1	
142908	258	57	158	1	
142909	258	57	158	1	
142910	258	57	158	1	
142911	258	57	158	1	
142912	258	57	158	1	
142913	258	57	158	1	
142914	258	57	158	1	
142915	258	57	158	1	
142916	258	57	158	1	
142917	258	57	158	1	
142918	258	57	158	1	
142919	258	57	158	1	
142920	258	57	158	1	
142921	258	57	158	1	
142922	258	57	157	1	
142923	258	57	156	1	
142924	258	57	155	1	
142925	258	57	154	1	
142926	258	57	154	1	
142927	258	57	153	1	
142928	258	57	152	1	
142929	258	57	151	1	
142930	258	57	150	1	
142931	258	57	149	1	
142932	258	57	148	1	
142933	258	57	148	1	
142934	258	57	148	1	
142935	258	57	148	1	
142936	258	57	148	1	
142937	258	57	149	1	
142938	258	57	148	1	
142939	258	57	149	1	
142940	258	57	149	1	
142941	258	57	149	1	
142942	258	57	149	1	
142943	258	57	149	1	
142944	258	57	149	1	
142945	258	57	148	1	
142946	258	57	148	1	
142947	258	57	148	1	
142948	258	57	148	1	
142949	258	57	148	1	
142950	258	57	148	1	
142951	258	57	148	1	
142952	258	57	148	1	
142953	258	57	148	1	
142954	258	57	148	1	
142955	258	58	148	1	
142956	258	59	148	1	
142957	258	60	148	1	
142958	258	60	148	1	
142959	258	60	148	1	
142960	258	60	148	1	
142961	258	60	148	1	
142962	258	60	148	1	
142963	258	60	148	1	
142964	258	60	148	1	
142965	258	60	148	1	
142966	258	60	148	1	
142967	258	60	148	1	
142968	258	60	148	1	
142969	258	60	148	1	
142970	258	60	148	1	
142971	258	60	148	1	
142972	258	60	148	1	
142973	258	60	148	1	
142974	258	59	149	1	
142975	258	60	148	1	
142976	258	60	148	1	
142977	258	60	148	1	
142978	258	60	148	1	
142979	258	60	148	1	
142980	258	60	148	1	
142981	258	60	148	1	
142982	258	60	148	1	
142983	258	60	148	1	
142984	258	60	148	1	
142985	258	60	148	1	
142986	258	60	148	1	
142987	258	60	148	1	
142988	258	59	149	1	
142989	258	58	149	1	
142990	258	57	149	1	
142991	258	57	149	1	
142992	258	57	149	1	
142993	258	57	149	1	
142994	258	57	149	1	
142995	258	57	149	1	
142996	258	57	149	1	
142997	258	57	149	1	
142998	258	57	149	1	
142999	258	57	149	1	
143000	258	58	148	1	
143001	258	57	149	1	
143002	258	57	149	1	
143003	258	57	149	1	
143004	258	57	149	1	
143005	258	57	149	1	
143006	256	57	150	1	
143007	256	58	149	1	
143008	256	59	148	1	
143009	256	60	148	1	
143010	256	60	148	1	
143011	256	60	148	1	
143012	256	60	148	1	
143013	256	60	148	1	
143014	256	60	148	1	
143015	256	60	148	1	
143016	256	60	148	1	
143017	256	60	148	1	
143018	256	60	148	1	
143019	256	60	148	1	
143020	256	60	148	1	
143021	254	60	150	1	
143022	253	60	151	1	
143023	252	60	152	1	
143024	252	60	151	1	
143025	252	60	150	1	
143026	252	60	149	1	
143027	252	60	148	1	
143028	252	60	148	1	
143029	252	60	148	1	
143030	252	60	148	1	
143031	252	60	148	1	
143032	252	60	148	1	
143033	252	60	148	1	
143034	252	60	148	1	
143035	252	60	148	1	
143036	252	60	148	1	
143037	252	60	148	1	
143038	252	60	148	1	
143039	252	60	148	1	
143040	252	60	148	1	
143041	252	60	148	1	
143042	252	60	148	1	
143043	252	60	148	1	
143044	252	60	148	1	
143045	251	60	150	1	
143046	250	60	151	1	
143047	249	60	152	1	
143048	248	60	153	1	
143049	247	60	154	1	
143050	246	60	155	1	
143051	245	60	156	1	
143052	244	60	157	1	
143053	244	60	158	1	
143054	244	60	159	1	
143055	245	60	157	1	
143056	245	59	157	1	
143057	246	60	156	1	
143058	247	60	155	1	
143059	248	60	154	1	
143060	249	60	153	1	
143061	250	60	152	1	
143062	251	60	151	1	
143063	252	60	150	1	
143064	253	59	150	1	
143065	253	60	149	1	
143066	253	60	148	1	
143067	253	60	148	1	
143068	253	60	148	1	
143069	253	60	148	1	
143070	254	59	149	1	
143071	254	58	149	1	
143072	254	59	148	1	
143073	254	60	148	1	
143074	254	59	149	1	
143075	254	58	149	1	
143076	254	57	149	1	
143077	254	57	149	1	
143078	254	57	149	1	
143079	254	57	149	1	
143080	254	57	149	1	
143081	254	57	149	1	
143082	254	57	149	1	
143083	254	57	149	1	
143084	254	57	149	1	
143085	254	57	149	1	
143086	254	57	149	1	
143087	254	56	148	1	
143088	254	56	149	1	
143089	254	56	149	1	
143090	254	55	148	1	
143091	254	55	149	1	
143092	254	55	149	1	
143093	254	55	149	1	
143094	254	54	148	1	
143095	254	54	148	1	
143096	254	54	149	1	
143097	254	54	149	1	
143098	254	54	149	1	
143099	254	54	149	1	
143100	254	54	149	1	
143101	254	54	149	1	
143102	254	54	149	1	
143103	254	54	149	1	
143104	254	54	149	1	
143105	254	54	149	1	
143106	254	54	149	1	
143107	254	54	149	1	
143108	254	54	149	1	
143109	254	54	149	1	
143110	254	54	149	1	
143111	254	54	149	1	
143112	254	54	149	1	
143113	254	54	149	1	
143114	254	54	149	1	
143115	254	54	149	1	
143116	254	54	149	1	
143117	254	54	149	1	
143118	254	54	149	1	
143119	254	54	149	1	
143120	254	54	149	1	
143121	254	54	149	1	
143122	254	54	149	1	
143123	254	54	149	1	
143124	254	54	149	1	
143125	254	54	149	1	
143126	254	54	149	1	
143127	254	54	149	1	
143128	254	54	149	1	
143129	254	54	149	1	
143130	254	54	149	1	
143131	254	54	149	1	
143132	254	54	149	1	
143133	254	54	149	1	
143134	254	54	149	1	
143135	254	54	149	1	
143136	254	54	149	1	
143137	254	54	149	1	
143138	254	54	149	1	
143139	254	54	149	1	
143140	254	54	149	1	
143141	254	54	149	1	
143142	254	54	149	1	
143143	254	54	149	1	
143144	254	54	149	1	
143145	254	54	149	1	
143146	254	54	149	1	
143147	254	54	149	1	
143148	254	54	149	1	
143149	254	54	149	1	
143150	254	54	149	1	
143151	254	54	149	1	
143152	254	54	149	1	
143153	254	54	149	1	
143154	254	54	149	1	
143155	254	54	149	1	
143156	254	54	149	1	
143157	254	54	149	1	
143158	254	54	149	1	
143159	254	54	149	1	
143160	254	54	149	1	
143161	254	54	149	1	
143162	254	54	149	1	
143163	254	54	149	1	
143164	254	54	149	1	
143165	254	54	149	1	
143166	254	54	149	1	
143167	254	54	149	1	
143168	254	54	149	1	
143169	254	54	149	1	
143170	254	54	149	1	
143171	254	54	149	1	
143172	254	54	149	1	
143173	254	54	149	1	
143174	254	54	149	1	
143175	254	54	149	1	
143176	254	54	149	1	
143177	254	54	149	1	
143178	254	54	149	1	
143179	254	54	149	1	
143180	254	54	149	1	
143181	254	54	149	1	
143182	254	54	149	1	
143183	254	54	149	1	
143184	254	54	149	1	
143185	254	54	149	1	
143186	254	54	149	1	
143187	254	54	149	1	
143188	254	54	149	1	
143189	254	54	149	1	
143190	254	54	149	1	
143191	254	54	149	1	
143192	254	54	150	1	
143193	254	54	151	1	
143194	254	54	151	1	
143195	254	54	152	1	
143196	254	54	153	1	
143197	254	54	153	1	
143198	254	54	153	1	
143199	254	54	154	1	
143200	254	54	154	1	
143201	254	54	155	1	
143202	254	54	156	1	
143203	254	54	157	1	
143204	254	54	158	1	
143205	254	54	158	1	
143206	254	54	158	1	
143207	254	54	158	1	
143208	254	54	158	1	
143209	254	54	158	1	
143210	254	54	158	1	
143211	254	54	158	1	
143212	254	54	158	1	
143213	254	54	158	1	
143214	254	54	158	1	
143215	254	54	158	1	
143216	254	54	158	1	
143217	254	54	158	1	
143218	254	54	158	1	
143219	254	54	158	1	
143220	254	54	158	1	
143221	254	54	159	1	
143222	254	54	160	1	
143223	254	54	160	1	
143224	254	54	160	1	
143225	254	54	159	1	
143226	254	54	158	1	
143227	254	54	158	1	
143228	254	54	158	1	
143229	254	54	158	1	
143230	254	54	158	1	
143231	254	54	158	1	
143232	254	54	158	1	
143233	254	54	158	1	
143234	254	54	158	1	
143235	254	54	158	1	
143236	254	54	158	1	
143237	254	54	158	1	
143238	254	54	158	1	
143239	254	54	158	1	
143240	254	54	158	1	
143241	254	54	158	1	
143242	254	54	158	1	
143243	254	54	158	1	
143244	254	54	158	1	
143245	254	54	158	1	
143246	254	54	158	1	
143247	254	54	158	1	
143248	254	54	158	1	
143249	254	54	158	1	
143250	254	54	158	1	
143251	254	54	158	1	
143252	254	54	158	1	
143253	254	54	158	1	
143254	254	54	158	1	
143255	254	54	158	1	
143256	254	54	158	1	
143257	254	54	158	1	
143258	254	54	158	1	
143259	254	54	158	1	
143260	254	54	158	1	
143261	254	54	158	1	
143262	254	54	158	1	
143263	254	54	158	1	
143264	254	54	158	1	
143265	254	54	158	1	
143266	254	54	158	1	
143267	254	54	158	1	
143268	254	54	158	1	
143269	254	54	158	1	
143270	254	54	158	1	
143271	254	54	158	1	
143272	254	54	158	1	
143273	254	54	158	1	
143274	254	54	158	1	
143275	254	54	158	1	
143276	254	54	158	1	
143277	254	54	158	1	
143278	254	54	158	1	
143279	254	54	158	1	
143280	254	54	158	1	
143281	254	54	158	1	
143282	254	54	158	1	
143283	254	54	158	1	
143284	254	54	158	1	
143285	254	54	158	1	
143286	254	54	158	1	
143287	254	54	158	1	
143288	254	54	158	1	
143289	254	54	158	1	
143290	254	54	158	1	
143291	254	54	158	1	
143292	254	54	158	1	
143293	254	54	158	1	
143294	254	54	158	1	
143295	254	54	158	1	
143296	254	54	158	1	
143297	254	54	158	1	
143298	254	54	158	1	
143299	254	54	158	1	
143300	254	54	158	1	
143301	254	54	158	1	
143302	254	54	158	1	
143303	254	54	158	1	
143304	254	54	158	1	
143305	254	54	158	1	
143306	254	54	158	1	
143307	254	54	158	1	
143308	254	54	158	1	
143309	254	54	158	1	
143310	254	54	158	1	
143311	254	54	158	1	
143312	254	54	158	1	
143313	254	54	158	1	
143314	254	54	158	1	
143315	254	54	158	1	
143316	254	54	158	1	
143317	254	54	158	1	
143318	254	54	158	1	
143319	254	54	158	0	
143320	254	54	158	0	
143321	254	54	158	0	
143322	254	54	158	0	
143323	254	54	158	0	
143324	254	54	158	0	
143325	254	54	158	0	
143326	254	54	158	0	
143327	254	54	158	0	
143328	254	54	158	0	
143329	254	54	158	0	
143330	254	54	158	0	
143331	254	54	158	0	
143332	254	54	158	0	
143333	254	54	158	0	
143334	254	54	158	0	
143335	254	54	158	0	
143336	254	54	158	0	
143337	254	54	158	0	
143338	255	54	157	0	
143339	256	54	156	0	
143340	257	54	155	0	
143341	258	54	154	0	
143342	258	54	153	0	
143343	258	54	152	0	
143344	258	54	151	0	
143345	258	54	150	0	
143346	258	54	149	0	
143347	258	54	148	0	
143348	258	54	148	0	
143349	258	54	148	0	
143350	258	54	148	0	
143351	258	54	148	0	
143352	258	54	148	0	
143353	258	54	149	0	
143354	258	54	148	0	
143355	258	54	148	0	
143356	258	54	148	0	
143357	258	54	148	0	
143358	258	54	148	0	
143359	258	54	148	0	
143360	258	54	148	0	
143361	258	54	148	0	
143362	258	54	148	0	
143363	258	54	148	0	
143364	258	54	148	0	
143365	258	54	148	0	
143366	258	54	148	0	
143367	258	54	148	0	
143368	258	54	148	0	
143369	258	54	148	0	
143370	258	54	148	1	
143371	258	54	148	1	
143372	258	54	148	1	
143373	258	54	148	1	
143374	258	54	148	1	
143375	258	54	148	1	
143376	258	54	149	1	
143377	258	54	149	1	
143378	258	54	149	1	
143379	258	54	149	1	
143380	258	54	149	1	
143381	258	54	149	1	
143382	258	54	149	1	
143383	258	54	149	1	
143384	258	54	149	1	
143385	258	54	149	1	
143386	258	54	149	1	
143387	258	54	149	1	
143388	258	54	149	1	
143389	258	54	149	1	
143390	258	54	149	1	
143391	258	54	149	1	
143392	258	54	149	1	
143393	258	54	149	1	
143394	258	54	149	1	
143395	258	54	149	1	
143396	258	54	149	1	
143397	258	54	149	1	
143398	258	54	150	1	
143399	258	54	150	1	
143400	258	54	150	1	
143401	258	54	150	1	
143402	258	54	150	1	
143403	258	54	150	1	
143404	258	54	150	1	
143405	258	54	150	1	
143406	258	54	150	1	
143407	258	54	150	1	
143408	258	54	150	1	
143409	258	54	150	1	
143410	258	54	150	1	
143411	258	54	150	1	
143412	258	54	150	1	
143413	258	54	150	1	
143414	258	54	150	1	
143415	258	54	150	1	
143416	258	54	150	1	
143417	258	54	150	1	
143418	258	54	151	1	
143419	258	54	152	1	
143420	258	54	152	1	
143421	258	54	152	1	
143422	258	54	152	1	
143423	258	54	152	1	
143424	258	54	152	1	
143425	258	54	152	1	
143426	258	54	152	1	
143427	258	54	153	1	
143428	258	54	153	1	
143429	258	54	153	1	
143430	258	54	153	1	
143431	258	54	153	1	
143432	258	54	153	1	
143433	258	54	153	1	
143434	258	54	154	1	
143435	258	54	154	1	
143436	258	54	154	1	
143437	258	54	154	1	
143438	258	54	154	1	
143439	258	54	154	1	
143440	258	54	154	1	
143441	258	54	154	1	
143442	258	54	154	1	
143443	258	54	154	1	
143444	258	54	154	1	
143445	258	54	155	1	
143446	258	54	155	1	
143447	258	54	155	1	
143448	258	54	155	1	
143449	258	54	155	1	
143450	258	54	155	1	
143451	258	54	155	1	
143452	258	54	155	1	
143453	258	54	155	1	
143454	258	54	155	1	
143455	258	54	155	1	
143456	258	54	155	1	
143457	258	54	155	1	
143458	258	54	155	1	
143459	258	54	155	1	
143460	258	54	155	1	
143461	258	54	154	1	
143462	258	54	153	1	
143463	256	54	153	1	
143464	254	54	153	1	
143465	253	54	153	1	
143466	252	54	153	1	
143467	251	54	153	1	
143468	250	54	154	1	
143469	249	54	155	1	
143470	248	54	155	1	
143471	247	54	155	1	
143472	246	54	155	1	
143473	246	54	155	1	
143474	246	54	155	1	
143475	246	54	155	1	
143476	246	54	155	1	
143477	248	54	154	1	
143478	247	54	155	1	
143479	249	54	154	1	
143480	248	54	155	1	
143481	247	54	156	1	
143482	246	54	157	1	
143483	245	54	158	1	
143484	247	54	157	1	
143485	249	54	156	1	
143486	250	54	155	1	
143487	251	54	154	1	
143488	252	54	154	1	
143489	253	54	153	1	
143490	254	54	153	1	
143491	255	54	152	1	
143492	256	54	151	1	
143493	257	54	150	1	
143494	258	54	149	1	
143495	258	54	148	1	
143496	258	54	148	1	
143497	258	54	149	1	
143498	258	54	149	1	
143499	258	54	149	1	
143500	258	54	149	1	
143501	258	54	149	1	
143502	258	54	149	1	
143503	258	54	149	1	
143504	258	54	149	1	
143505	258	54	149	1	
143506	256	54	150	1	
143507	256	54	150	1	
143508	254	54	151	1	
143509	253	54	152	1	
143510	252	54	153	1	
143511	251	54	154	1	
143512	250	54	155	1	
143513	249	54	156	1	
143514	248	54	157	1	
143515	247	54	158	1	
143516	246	54	159	1	
143517	245	54	160	1	
143518	244	54	160	1	
143519	244	54	160	1	
143520	244	54	160	1	
143521	244	54	160	1	
143522	244	54	160	1	
143523	244	54	160	1	
143524	244	54	160	1	
143525	244	54	160	1	
143526	244	54	160	1	
143527	244	54	160	1	
143528	244	54	160	1	
143529	244	54	160	1	
143530	244	54	160	1	
143531	244	54	160	1	
143532	244	54	160	1	
143533	244	54	160	1	
143534	244	54	160	1	
143535	244	54	160	1	
143536	244	54	160	1	
143537	244	54	160	1	
143538	244	54	160	1	
143539	244	54	160	1	
143540	244	54	160	1	
143541	244	54	160	1	
143542	244	54	160	1	
143543	244	54	160	1	
143544	244	54	160	1	
143545	244	54	160	1	
143546	244	54	160	1	
143547	244	54	160	1	
143548	244	54	160	1	
143549	244	54	160	1	
143550	244	54	160	1	
143551	246	54	158	1	
143552	248	54	157	1	
143553	250	54	156	1	
143554	251	54	155	1	
143555	252	54	154	1	
143556	253	54	153	1	
143557	254	54	152	1	
143558	255	54	151	1	
143559	256	54	150	1	
143560	257	54	149	1	
143561	258	54	148	1	
143562	256	54	150	1	
143563	254	54	151	1	
143564	253	54	152	1	
143565	252	54	153	1	
143566	251	54	154	1	
143567	250	54	155	1	
143568	249	54	156	1	
143569	248	54	157	1	
143570	247	54	158	1	
143571	246	54	159	1	
143572	245	54	160	1	
143573	244	54	160	1	
143574	244	54	160	1	
143575	244	54	160	1	
143576	244	54	160	1	
143577	244	54	160	1	
143578	246	54	158	1	
143579	248	54	157	1	
143580	250	54	156	1	
143581	251	54	155	1	
143582	252	54	154	1	
143583	253	54	153	1	
143584	254	54	152	1	
143585	255	54	151	1	
143586	256	54	150	1	
143587	257	54	149	1	
143588	258	54	148	1	
143589	258	54	148	1	
143590	258	54	148	1	
143591	258	54	148	1	
143592	258	54	148	1	
143593	258	54	148	1	
143594	258	54	148	1	
143595	258	54	148	1	
143596	258	54	148	1	
143597	258	54	148	1	
143598	258	54	148	1	
143599	258	54	148	1	
143600	258	54	148	1	
143601	258	54	148	1	
143602	258	54	148	1	
143603	258	54	148	1	
143604	258	54	148	1	
143605	258	54	148	1	
143606	258	54	148	1	
143607	258	54	148	1	
143608	258	54	148	1	
143609	256	54	150	1	
143610	257	54	149	1	
143611	258	54	148	1	
143612	256	54	150	1	
143613	257	54	149	1	
143614	258	54	148	1	
143615	258	54	148	1	
143616	258	54	148	1	
143617	258	54	148	1	
143618	258	54	148	1	
143619	258	54	148	1	
143620	258	54	148	1	
143621	256	54	150	1	
143622	254	54	151	1	
143623	253	54	152	1	
143624	252	54	153	1	
143625	253	54	152	1	
143626	252	54	153	1	
143627	251	54	154	1	
143628	250	54	155	1	
143629	249	54	156	1	
143630	248	54	157	1	
143631	247	54	158	1	
143632	246	54	159	1	
143633	245	54	160	1	
143634	244	54	160	1	
143635	244	54	160	1	
143636	244	54	160	1	
143637	244	54	160	1	
143638	246	54	158	1	
143639	248	54	157	1	
143640	250	54	156	1	
143641	251	54	155	1	
143642	252	54	154	1	
143643	253	54	153	1	
143644	254	54	152	1	
143645	255	54	151	1	
143646	256	54	150	1	
143647	257	54	149	1	
143648	258	54	148	1	
143649	258	54	148	1	
143650	258	54	148	1	
143651	258	54	148	1	
143652	258	54	148	1	
143653	258	54	148	1	
143654	258	54	148	1	
143655	258	54	148	1	
143656	258	54	148	1	
143657	258	54	148	1	
143658	258	54	148	1	
143659	258	54	148	1	
143660	258	54	148	1	
143661	258	54	148	1	
143662	258	54	148	1	
143663	258	54	148	1	
143664	258	54	148	1	
143665	258	54	148	1	
143666	258	54	148	1	
143667	258	54	148	1	
143668	258	54	148	1	
143669	258	54	148	1	
143670	258	54	148	1	
143671	258	54	148	1	
143672	258	54	148	1	
143673	258	54	148	1	
143674	258	54	148	1	
143675	258	54	148	1	
143676	258	54	148	1	
143677	258	54	148	1	
143678	258	54	148	1	
143679	258	54	148	1	
143680	258	54	148	1	
143681	258	54	149	1	
143682	258	54	148	1	
143683	258	54	148	1	
143684	258	54	148	1	
143685	256	54	150	1	
143686	257	54	149	1	
143687	258	54	148	1	
143688	258	54	149	1	
143689	256	54	150	1	
143690	254	54	151	1	
143691	253	54	152	1	
143692	252	54	153	1	
143693	251	54	154	1	
143694	250	54	155	1	
143695	249	54	156	1	
143696	248	54	157	1	
143697	247	54	158	1	
143698	246	54	159	1	
143699	245	54	160	1	
143700	244	54	160	1	
143701	244	54	160	1	
143702	244	54	160	1	
143703	244	54	160	1	
143704	245	54	159	1	
143705	246	54	158	1	
143706	248	54	157	1	
143707	249	55	156	1	
143708	250	55	155	1	
143709	251	55	155	1	
143710	252	55	155	1	
143711	253	55	155	1	
143712	254	55	154	1	
143713	254	54	153	1	
143714	254	54	153	1	
143715	254	54	153	1	
143716	254	54	153	1	
143717	254	54	153	1	
143718	254	54	153	1	
143719	254	54	153	1	
143720	254	54	153	1	
143721	254	54	153	1	
143722	254	54	153	1	
143723	254	54	153	1	
143724	254	54	153	1	
143725	254	54	153	1	
143726	254	54	153	1	
143727	254	54	153	1	
143728	254	54	153	1	
143729	254	54	153	1	
143730	254	54	153	1	
143731	254	54	153	1	
143732	254	54	154	1	
143733	254	54	155	1	
143734	254	54	156	1	
143735	254	54	156	1	
143736	254	54	156	1	
143737	254	54	156	1	
143738	254	54	156	1	
143739	254	54	157	1	
143740	254	54	157	1	
143741	254	54	157	1	
143742	254	54	157	1	
143743	254	54	157	1	
143744	254	54	157	1	
143745	254	54	157	1	
143746	254	54	157	1	
143747	254	54	157	1	
143748	254	54	157	1	
143749	254	54	157	1	
143750	254	54	157	1	
143751	254	54	157	1	
143752	254	54	157	1	
143753	254	54	157	1	
143754	254	54	157	1	
143755	254	54	157	1	
143756	254	54	157	1	
143757	254	54	157	1	
143758	254	54	157	1	
143759	254	54	157	1	
143760	254	54	157	1	
143761	254	54	157	1	
143762	254	54	157	1	
143763	254	54	157	1	
143764	254	54	157	1	
143765	254	54	157	1	
143766	254	54	157	1	
143767	254	54	157	1	
143768	254	54	157	1	
143769	254	54	157	1	
143770	254	54	157	1	
143771	254	54	157	1	
143772	254	54	157	1	
143773	254	54	157	1	
143774	254	54	157	1	
143775	254	54	157	1	
143776	254	54	157	1	
143777	254	54	157	1	
143778	254	54	157	1	
143779	254	54	157	1	
143780	254	54	157	1	
143781	255	54	156	1	
143782	256	54	155	1	
143783	257	54	154	1	
143784	257	54	154	1	
143785	257	54	154	1	
143786	258	54	153	1	
143787	258	54	152	1	
143788	258	54	151	1	
143789	258	54	150	1	
143790	258	54	149	1	
143791	258	54	148	1	
143792	258	54	148	1	
143793	258	54	148	1	
143794	258	54	148	1	
143795	258	54	148	1	
143796	258	54	148	1	
143797	258	54	148	1	
143798	258	54	148	1	
143799	258	54	149	1	
143800	258	54	148	1	
143801	258	54	148	1	
143802	258	54	148	1	
143803	258	54	148	1	
143804	258	54	148	1	
143805	256	54	150	1	
143806	257	54	149	1	
143807	255	54	150	1	
143808	254	54	151	1	
143809	253	54	152	1	
143810	252	54	153	1	
143811	251	54	154	1	
143812	250	54	155	1	
143813	249	54	156	1	
143814	248	54	157	1	
143815	247	54	158	1	
143816	246	54	159	1	
143817	245	54	160	1	
143818	244	54	160	1	
143819	244	54	160	1	
143820	244	54	160	1	
143821	244	54	160	1	
143822	244	54	160	1	
143823	244	54	160	1	
143824	244	54	160	1	
143825	244	54	160	1	
143826	244	54	160	1	
143827	244	54	160	1	
143828	244	54	160	1	
143829	244	54	160	1	
143830	244	54	160	1	
143831	244	54	160	1	
143832	244	54	160	1	
143833	244	54	160	1	
143834	244	54	160	1	
143835	244	54	160	1	
143836	244	54	160	1	
143837	244	54	160	1	
143838	244	54	160	1	
143839	244	54	160	1	
143840	244	54	160	1	
143841	244	54	160	1	
143842	244	54	160	1	
143843	244	54	160	1	
143844	244	54	160	1	
143845	244	54	160	1	
143846	244	54	160	1	
143847	244	54	160	1	
143848	244	54	160	1	
143849	244	54	160	1	
143850	244	54	160	1	
143851	244	54	160	1	
143852	244	54	160	1	
143853	246	54	158	1	
143854	245	54	159	1	
143855	244	54	160	1	
143856	244	54	160	1	
143857	244	54	160	1	
143858	244	54	160	1	
143859	244	54	160	1	
143860	244	54	160	1	
143861	244	54	160	1	
143862	244	54	160	1	
143863	244	54	160	1	
143864	244	54	160	1	
143865	244	54	160	1	
143866	244	54	160	1	
143867	244	54	160	1	
143868	246	54	158	1	
143869	248	54	157	1	
143870	250	54	156	1	
143871	249	54	157	1	
143872	248	54	158	1	
143873	247	54	159	1	
143874	249	54	157	1	
143875	250	54	156	1	
143876	251	54	155	1	
143877	250	54	156	1	
143878	249	54	157	1	
143879	248	54	158	1	
143880	247	54	159	1	
143881	246	54	160	1	
143882	248	54	158	1	
143883	250	54	157	1	
143884	251	54	156	1	
143885	252	54	155	1	
143886	251	54	156	1	
143887	250	54	157	1	
143888	249	54	158	1	
143889	248	54	159	1	
143890	247	54	160	1	
143891	246	54	160	1	
143892	245	54	160	1	
143893	244	54	160	1	
143894	244	54	160	1	
143895	244	54	160	1	
143896	244	54	160	1	
143897	244	54	160	1	
143898	244	54	160	1	
143899	244	54	160	1	
143900	244	54	160	1	
143901	244	54	160	1	
143902	244	54	160	1	
143903	244	54	160	1	
143904	244	54	160	1	
143905	244	54	160	1	
143906	244	54	160	1	
143907	244	54	160	1	
143908	244	54	160	1	
143909	244	54	159	1	
143910	244	54	158	1	
143911	244	54	158	1	
143912	244	54	158	1	
143913	244	54	158	1	
143914	244	54	158	1	
143915	244	54	158	1	
143916	244	54	159	1	
143917	244	54	158	1	
143918	244	54	158	1	
143919	244	54	158	1	
143920	244	54	158	1	
143921	244	54	158	1	
143922	244	54	158	1	
143923	244	54	158	1	
143924	244	54	158	1	
143925	244	54	158	1	
143926	244	54	158	1	
143927	244	54	158	1	
143928	244	54	158	1	
143929	244	54	158	1	
143930	244	54	158	1	
143931	244	54	158	1	
143932	244	54	158	1	
143933	244	54	158	1	
143934	244	54	158	1	
143935	244	54	158	1	
143936	244	54	159	1	
143937	244	54	160	1	
143938	244	54	160	1	
143939	244	54	160	1	
143940	244	54	160	1	
143941	244	54	160	1	
143942	244	54	160	1	
143943	244	54	160	1	
143944	244	54	160	1	
143945	244	54	160	1	
143946	244	54	160	1	
143947	244	54	160	1	
143948	244	54	160	1	
143949	244	54	160	1	
143950	244	54	160	1	
143951	244	54	160	1	
143952	244	54	160	1	
143953	244	54	160	1	
143954	244	54	160	1	
143955	244	54	160	1	
143956	244	54	160	1	
143957	244	54	160	1	
143958	244	54	160	1	
143959	244	54	160	1	
143960	244	54	160	1	
143961	244	54	160	1	
143962	244	54	160	1	
143963	244	54	160	1	
143964	244	54	160	1	
143965	244	54	160	1	
143966	244	54	160	1	
143967	244	54	160	1	
143968	244	54	160	1	
143969	244	54	160	1	
143970	244	54	160	1	
143971	244	54	160	1	
143972	244	54	160	1	
143973	244	54	160	1	
143974	244	54	160	1	
143975	244	54	160	1	
143976	244	54	160	1	
143977	244	54	160	1	
143978	244	54	160	1	
143979	244	54	160	1	
143980	244	54	160	1	
143981	244	54	160	1	
143982	244	54	160	1	
143983	244	54	160	1	
143984	244	54	160	1	
143985	244	54	160	1	
143986	244	54	160	1	
143987	244	54	160	1	
143988	244	54	160	1	
143989	244	54	160	1	
143990	244	54	160	1	
143991	244	54	160	1	
143992	244	54	160	1	
143993	244	54	160	1	
143994	244	54	160	1	
143995	244	54	160	1	
143996	244	54	160	1	
143997	244	54	160	1	
143998	244	54	160	1	
143999	244	54	160	1	
144000	244	54	160	1	
144001	244	54	160	1	
144002	244	54	160	1	
144003	244	54	160	1	
144004	244	54	160	1	
144005	244	54	160	1	
144006	244	54	160	1	
144007	244	54	160	1	
144008	244	54	160	1	
144009	244	54	160	1	
144010	244	54	160	1	
144011	244	54	160	1	
144012	244	54	160	1	
144013	244	54	160	1	
144014	244	54	160	1	
144015	244	54	160	1	
144016	244	54	160	1	
144017	244	54	160	1	
144018	244	54	160	1	
144019	244	54	160	1	
144020	244	54	160	1	
144021	244	54	160	1	
144022	244	54	160	1	
144023	244	54	160	1	
144024	246	54	158	1	
144025	248	54	157	1	
144026	250	54	156	1	
144027	251	54	155	1	
144028	252	54	154	1	
144029	253	54	153	1	
144030	254	54	152	1	
144031	253	54	153	1	
144032	252	54	154	1	
144033	251	54	155	1	
144034	250	54	156	1	
144035	249	54	157	1	
144036	248	54	158	1	
144037	247	54	159	1	
144038	246	54	160	1	
144039	245	54	160	1	
144040	244	54	160	1	
144041	244	54	160	1	
144042	244	54	160	1	
144043	244	54	160	1	
144044	244	54	160	1	
144045	244	54	159	1	
144046	244	54	158	1	
144047	244	54	159	1	
144048	245	54	157	1	
144049	247	54	156	1	
144050	249	54	155	1	
144051	250	54	154	1	
144052	249	54	155	1	
144053	248	54	156	1	
144054	247	54	157	1	
144055	249	54	156	1	
144056	248	54	157	1	
144057	247	54	158	1	
144058	246	54	159	1	
144059	248	54	157	1	
144060	250	54	156	1	
144061	251	54	155	1	
144062	252	54	154	1	
144063	253	54	153	1	
144064	254	54	152	1	
144065	255	54	151	1	
144066	254	54	152	1	
144067	255	54	151	1	
144068	254	54	152	1	
144069	253	54	153	1	
144070	254	54	152	1	
144071	253	56	152	1	
144072	254	56	151	1	
144073	255	56	150	1	
144074	256	56	149	1	
144075	257	56	148	1	
144076	255	56	150	1	
144077	254	56	151	1	
144078	253	56	152	1	
144079	252	56	153	1	
144080	251	56	154	1	
144081	250	56	155	1	
144082	249	56	156	1	
144083	248	57	156	1	
144084	248	57	155	1	
144085	247	58	155	1	
144086	246	59	155	1	
144087	246	60	155	1	
144088	246	59	155	1	
144089	246	58	155	1	
144090	246	57	155	1	
144091	246	57	155	1	
144092	246	57	155	1	
144093	246	57	155	1	
144094	245	57	156	1	
144095	244	57	157	1	
144096	244	57	158	1	
144097	244	57	159	1	
144098	244	57	160	1	
144099	244	57	160	1	
144100	244	57	160	1	
144101	244	57	160	1	
144102	244	57	160	1	
144103	244	57	160	1	
144104	244	57	160	1	
144105	244	57	160	1	
144106	244	57	160	1	
144107	244	57	160	1	
144108	244	57	160	1	
144109	244	57	160	1	
144110	244	57	160	1	
144111	244	57	160	1	
144112	244	57	160	1	
144113	244	57	160	1	
144114	244	57	160	1	
144115	246	57	158	1	
144116	248	57	157	1	
144117	250	57	156	1	
144118	251	57	155	1	
144119	252	57	154	1	
144120	253	57	153	1	
144121	254	57	152	1	
144122	255	57	151	1	
144123	256	57	150	1	
144124	257	57	149	1	
144125	258	57	148	1	
144126	258	57	148	1	
144127	258	57	148	1	
144128	258	57	148	1	
144129	258	57	148	1	
144130	258	57	148	1	
144131	258	57	148	1	
144132	258	57	148	1	
144133	258	57	148	1	
144134	258	57	148	1	
144135	258	57	148	1	
144136	258	57	148	1	
144137	258	57	148	1	
144138	258	57	148	0	
144139	258	57	148	0	
144140	258	57	148	0	
144141	258	57	148	0	
144142	258	57	148	0	
144143	258	57	148	0	
144144	258	57	148	0	
144145	258	57	148	0	
144146	258	57	148	0	
144147	258	57	148	0	
144148	258	57	148	0	
144149	258	57	148	0	
144150	258	57	148	0	
144151	258	57	148	0	
144152	258	57	148	0	
144153	258	57	148	0	
144154	258	57	148	0	
144155	258	57	148	0	
144156	258	57	148	0	
144157	258	57	148	0	
144158	258	57	148	0	
144159	258	57	148	0	
144160	258	57	148	0	
144161	258	57	148	0	
144162	258	57	148	0	
144163	258	57	148	0	
144164	258	57	148	0	
144165	258	57	148	0	
144166	258	57	148	0	
144167	258	57	148	0	
144168	256	57	150	0	
144169	254	57	151	1	
144170	253	57	152	1	
144171	252	57	153	1	
144172	251	57	154	1	
144173	250	57	155	1	
144174	249	57	156	1	
144175	248	57	157	1	
144176	247	57	158	1	
144177	247	57	157	1	
144178	246	57	157	1	
144179	246	57	157	1	
144180	246	57	157	1	
144181	246	57	157	1	
144182	246	57	157	1	
144183	246	57	157	1	
144184	246	57	157	1	
144185	246	57	157	1	
144186	248	57	156	1	
144187	250	57	155	1	
144188	249	57	156	1	
144189	248	57	157	1	
144190	247	57	158	1	
144191	246	57	158	1	
144192	246	57	158	1	
144193	246	57	158	1	
144194	246	57	158	1	
144195	246	57	158	1	
144196	246	57	158	1	
144197	246	57	158	1	
144198	246	57	158	1	
144199	246	57	158	1	
144200	246	57	157	1	
144201	246	57	156	1	
144202	246	57	155	1	
144203	246	57	154	1	
144204	246	57	153	1	
144205	246	57	152	1	
144206	246	57	151	1	
144207	246	57	150	1	
144208	246	57	149	1	
144209	246	57	148	1	
144210	246	57	148	1	
144211	246	57	148	1	
144212	246	57	148	1	
144213	246	57	148	1	
144214	246	57	148	1	
144215	246	57	148	1	
144216	246	57	148	1	
144217	246	57	148	1	
144218	246	57	148	1	
144219	246	57	148	1	
144220	246	57	148	1	
144221	246	58	148	1	
144222	246	58	148	1	
144223	246	58	148	1	
144224	246	58	148	1	
144225	246	58	148	1	
144226	246	58	148	1	
144227	246	58	148	1	
144228	246	58	148	1	
144229	243	58	151	1	
144230	241	58	154	1	
144231	240	58	153	1	
144232	238	58	155	1	
144233	239	58	154	1	
144234	240	58	153	1	
144235	238	58	155	1	
144236	239	58	154	1	
144237	240	58	154	1	
144238	239	58	153	1	
144239	240	58	153	1	
144240	239	58	152	1	
144241	238	58	151	1	
144242	238	58	150	1	
144243	239	58	149	1	
144244	240	58	148	1	
144245	239	58	148	1	
144246	240	58	148	1	
144247	241	58	148	1	
144248	241	58	149	1	
144249	241	58	149	1	
144250	241	58	149	1	
144251	241	58	149	1	
144252	241	58	149	1	
144253	241	58	149	1	
144254	241	58	149	1	
144255	241	58	149	1	
144256	241	58	149	1	
144257	241	59	149	1	
144258	241	60	149	1	
144259	241	60	149	1	
144260	241	61	149	1	
144261	241	61	149	1	
144262	241	61	149	1	
144263	241	61	149	1	
144264	241	61	149	1	
144265	241	61	149	1	
144266	241	61	149	1	
144267	241	61	149	1	
144268	241	61	149	1	
144269	241	61	149	1	
144270	241	61	149	1	
144271	241	61	149	1	
144272	241	61	149	1	
144273	241	61	149	1	
144274	241	61	149	1	
144275	241	61	149	1	
144276	241	61	149	1	
144277	241	62	149	1	
144278	241	62	149	1	
144279	241	62	149	1	
144280	241	62	149	1	
144281	241	62	149	1	
144282	241	62	149	1	
144283	241	62	149	1	
144284	241	62	149	1	
144285	241	62	149	1	
144286	241	62	149	1	
144287	241	62	149	1	
144288	241	62	149	1	
144289	241	62	149	1	
144290	241	62	149	1	
144291	241	62	149	1	
144292	241	62	149	1	
144293	241	62	149	1	
144294	241	62	149	1	
144295	241	62	149	1	
144296	241	62	149	1	
144297	241	62	149	1	
144298	241	62	149	1	
144299	241	62	149	1	
144300	241	62	149	1	
144301	241	62	149	1	
144302	241	62	149	1	
144303	241	62	149	1	
144304	241	62	149	1	
144305	241	62	149	1	
144306	241	62	149	1	
144307	241	62	149	1	
144308	241	62	149	1	
144309	241	62	149	1	
144310	241	62	149	1	
144311	241	62	149	1	
144312	241	62	149	1	
144313	241	62	149	1	
144314	241	62	149	1	
144315	241	62	149	1	
144316	241	62	149	1	
144317	242	62	148	1	
144318	242	62	148	1	
144319	242	62	148	1	
144320	242	62	148	1	
144321	242	62	149	1	
144322	242	62	149	1	
144323	242	62	149	1	
144324	242	62	149	1	
144325	242	62	149	1	
144326	242	62	149	1	
144327	241	62	148	1	
144328	240	62	148	1	
144329	240	62	149	1	
144330	239	62	148	1	
144331	240	62	149	1	
144332	240	62	149	1	
144333	240	62	149	1	
144334	240	62	149	1	
144335	240	62	149	1	
144336	240	62	149	1	
144337	240	62	149	1	
144338	240	62	149	1	
144339	240	62	149	1	
144340	240	62	149	1	
144341	241	62	148	1	
144342	241	62	148	1	
144343	241	62	149	1	
144344	241	62	149	1	
144345	241	62	148	1	
144346	241	62	148	1	
144347	241	62	149	1	
144348	241	62	149	1	
144349	241	62	149	1	
144350	241	62	149	1	
144351	241	62	149	1	
144352	241	62	149	1	
144353	241	62	149	1	
144354	241	63	149	1	
144355	241	64	149	1	
144356	241	65	149	1	
144357	241	65	149	1	
144358	241	65	149	1	
144359	241	65	148	1	
144360	241	65	148	1	
144361	241	65	148	1	
144362	241	66	149	1	
144363	241	66	149	1	
144364	241	66	149	1	
144365	241	66	149	1	
144366	241	66	149	1	
144367	241	66	148	1	
144368	241	66	148	1	
144369	241	66	148	1	
144370	241	66	148	1	
144371	241	66	148	1	
144372	241	66	148	1	
144373	241	66	148	1	
144374	241	66	148	1	
144375	241	66	148	1	
144376	241	66	148	1	
144377	241	66	149	1	
144378	241	66	149	1	
144379	241	66	148	1	
144380	241	66	148	1	
144381	241	66	148	1	
144382	241	66	148	1	
144383	241	66	148	1	
144384	241	66	148	1	
144385	241	66	148	1	
144386	241	66	148	1	
144387	241	66	149	1	
144388	241	66	149	1	
144389	241	66	148	1	
144390	241	66	148	1	
144391	241	66	148	1	
144392	241	66	149	1	
144393	241	66	149	1	
144394	241	66	148	1	
144395	241	66	149	1	
144396	241	66	148	1	
144397	241	66	148	1	
144398	241	66	148	1	
144399	241	66	148	1	
144400	241	65	149	1	
144401	241	64	149	1	
144402	241	63	149	1	
144403	241	62	149	1	
144404	241	61	149	1	
144405	241	61	148	1	
144406	241	61	148	1	
144407	241	61	148	1	
144408	241	61	148	1	
144409	241	61	148	1	
144410	241	61	148	1	
144411	241	61	148	1	
144412	241	61	148	1	
144413	241	61	148	1	
144414	241	62	149	1	
144415	241	63	149	1	
144416	241	63	148	1	
144417	241	64	149	1	
144418	241	64	148	1	
144419	241	65	149	1	
144420	241	66	149	1	
144421	241	66	149	1	
144422	241	66	149	1	
144423	241	66	149	1	
144424	241	66	149	1	
144425	241	66	149	1	
144426	241	66	149	1	
144427	241	66	149	1	
144428	241	66	149	1	
144429	241	66	149	1	
144430	241	66	149	1	
144431	241	66	148	1	
144432	241	66	149	1	
144433	241	66	149	1	
144434	241	66	149	1	
144435	241	66	149	1	
144436	241	66	149	1	
144437	241	66	149	1	
144438	241	66	148	1	
144439	241	66	148	1	
144440	241	66	148	1	
144441	241	66	148	1	
144442	241	66	148	1	
144443	241	66	148	1	
144444	241	66	149	1	
144445	241	66	149	1	
144446	241	66	149	1	
144447	241	66	148	1	
144448	241	66	149	1	
144449	241	66	148	1	
144450	241	66	149	1	
144451	241	66	149	1	
144452	241	66	149	1	
144453	241	66	149	1	
144454	241	66	149	1	
144455	241	66	149	1	
144456	241	66	149	1	
144457	241	66	149	1	
144458	241	66	149	1	
144459	241	66	149	1	
144460	241	66	149	1	
144461	241	66	149	1	
144462	241	66	149	1	
144463	241	65	150	1	
144464	241	64	151	1	
144465	241	63	152	1	
144466	241	62	153	1	
144467	241	61	154	1	
144468	241	60	155	1	
144469	241	60	156	1	
144470	241	60	157	1	
144471	241	60	156	1	
144472	241	60	155	1	
144473	241	60	154	1	
144474	241	60	153	1	
144475	241	60	152	1	
144476	241	60	151	1	
144477	241	60	150	1	
144478	241	61	150	1	
144479	241	61	149	1	
144480	241	61	148	1	
144481	241	61	148	1	
144482	241	61	148	1	
144483	241	61	148	1	
144484	241	60	150	1	
144485	241	60	151	1	
144486	241	60	152	1	
144487	241	61	152	1	
144488	241	62	152	1	
144489	241	63	152	1	
144490	241	64	152	1	
144491	241	65	152	1	
144492	241	66	152	1	
144493	241	66	152	1	
144494	241	66	152	1	
144495	241	66	152	1	
144496	241	66	152	1	
144497	241	66	152	1	
144498	241	66	152	1	
144499	241	66	152	1	
144500	241	66	152	1	
144501	241	66	152	1	
144502	241	66	152	1	
144503	241	66	152	1	
144504	241	66	152	1	
144505	241	66	152	1	
144506	241	66	152	1	
144507	241	66	152	1	
144508	241	66	152	1	
144509	241	66	152	1	
144510	241	66	152	1	
144511	241	66	152	1	
144512	241	66	152	1	
144513	241	66	152	1	
144514	241	66	152	1	
144515	241	66	152	1	
144516	241	66	152	1	
144517	241	66	152	1	
144518	241	66	152	1	
144519	241	66	152	1	
144520	241	66	152	1	
144521	241	66	152	1	
144522	241	66	152	1	
144523	241	65	153	1	
144524	241	64	154	1	
144525	241	63	155	1	
144526	241	62	156	1	
144527	241	61	157	1	
144528	241	60	158	1	
144529	241	61	158	1	
144530	241	62	158	1	
144531	241	63	158	1	
144532	241	64	158	1	
144533	241	65	158	1	
144534	241	66	158	1	
144535	241	66	157	1	
144536	241	66	157	1	
144537	241	66	157	1	
144538	241	66	157	1	
144539	241	66	157	1	
144540	241	66	157	1	
144541	241	66	157	1	
144542	241	66	157	1	
144543	241	66	157	1	
144544	241	66	157	1	
144545	241	66	157	1	
144546	241	66	157	1	
144547	241	66	157	1	
144548	241	66	157	1	
144549	241	66	157	1	
144550	241	66	157	1	
144551	241	66	157	1	
144552	241	66	157	1	
144553	241	66	157	1	
144554	241	66	157	1	
144555	241	66	157	1	
144556	241	66	157	1	
144557	241	66	157	1	
144558	241	66	157	1	
144559	241	66	157	1	
144560	241	66	157	1	
144561	241	66	157	1	
144562	241	66	157	1	
144563	241	66	157	1	
144564	241	66	157	1	
144565	241	66	157	1	
144566	241	66	157	1	
144567	241	66	157	1	
144568	241	66	157	1	
144569	241	66	157	1	
144570	241	66	157	1	
144571	241	66	157	1	
144572	241	66	157	1	
144573	241	65	158	1	
144574	241	66	158	1	
144575	241	66	158	1	
144576	241	66	158	1	
144577	241	66	158	1	
144578	241	66	158	1	
144579	241	66	158	1	
144580	241	66	158	1	
144581	241	66	158	1	
144582	241	66	158	1	
144583	241	66	158	1	
144584	241	66	158	1	
144585	241	66	158	1	
144586	241	66	158	1	
144587	241	66	158	1	
144588	241	66	158	1	
144589	241	66	158	1	
144590	241	66	158	1	
144591	241	66	158	1	
144592	241	66	158	1	
144593	241	66	158	1	
144594	241	66	158	1	
144595	241	66	157	1	
144596	241	66	156	1	
144597	241	66	155	1	
144598	241	66	154	1	
144599	241	66	154	1	
144600	241	66	154	1	
144601	241	66	154	1	
144602	241	66	154	1	
144603	241	66	154	1	
144604	241	66	154	1	
144605	241	66	154	1	
144606	241	66	154	1	
144607	241	66	154	1	
144608	241	66	153	1	
144609	241	66	153	1	
144610	241	66	153	1	
144611	241	66	153	1	
144612	241	66	152	1	
144613	241	66	152	1	
144614	241	66	152	1	
144615	241	66	152	1	
144616	241	66	152	1	
144617	241	66	152	1	
144618	241	66	152	1	
144619	241	66	152	1	
144620	241	66	152	1	
144621	241	66	152	1	
144622	241	66	152	1	
144623	241	66	152	1	
144624	241	66	152	1	
144625	241	66	152	1	
144626	241	66	152	1	
144627	241	66	151	1	
144628	241	66	150	1	
144629	241	66	150	1	
144630	241	66	150	1	
144631	241	66	150	1	
144632	241	66	150	1	
144633	241	66	150	1	
144634	241	66	150	1	
144635	241	66	150	1	
144636	241	66	150	1	
144637	242	67	150	1	
144638	242	67	150	1	
144639	242	67	150	1	
144640	242	67	150	1	
144641	242	67	150	1	
144642	242	67	150	1	
144643	242	67	150	1	
144644	242	67	150	1	
144645	242	67	150	1	
144646	242	67	150	1	
144647	242	67	150	1	
144648	242	67	150	1	
144649	242	67	150	1	
144650	242	67	150	1	
144651	242	67	150	1	
144652	242	67	150	1	
144653	242	67	150	1	
144654	242	67	150	1	
144655	242	67	150	1	
144656	242	67	150	1	
144657	242	67	150	1	
144658	242	67	150	1	
144659	242	67	150	1	
144660	242	67	150	1	
144661	242	67	150	1	
144662	243	68	150	1	
144663	244	68	150	1	
144664	244	68	150	1	
144665	244	68	150	1	
144666	244	68	150	1	
144667	244	68	150	1	
144668	244	68	150	1	
144669	244	68	150	1	
144670	244	68	150	1	
144671	244	68	150	1	
144672	244	68	149	1	
144673	244	68	149	1	
144674	244	68	149	1	
144675	244	68	149	1	
144676	244	68	149	1	
144677	244	68	149	1	
144678	244	68	149	1	
144679	244	68	149	1	
144680	244	68	149	1	
144681	244	68	149	1	
144682	244	68	149	1	
144683	244	68	149	1	
144684	244	68	149	1	
144685	244	68	149	1	
144686	244	68	149	1	
144687	244	67	150	1	
144688	244	67	149	1	
144689	244	67	148	1	
144690	244	66	150	1	
144691	244	65	151	1	
144692	244	65	150	1	
144693	244	65	149	1	
144694	244	66	149	1	
144695	244	66	149	1	
144696	244	65	150	1	
144697	244	64	151	1	
144698	244	63	152	1	
144699	244	62	153	1	
144700	244	61	154	1	
144701	244	60	155	1	
144702	244	60	156	1	
144703	244	60	157	1	
144704	244	60	158	1	
144705	244	61	158	1	
144706	244	62	158	1	
144707	244	63	158	1	
144708	244	62	159	1	
144709	244	61	160	1	
144710	244	60	160	1	
144711	244	60	160	1	
144712	244	61	159	1	
144713	244	60	160	1	
144714	244	60	158	1	
144715	244	60	157	1	
144716	244	60	156	1	
144717	244	60	155	1	
144718	244	60	154	1	
144719	244	60	153	1	
144720	244	60	152	1	
144721	244	61	152	1	
144722	244	62	152	1	
144723	244	63	152	1	
144724	244	63	151	1	
144725	244	62	152	1	
144726	244	61	153	1	
144727	244	60	154	1	
144728	244	60	155	1	
144729	244	60	156	1	
144730	244	60	157	1	
144731	244	61	157	1	
144732	244	60	158	1	
144733	244	61	158	1	
144734	244	62	158	1	
144735	244	63	158	1	
144736	244	62	159	1	
144737	244	63	158	1	
144738	244	63	157	1	
144739	244	62	158	1	
144740	244	61	159	1	
144741	244	60	160	1	
144742	244	60	160	1	
144743	244	60	160	1	
144744	244	61	159	1	
144745	244	62	158	1	
144746	244	63	158	1	
144747	244	64	158	1	
144748	244	65	158	1	
144749	244	66	158	1	
144750	244	66	158	1	
144751	244	66	158	1	
144752	244	66	158	1	
144753	244	66	158	1	
144754	244	66	158	1	
144755	244	66	158	1	
144756	244	66	158	1	
144757	244	66	158	1	
144758	244	66	158	1	
144759	244	66	158	1	
144760	244	66	158	1	
144761	244	66	158	1	
144762	244	66	158	1	
144763	244	66	158	1	
144764	244	66	158	1	
144765	244	66	158	1	
144766	244	66	158	1	
144767	244	66	158	1	
144768	244	66	158	1	
144769	244	66	158	1	
144770	244	66	158	1	
144771	244	66	158	1	
144772	244	66	158	1	
144773	244	66	157	1	
144774	244	66	157	1	
144775	244	66	157	1	
144776	244	66	157	1	
144777	244	66	157	1	
144778	244	66	157	1	
144779	244	66	157	1	
144780	244	66	157	1	
144781	244	66	157	1	
144782	244	66	157	1	
144783	244	66	156	1	
144784	244	66	156	1	
144785	244	66	156	1	
144786	244	66	155	1	
144787	244	66	154	1	
144788	244	66	153	1	
144789	244	66	152	1	
144790	244	66	151	1	
144791	244	66	150	1	
144792	244	67	151	1	
144793	244	67	150	1	
144794	244	68	151	1	
144795	244	69	152	1	
144796	244	69	151	1	
144797	244	70	152	1	
144798	244	70	151	1	
144799	244	70	150	1	
144800	244	70	149	1	
144801	244	70	148	1	
144802	244	70	150	1	
144803	244	70	151	1	
144804	244	69	152	1	
144805	244	69	152	1	
144806	244	69	152	1	
144807	244	69	152	1	
144808	244	69	152	1	
144809	244	69	152	1	
144810	244	69	152	1	
144811	244	69	152	1	
144812	244	69	152	1	
144813	244	69	152	1	
144814	244	69	152	1	
144815	244	69	152	1	
144816	244	69	152	1	
144817	244	69	152	1	
144818	244	69	152	1	
144819	244	69	152	1	
144820	244	69	152	1	
144821	244	69	152	1	
144822	244	69	152	1	
144823	244	69	152	1	
144824	244	69	152	1	
144825	244	69	152	1	
144826	244	69	152	1	
144827	244	69	152	1	
144828	244	69	152	1	
144829	244	69	152	1	
144830	244	69	152	1	
144831	244	69	152	1	
144832	244	69	152	1	
144833	244	69	152	1	
144834	244	69	152	1	
144835	244	69	152	1	
144836	244	69	152	1	
144837	244	69	152	1	
144838	244	69	152	1	
144839	244	69	152	1	
144840	244	69	152	1	
144841	244	69	152	1	
144842	244	69	152	1	
144843	244	69	151	1	
144844	244	69	151	1	
144845	244	68	152	1	
144846	244	68	152	1	
144847	244	69	153	1	
144848	243	68	155	1	
144849	243	68	154	1	
144850	245	67	153	1	
144851	244	68	154	1	
144852	246	67	153	1	
144853	248	66	152	1	
144854	250	65	151	1	
144855	249	66	152	1	
144856	250	65	151	1	
144857	249	64	152	1	
144858	248	63	153	1	
144859	247	62	154	1	
144860	246	61	155	1	
144861	245	60	156	1	
144862	244	60	157	1	
144863	244	60	158	1	
144864	244	60	159	1	
144865	244	61	158	1	
144866	244	62	158	1	
144867	244	63	158	1	
144868	244	63	157	1	
144869	244	63	156	1	
144870	244	63	155	1	
144871	244	64	155	1	
144872	244	64	154	1	
144873	244	65	154	1	
144874	244	64	154	1	
144875	244	64	153	1	
144876	244	64	152	1	
144877	244	64	151	1	
144878	244	64	150	1	
144879	244	64	149	1	
144880	244	64	148	1	
144881	244	64	148	1	
144882	244	63	149	1	
144883	244	64	149	1	
144884	244	65	149	1	
144885	244	65	148	1	
144886	244	65	148	1	
144887	244	66	149	1	
144888	244	66	149	1	
144889	244	66	149	1	
144890	244	66	149	1	
144891	244	66	149	1	
144892	244	66	149	1	
144893	244	66	149	1	
144894	244	66	149	1	
144895	244	66	149	1	
144896	244	66	149	1	
144897	244	66	149	1	
144898	244	65	150	1	
144899	244	64	151	1	
144900	244	63	152	1	
144901	244	62	153	1	
144902	244	61	154	1	
144903	244	60	155	1	
144904	244	60	156	1	
144905	244	61	156	1	
144906	244	61	155	1	
144907	244	61	154	1	
144908	244	60	154	1	
144909	244	59	154	1	
144910	244	58	154	1	
144911	244	57	154	1	
144912	244	57	154	1	
144913	244	57	154	1	
144914	244	57	154	1	
144915	244	57	154	1	
144916	244	57	154	1	
144917	244	57	154	1	
144918	244	58	153	1	
144919	244	59	152	1	
144920	244	60	151	1	
144921	244	60	150	1	
144922	244	60	149	1	
144923	244	60	148	1	
144924	244	60	148	1	
144925	244	60	148	1	
144926	244	60	148	1	
144927	244	60	148	1	
144928	244	60	148	1	
144929	244	60	148	1	
144930	244	59	149	1	
144931	244	58	149	1	
144932	244	57	149	1	
144933	244	57	149	1	
144934	244	57	149	1	
144935	244	57	149	1	
144936	244	57	149	1	
144937	244	57	149	1	
144938	244	57	149	1	
144939	244	57	149	1	
144940	244	57	149	1	
144941	244	57	149	1	
144942	244	57	149	1	
144943	244	57	149	1	
144944	244	57	149	1	
144945	244	57	149	1	
144946	244	57	149	1	
144947	244	57	149	1	
144948	244	57	149	1	
144949	244	57	149	1	
144950	244	57	149	1	
144951	244	57	149	1	
144952	244	57	149	1	
144953	244	57	149	1	
144954	244	57	149	1	
144955	244	57	149	1	
144956	244	58	149	1	
144957	244	59	149	1	
144958	244	60	149	1	
144959	244	61	149	1	
144960	244	62	149	1	
144961	244	63	149	1	
144962	244	64	149	1	
144963	244	65	149	1	
144964	244	66	149	1	
144965	244	66	149	1	
144966	244	66	149	1	
144967	244	66	149	1	
144968	244	66	149	1	
144969	244	66	149	1	
144970	244	66	149	1	
144971	244	66	149	1	
144972	244	66	149	1	
144973	244	66	149	1	
144974	244	66	149	1	
144975	244	66	149	1	
144976	244	66	149	1	
144977	244	66	149	1	
144978	244	66	149	1	
144979	244	66	149	1	
144980	244	66	149	1	
144981	244	66	149	1	
144982	244	66	149	1	
144983	244	66	149	1	
144984	244	66	149	1	
144985	244	66	149	1	
144986	244	66	149	1	
144987	244	66	149	1	
144988	244	66	149	1	
144989	244	66	149	1	
144990	244	66	149	1	
144991	244	66	149	1	
144992	244	65	148	1	
144993	244	64	148	1	
144994	244	63	148	1	
144995	244	62	148	1	
144996	244	62	148	1	
144997	244	62	148	1	
144998	244	62	148	1	
144999	244	62	148	1	
145000	244	62	148	1	
145001	244	62	148	1	
145002	244	62	148	1	
145003	244	62	148	1	
145004	244	62	148	1	
145005	244	62	148	1	
145006	244	62	148	1	
145007	244	62	148	1	
145008	244	62	148	1	
145009	244	62	148	1	
145010	244	62	148	1	
145011	244	62	148	1	
145012	244	62	148	1	
145013	244	62	148	1	
145014	244	62	149	1	
145015	244	62	149	1	
145016	244	62	149	1	
145017	244	62	149	1	
145018	244	62	149	1	
145019	244	62	149	1	
145020	244	62	149	1	
145021	244	62	149	1	
145022	244	62	149	1	
145023	244	63	149	1	
145024	244	64	149	1	
145025	244	64	149	1	
145026	244	64	149	1	
145027	244	64	149	1	
145028	244	64	149	1	
145029	244	64	149	1	
145030	244	64	149	1	
145031	244	64	149	1	
145032	244	64	149	1	
145033	244	64	149	1	
145034	244	64	149	1	
145035	244	64	149	1	
145036	244	64	149	1	
145037	244	63	148	1	
145038	244	62	148	1	
145039	244	62	148	1	
145040	244	62	148	1	
145041	244	62	148	1	
145042	244	62	149	1	
145043	244	62	149	1	
145044	244	62	149	1	
145045	244	62	149	1	
145046	244	62	149	1	
145047	244	62	149	1	
145048	244	62	149	1	
145049	244	62	149	1	
145050	244	62	149	1	
145051	244	62	149	1	
145052	244	62	149	1	
145053	244	63	149	1	
145054	244	63	149	1	
145055	244	64	149	1	
145056	244	64	149	1	
145057	244	64	149	1	
145058	244	64	149	1	
145059	244	64	149	1	
145060	244	65	149	1	
145061	244	66	149	1	
145062	244	66	149	1	
145063	244	66	149	1	
145064	244	66	149	1	
145065	244	66	149	1	
145066	244	66	149	1	
145067	244	66	149	1	
145068	244	66	149	1	
145069	244	66	149	1	
145070	244	66	149	1	
145071	244	66	149	1	
145072	244	66	149	1	
145073	244	66	149	1	
145074	244	66	149	1	
145075	244	66	149	1	
145076	244	66	149	1	
145077	244	66	149	1	
145078	244	65	150	1	
145079	244	64	149	1	
145080	244	63	148	1	
145081	244	62	148	1	
145082	244	62	148	1	
145083	244	62	148	1	
145084	244	62	148	1	
145085	244	61	150	1	
145086	244	60	151	1	
145087	244	61	151	1	
145088	244	62	151	1	
145089	244	63	151	1	
145090	244	64	151	1	
145091	244	65	151	1	
145092	244	66	151	1	
145093	244	65	150	1	
145094	244	66	150	1	
145095	244	66	150	1	
145096	244	66	150	1	
145097	244	66	150	1	
145098	244	66	150	1	
145099	244	66	150	1	
145100	244	66	150	1	
145101	244	66	150	1	
145102	244	66	150	1	
145103	244	66	150	1	
145104	244	66	150	1	
145105	244	66	150	1	
145106	244	66	150	1	
145107	244	66	150	1	
145108	244	66	150	1	
145109	244	66	150	1	
145110	244	66	150	1	
145111	244	66	150	1	
145112	244	66	150	1	
145113	244	66	150	1	
145114	244	66	150	1	
145115	244	66	150	1	
145116	244	66	150	1	
145117	244	66	150	1	
145118	244	66	150	1	
145119	244	66	150	1	
145120	244	66	150	1	
145121	244	66	150	1	
145122	244	66	150	1	
145123	244	66	150	1	
145124	244	66	150	1	
145125	244	66	150	1	
145126	244	66	150	1	
145127	244	66	150	1	
145128	244	66	150	1	
145129	244	66	150	1	
145130	244	66	150	1	
145131	244	66	150	1	
145132	244	66	150	1	
145133	244	66	150	1	
145134	244	66	150	1	
145135	244	66	150	1	
145136	244	66	150	1	
145137	244	66	150	1	
145138	244	66	150	1	
145139	244	66	150	1	
145140	244	66	150	1	
145141	244	66	150	1	
145142	244	66	150	1	
145143	244	66	150	1	
145144	244	66	150	1	
145145	244	66	150	1	
145146	244	66	150	1	
145147	244	66	150	1	
145148	244	66	150	1	
145149	244	66	150	1	
145150	244	66	150	1	
145151	244	66	150	1	
145152	244	66	150	1	
145153	244	66	150	1	
145154	244	66	150	1	
145155	244	66	150	1	
145156	244	66	150	1	
145157	244	66	150	1	
145158	244	66	150	1	
145159	244	66	150	1	
145160	244	66	150	1	
145161	244	66	150	1	
145162	244	66	150	1	
145163	244	66	150	1	
145164	244	66	150	1	
145165	244	66	150	1	
145166	244	66	150	1	
145167	244	66	150	1	
145168	244	66	150	1	
145169	244	66	150	1	
145170	244	66	150	1	
145171	244	66	150	1	
145172	244	66	150	1	
145173	244	66	150	1	
145174	244	66	150	1	
145175	244	66	150	1	
145176	244	66	150	1	
145177	244	66	150	1	
145178	244	66	150	1	
145179	244	66	150	1	
145180	244	66	150	1	
145181	244	66	150	1	
145182	244	66	150	1	
145183	244	66	150	1	
145184	244	66	150	1	
145185	244	66	150	1	
145186	244	66	150	1	
145187	244	66	150	1	
145188	244	66	150	1	
145189	244	66	150	1	
145190	244	66	150	1	
145191	244	66	150	1	
145192	244	66	150	1	
145193	244	66	150	1	
145194	244	66	150	1	
145195	244	66	150	1	
145196	244	66	150	1	
145197	244	66	150	1	
145198	244	66	150	1	
145199	244	66	150	1	
145200	244	66	150	1	
145201	244	66	150	1	
145202	244	66	150	1	
145203	244	66	150	1	
145204	244	66	150	1	
145205	244	65	149	1	
145206	244	65	149	1	
145207	244	64	148	1	
145208	244	63	148	1	
145209	244	62	148	1	
145210	244	62	148	1	
145211	244	62	148	1	
145212	244	62	148	1	
145213	244	62	149	1	
145214	244	62	148	1	
145215	244	62	148	1	
145216	244	62	148	1	
145217	244	62	148	1	
145218	244	62	149	1	
145219	244	62	149	1	
145220	242	63	149	1	
145221	241	64	149	1	
145222	240	65	149	1	
145223	238	65	150	1	
145224	237	65	151	1	
145225	236	65	152	1	
145226	235	65	153	1	
145227	234	66	153	1	
145228	233	66	154	1	
145229	232	66	155	1	
145230	231	66	156	1	
145231	230	66	157	1	
145232	229	66	158	1	
145233	228	66	159	1	
145234	228	66	160	1	
145235	228	66	160	1	
145236	228	66	160	1	
145237	230	66	159	1	
145238	232	66	158	1	
145239	233	66	158	1	
145240	232	66	159	1	
145241	231	66	160	1	
145242	230	66	160	1	
145243	230	67	159	1	
145244	229	67	160	1	
145245	229	68	159	1	
145246	229	68	158	1	
145247	228	68	159	1	
145248	228	68	158	1	
145249	227	67	160	1	
145250	227	67	160	1	
145251	227	67	160	1	
145252	227	68	159	1	
145253	227	68	158	1	
145254	227	68	159	1	
145255	227	68	160	1	
145256	227	68	160	1	
145257	227	68	160	1	
145258	226	67	162	1	
145259	226	67	162	1	
145260	228	66	161	1	
145261	230	66	160	1	
145262	232	66	159	1	
145263	233	66	158	1	
145264	234	66	158	1	
145265	235	66	158	1	
145266	236	66	158	1	
145267	237	66	158	1	
145268	238	66	158	1	
145269	239	66	158	1	
145270	240	66	158	1	
145271	240	66	158	1	
145272	240	66	158	1	
145273	240	66	158	1	
145274	240	66	158	1	
145275	240	66	158	1	
145276	240	66	158	1	
145277	240	66	158	1	
145278	240	66	158	1	
145279	240	66	158	1	
145280	240	66	158	1	
145281	240	66	158	1	
145282	240	66	158	1	
145283	240	66	158	1	
145284	240	66	158	1	
145285	240	66	158	1	
145286	240	66	158	1	
145287	240	66	158	1	
145288	240	66	158	1	
145289	240	66	158	1	
145290	240	66	158	1	
145291	240	66	158	1	
145292	240	66	158	1	
145293	240	66	158	1	
145294	240	66	158	1	
145295	241	65	157	1	
145296	241	65	157	1	
145297	241	65	157	1	
145298	241	65	157	1	
145299	241	65	157	1	
145300	241	65	157	1	
145301	241	65	157	1	
145302	242	64	156	1	
145303	242	63	155	1	
145304	241	62	154	1	
145305	240	62	153	1	
145306	241	62	152	1	
145307	242	62	151	1	
145308	242	62	151	1	
145309	242	62	151	1	
145310	242	62	150	1	
145311	242	62	149	1	
145312	242	62	148	1	
145313	242	62	148	1	
145314	242	62	149	1	
145315	242	62	148	1	
145316	242	62	148	1	
145317	242	62	148	1	
145318	242	62	148	1	
145319	242	62	148	1	
145320	242	62	148	1	
145321	242	62	148	1	
145322	242	62	148	1	
145323	242	62	148	1	
145324	242	62	148	1	
145325	242	62	148	1	
145326	242	62	148	1	
145327	242	62	148	1	
145328	242	62	148	1	
145329	242	62	148	1	
145330	242	62	148	1	
145331	242	62	148	1	
145332	242	62	148	1	
145333	242	62	148	1	
145334	242	61	149	1	
145335	242	60	149	1	
145336	242	60	149	1	
145337	242	60	149	1	
145338	242	60	148	1	
145339	242	60	148	1	
145340	242	60	149	1	
145341	242	60	149	1	
145342	242	61	149	1	
145343	242	62	149	1	
145344	242	62	149	1	
145345	242	62	149	1	
145346	242	62	148	1	
145347	242	62	148	1	
145348	242	62	148	1	
145349	242	62	148	1	
145350	242	62	148	1	
145351	242	62	148	1	
145352	242	62	148	1	
145353	242	62	149	1	
145354	242	62	149	1	
145355	242	62	149	1	
145356	242	63	149	1	
145357	242	63	149	1	
145358	242	64	149	1	
145359	242	63	149	1	
145360	242	64	149	1	
145361	242	65	149	1	
145362	242	66	149	1	
145363	242	66	149	1	
145364	242	66	149	1	
145365	242	66	149	1	
145366	242	66	149	1	
145367	242	66	149	1	
145368	242	66	149	1	
145369	242	66	149	1	
145370	242	66	149	1	
145371	242	66	149	1	
145372	242	66	149	1	
145373	242	66	149	1	
145374	242	66	149	1	
145375	242	66	149	1	
145376	242	66	149	1	
145377	242	66	149	1	
145378	242	66	149	1	
145379	242	66	149	1	
145380	242	66	149	1	
145381	242	66	149	1	
145382	242	66	149	1	
145383	242	66	149	1	
145384	242	66	149	1	
145385	242	66	149	1	
145386	242	66	149	1	
145387	242	66	149	1	
145388	242	66	149	1	
145389	242	66	149	1	
145390	242	66	149	1	
145391	242	66	149	1	
145392	242	65	148	1	
145393	242	64	148	1	
145394	242	63	148	1	
145395	241	62	148	1	
145396	240	62	148	1	
145397	240	62	149	1	
145398	240	62	149	1	
145399	240	62	149	1	
145400	240	62	149	1	
145401	240	62	149	1	
145402	240	62	149	1	
145403	240	62	149	1	
145404	240	62	149	1	
145405	240	62	149	1	
145406	240	62	149	1	
145407	240	62	149	1	
145408	240	62	149	1	
145409	240	62	149	1	
145410	240	62	149	1	
145411	240	62	149	1	
145412	240	63	149	1	
145413	240	63	149	1	
145414	240	63	149	1	
145415	240	63	149	1	
145416	240	63	149	1	
145417	240	64	149	1	
145418	240	64	149	1	
145419	240	64	149	1	
145420	240	64	149	1	
145421	240	64	149	1	
145422	240	64	149	1	
145423	240	65	149	1	
145424	240	66	149	1	
145425	240	66	149	1	
145426	240	66	149	1	
145427	240	66	149	1	
145428	240	66	149	1	
145429	240	66	149	1	
145430	240	66	149	1	
145431	240	66	149	1	
145432	240	66	149	1	
145433	240	66	149	1	
145434	240	66	149	1	
145435	240	66	149	1	
145436	240	66	149	1	
145437	240	66	149	1	
145438	242	65	148	1	
145439	242	66	149	1	
145440	242	66	149	1	
145441	242	66	149	1	
145442	242	66	149	1	
145443	242	66	149	1	
145444	242	66	149	1	
145445	242	66	149	1	
145446	242	66	149	1	
145447	242	66	149	1	
145448	242	66	149	1	
145449	242	66	149	1	
145450	242	66	149	1	
145451	242	66	149	1	
145452	242	66	149	1	
145453	242	66	149	1	
145454	242	66	149	1	
145455	242	66	149	1	
145456	242	66	149	1	
145457	242	66	149	1	
145458	242	66	149	1	
145459	242	66	149	1	
145460	242	66	149	1	
145461	242	66	149	1	
145462	242	66	149	1	
145463	242	66	149	1	
145464	242	66	149	1	
145465	242	66	149	1	
145466	242	65	148	1	
145467	242	66	149	1	
145468	242	66	149	1	
145469	242	65	148	1	
145470	242	64	148	1	
145471	242	63	148	1	
145472	242	62	148	1	
145473	242	62	148	1	
145474	242	62	148	1	
145475	242	62	148	1	
145476	242	62	148	1	
145477	242	62	148	1	
145478	242	62	148	1	
145479	242	62	148	1	
145480	242	62	148	1	
145481	242	62	148	1	
145482	242	62	148	1	
145483	242	62	148	1	
145484	242	62	148	1	
145485	242	62	148	1	
145486	242	62	148	1	
145487	242	62	148	1	
145488	242	62	148	1	
145489	242	62	148	1	
145490	242	62	148	1	
145491	242	62	148	1	
145492	242	62	148	1	
145493	242	62	148	1	
145494	242	62	149	1	
145495	242	62	148	1	
145496	242	62	148	1	
145497	242	62	148	1	
145498	242	62	148	1	
145499	242	62	148	1	
145500	242	62	148	1	
145501	242	62	148	1	
145502	242	63	149	1	
145503	242	64	149	1	
145504	242	63	148	1	
145505	242	62	148	1	
145506	242	62	148	1	
145507	242	62	148	1	
145508	242	62	149	1	
145509	242	62	148	1	
145510	242	62	148	1	
145511	242	62	148	1	
145512	242	63	149	1	
145513	242	62	148	1	
145514	242	63	149	1	
145515	242	62	148	1	
145516	242	62	148	1	
145517	242	62	148	1	
145518	242	62	148	1	
145519	242	62	149	1	
145520	242	62	149	1	
145521	242	62	149	1	
145522	242	62	149	1	
145523	242	62	149	1	
145524	242	62	149	1	
145525	242	62	149	1	
145526	242	62	149	1	
145527	242	62	149	1	
145528	242	63	149	1	
145529	242	64	149	1	
145530	242	65	149	1	
145531	242	66	149	1	
145532	242	66	149	1	
145533	242	66	149	1	
145534	242	66	149	1	
145535	242	66	149	1	
145536	242	65	148	1	
145537	242	64	148	1	
145538	242	63	148	1	
145539	242	62	148	1	
145540	242	62	148	1	
145541	242	62	148	1	
145542	242	62	148	1	
145543	242	62	148	1	
145544	242	62	148	1	
145545	242	63	149	1	
145546	242	64	149	1	
145547	242	63	148	1	
145548	242	62	148	1	
145549	242	62	148	1	
145550	242	62	148	1	
145551	242	62	148	1	
145552	242	61	150	1	
145553	242	60	151	1	
145554	242	60	152	1	
145555	242	60	153	1	
145556	242	60	154	1	
145557	242	60	155	1	
145558	242	60	156	1	
145559	242	60	157	1	
145560	242	60	158	1	
145561	242	61	158	1	
145562	242	62	158	1	
145563	242	63	158	1	
145564	242	64	158	1	
145565	242	65	158	1	
145566	242	66	158	1	
145567	242	66	158	1	
145568	242	66	158	1	
145569	242	66	158	1	
145570	242	65	159	1	
145571	242	66	158	1	
145572	242	65	159	1	
145573	242	64	160	1	
145574	242	63	160	1	
145575	242	62	160	1	
145576	242	61	160	1	
145577	242	60	160	1	
145578	242	60	160	1	
145579	242	60	160	1	
145580	242	60	160	1	
145581	242	60	160	1	
145582	242	60	160	1	
145583	242	60	160	1	
145584	242	60	160	1	
145585	242	60	160	1	
145586	242	60	160	1	
145587	242	60	160	1	
145588	242	60	160	1	
145589	242	60	160	1	
145590	242	60	160	1	
145591	242	60	160	1	
145592	242	60	160	1	
145593	242	60	160	1	
145594	242	60	160	1	
145595	242	60	160	1	
145596	242	61	159	1	
145597	242	60	160	1	
145598	242	60	160	1	
145599	242	60	160	1	
145600	242	61	159	1	
145601	242	62	158	1	
145602	242	63	158	1	
145603	242	64	158	1	
145604	242	65	158	1	
145605	244	64	157	1	
145606	246	63	156	1	
145607	248	62	155	1	
145608	250	62	154	1	
145609	249	61	155	1	
145610	250	61	154	1	
145611	249	60	155	1	
145612	248	60	156	1	
145613	247	60	157	1	
145614	246	61	157	1	
145615	246	62	157	1	
145616	246	63	157	1	
145617	246	64	157	1	
145618	246	65	157	1	
145619	246	66	157	1	
145620	246	66	157	1	
145621	246	66	157	1	
145622	245	65	158	1	
145623	244	64	159	1	
145624	244	63	160	1	
145625	244	62	160	1	
145626	244	61	160	1	
145627	244	60	160	1	
145628	244	60	160	1	
145629	244	60	160	1	
145630	244	60	160	1	
145631	244	60	160	1	
145632	244	60	160	1	
145633	244	60	160	1	
145634	244	60	160	1	
145635	244	60	160	1	
145636	244	60	160	1	
145637	244	60	160	1	
145638	244	60	160	1	
145639	244	60	160	1	
145640	244	60	160	1	
145641	244	60	160	1	
145642	244	60	160	1	
145643	244	60	160	1	
145644	244	60	160	1	
145645	244	60	160	1	
145646	244	60	160	1	
145647	244	60	160	1	
145648	244	60	160	1	
145649	244	60	160	1	
145650	244	60	160	1	
145651	244	60	160	1	
145652	244	61	159	1	
145653	244	62	158	1	
145654	244	63	158	1	
145655	244	62	157	1	
145656	244	63	157	1	
145657	244	62	156	1	
145658	244	62	155	1	
145659	244	62	154	1	
145660	244	62	153	1	
145661	244	62	152	1	
145662	244	62	151	1	
145663	244	62	150	1	
145664	244	63	150	1	
145665	244	62	149	1	
145666	244	62	148	1	
145667	244	62	148	1	
145668	244	62	148	1	
145669	244	62	148	1	
145670	244	62	148	1	
145671	244	62	148	1	
145672	244	62	148	1	
145673	244	62	148	1	
145674	244	62	148	1	
145675	244	62	148	1	
145676	244	62	148	1	
145677	244	62	148	1	
145678	244	62	148	1	
145679	244	62	148	1	
145680	244	62	148	1	
145681	244	62	148	1	
145682	244	62	148	1	
145683	244	62	148	1	
145684	244	62	148	1	
145685	244	62	148	1	
145686	244	62	148	1	
145687	244	62	148	1	
145688	244	62	148	1	
145689	244	62	148	1	
145690	244	62	148	1	
145691	244	62	148	1	
145692	244	62	148	1	
145693	244	62	148	1	
145694	244	62	148	1	
145695	244	62	148	1	
145696	244	62	148	1	
145697	244	62	148	1	
145698	244	62	148	1	
145699	244	62	148	1	
145700	244	61	150	1	
145701	244	60	151	1	
145702	244	60	152	1	
145703	244	60	153	1	
145704	244	60	154	1	
145705	244	60	155	1	
145706	244	60	156	1	
145707	244	60	157	1	
145708	244	60	158	1	
145709	244	60	159	1	
145710	244	60	160	1	
145711	244	60	160	1	
145712	244	60	160	1	
145713	244	60	160	1	
145714	244	60	160	1	
145715	244	60	160	1	
145716	244	60	160	1	
145717	244	60	160	1	
145718	244	60	160	1	
145719	244	61	159	1	
145720	244	62	158	1	
145721	244	63	158	1	
145722	244	62	159	1	
145723	244	63	158	1	
145724	244	64	158	1	
145725	244	63	159	1	
145726	244	64	158	1	
145727	244	63	159	1	
145728	244	62	160	1	
145729	244	61	160	1	
145730	244	60	160	1	
145731	244	60	160	1	
145732	244	60	160	1	
145733	244	60	160	1	
145734	244	61	159	1	
145735	244	62	158	1	
145736	244	63	158	1	
145737	244	64	158	1	
145738	244	65	158	1	
145739	244	66	158	1	
145740	244	65	157	1	
145741	244	64	156	1	
145742	244	63	155	1	
145743	244	62	154	1	
145744	244	62	153	1	
145745	244	63	153	1	
145746	244	64	153	1	
145747	244	65	153	1	
145748	244	66	153	1	
145749	244	66	153	1	
145750	244	66	153	1	
145751	244	66	153	1	
145752	244	66	153	1	
145753	244	66	153	1	
145754	244	66	153	1	
145755	244	65	152	1	
145756	244	64	151	1	
145757	244	63	150	1	
145758	244	64	150	1	
145759	244	65	150	1	
145760	244	66	150	1	
145761	244	66	150	1	
145762	244	66	150	1	
145763	244	66	150	1	
145764	244	66	150	1	
145765	244	66	150	1	
145766	244	66	150	1	
145767	244	66	150	1	
145768	244	66	150	1	
145769	244	66	150	1	
145770	244	66	150	1	
145771	244	66	150	1	
145772	244	66	150	1	
145773	244	65	149	1	
145774	244	66	149	1	
145775	244	66	149	1	
145776	244	66	149	1	
145777	244	66	149	1	
145778	244	66	149	1	
145779	244	66	149	1	
145780	244	66	149	1	
145781	244	66	149	1	
145782	244	66	149	1	
145783	244	66	149	1	
145784	244	66	149	1	
145785	244	66	149	1	
145786	244	66	149	1	
145787	244	66	149	1	
145788	244	66	149	1	
145789	244	66	149	1	
145790	244	66	149	1	
145791	244	66	149	1	
145792	244	66	149	1	
145793	244	66	149	1	
145794	244	66	149	1	
145795	244	66	149	1	
145796	244	66	149	1	
145797	244	66	149	1	
145798	244	66	149	1	
145799	244	66	149	1	
145800	244	66	149	1	
145801	244	66	149	1	
145802	244	66	149	1	
145803	244	66	149	1	
145804	244	66	149	1	
145805	244	66	149	1	
145806	244	66	149	1	
145807	244	66	149	1	
145808	244	66	149	1	
145809	244	66	149	1	
145810	244	66	149	1	
145811	244	66	149	1	
145812	244	66	149	1	
145813	244	66	149	1	
145814	244	66	149	1	
145815	244	66	149	1	
145816	244	66	149	1	
145817	244	66	149	1	
145818	244	66	149	1	
145819	244	66	149	1	
145820	244	66	149	1	
145821	244	66	149	1	
145822	244	66	149	1	
145823	244	66	149	1	
145824	244	66	149	1	
145825	244	66	149	1	
145826	244	66	149	1	
145827	244	66	149	1	
145828	244	66	149	1	
145829	244	66	149	1	
145830	244	66	149	1	
145831	244	66	149	1	
145832	244	66	149	1	
145833	244	66	149	1	
145834	244	66	149	1	
145835	244	66	149	1	
145836	244	66	149	1	
145837	244	66	149	1	
145838	244	66	149	1	
145839	244	66	149	1	
145840	244	66	149	1	
145841	244	66	149	1	
145842	244	66	149	1	
145843	244	66	149	1	
145844	244	66	149	1	
145845	244	66	149	1	
145846	244	66	149	1	
145847	244	66	149	1	
145848	244	66	149	1	
145849	244	66	149	1	
145850	244	66	149	1	
145851	244	66	149	1	
145852	244	66	149	1	
145853	244	66	149	1	
145854	244	66	149	1	
145855	244	66	149	1	
145856	244	66	149	1	
145857	244	66	149	1	
145858	244	66	149	1	
145859	244	66	149	1	
145860	244	66	149	1	
145861	244	66	149	1	
145862	244	66	149	1	
145863	244	66	149	1	
145864	244	66	149	1	
145865	244	66	149	1	
145866	244	66	149	1	
145867	244	66	149	1	
145868	244	66	149	1	
145869	244	66	149	1	
145870	244	66	149	1	
145871	244	66	149	1	
145872	244	66	149	1	
145873	244	66	149	1	
145874	244	66	149	1	
145875	244	66	149	1	
145876	244	66	149	1	
145877	244	66	149	1	
145878	244	66	149	1	
145879	244	66	149	1	
145880	244	66	149	1	
145881	244	66	149	1	
145882	244	66	149	1	
145883	244	66	149	1	
145884	244	66	149	1	
145885	244	66	149	1	
145886	244	66	149	1	
145887	244	66	149	1	
145888	244	66	149	1	
145889	244	66	149	1	
145890	244	66	149	1	
145891	244	66	149	1	
145892	244	66	149	1	
145893	244	66	149	1	
145894	244	66	149	1	
145895	244	66	149	1	
145896	244	66	149	1	
145897	244	66	149	1	
145898	244	66	149	1	
145899	244	66	149	1	
145900	244	66	149	1	
145901	244	66	149	1	
145902	244	66	149	1	
145903	244	66	149	1	
145904	244	66	149	1	
145905	244	66	149	1	
145906	244	66	149	1	
145907	244	66	149	1	
145908	244	66	149	1	
145909	244	66	149	1	
145910	244	66	149	1	
145911	244	66	149	1	
145912	244	66	149	1	
145913	244	66	149	1	
145914	244	66	149	1	
145915	244	66	149	1	
145916	244	66	149	1	
145917	244	66	149	1	
145918	244	66	149	1	
145919	244	66	149	1	
145920	244	66	149	1	
145921	244	66	149	1	
145922	244	66	149	1	
145923	244	66	148	1	
145924	244	66	149	1	
145925	244	66	149	1	
145926	244	66	149	1	
145927	244	66	149	1	
145928	244	66	149	1	
145929	244	66	149	1	
145930	244	66	149	1	
145931	244	66	149	1	
145932	244	66	149	1	
145933	244	66	148	1	
145934	244	66	148	1	
145935	244	66	148	1	
145936	244	66	149	1	
145937	244	66	149	1	
145938	244	66	149	1	
145939	244	66	149	1	
145940	244	66	149	1	
145941	244	66	149	1	
145942	244	66	149	1	
145943	244	66	149	1	
145944	244	66	149	1	
145945	244	66	149	1	
145946	244	66	149	1	
145947	244	66	149	1	
145948	244	66	149	1	
145949	244	66	149	1	
145950	244	66	149	1	
145951	244	66	149	1	
145952	244	66	149	1	
145953	244	66	149	1	
145954	244	66	149	1	
145955	244	66	149	1	
145956	244	66	149	1	
145957	244	66	149	1	
145958	244	66	148	1	
145959	244	66	148	1	
145960	244	66	148	1	
145961	244	66	148	1	
145962	244	66	148	1	
145963	244	66	149	1	
145964	244	66	149	1	
145965	244	66	149	1	
145966	244	66	149	1	
145967	244	66	149	1	
145968	244	65	150	1	
145969	244	64	151	1	
145970	244	63	152	1	
145971	244	62	153	1	
145972	244	61	154	1	
145973	244	60	155	1	
145974	246	60	154	1	
145975	245	60	155	1	
145976	244	60	156	1	
145977	246	60	155	1	
145978	248	60	154	1	
145979	250	60	153	1	
145980	251	60	152	1	
145981	250	60	153	1	
145982	249	60	154	1	
145983	250	59	154	1	
145984	249	59	155	1	
145985	248	59	156	1	
145986	247	59	158	1	
145987	248	58	158	1	
145988	249	57	158	1	
145989	250	57	158	1	
145990	251	57	158	1	
145991	252	57	158	1	
145992	253	57	158	1	
145993	254	57	158	1	
145994	254	57	158	1	
145995	254	57	159	1	
145996	254	57	160	1	
145997	254	57	160	1	
145998	254	57	160	1	
145999	254	57	160	1	
