142800	1	75	164	0	
142801	1	75	164	0	
142802	1	75	164	0	
142803	2	76	163	0	
142804	2	76	162	0	
142805	2	76	161	0	
142806	2	77	160	0	
142807	2	77	159	0	
142808	2	77	160	0	
142809	2	77	160	0	
142810	2	77	160	0	
142811	2	77	160	0	
142812	2	78	159	0	
142813	2	79	158	0	
142814	2	80	158	0	
142815	2	81	158	0	
142816	2	82	158	0	
142817	2	82	158	0	
142818	2	82	158	0	
142819	2	82	158	0	
142820	2	82	158	0	
142821	2	82	158	0	
142822	2	82	158	0	
142823	2	82	158	0	
142824	2	82	158	0	
142825	2	82	158	0	
142826	2	82	158	0	
142827	2	82	158	0	
142828	2	82	158	0	
142829	2	82	158	0	
142830	2	82	158	0	
142831	2	82	158	0	
142832	2	82	158	0	
142833	2	82	158	0	
142834	2	81	157	0	
142835	2	80	157	0	
142836	2	79	157	0	
142837	2	78	157	0	
142838	2	77	157	0	
142839	2	77	156	0	
142840	2	77	155	0	
142841	2	77	154	0	
142842	2	77	153	0	
142843	2	77	152	0	
142844	2	77	151	0	
142845	2	77	150	0	
142846	2	77	149	0	
142847	2	77	148	0	
142848	2	77	148	0	
142849	1	77	148	0	
142850	0	77	147	0	
142851	1	77	147	0	
142852	1	76	146	0	
142853	1	75	145	0	
142854	0	74	144	0	
142855	1	74	143	0	
142856	1	74	142	0	
142857	2	74	141	0	
142858	2	74	140	0	
142859	2	74	140	0	
142860	2	74	140	0	
142861	2	74	140	0	
142862	2	74	140	0	
142863	2	74	140	0	
142864	2	74	141	0	
142865	2	74	142	0	
142866	2	74	143	0	
142867	2	74	144	0	
142868	2	74	145	0	
142869	2	74	146	0	
142870	2	74	147	0	
142871	2	74	148	0	
142872	2	74	149	0	
142873	2	74	149	0	
142874	2	74	149	0	
142875	2	74	149	0	
142876	2	74	149	0	
142877	2	74	149	0	
142878	2	74	149	0	
142879	2	74	149	0	
142880	2	74	149	0	
142881	2	74	149	0	
142882	2	74	149	0	
142883	2	74	149	0	
142884	2	74	149	0	
142885	2	74	149	0	
142886	2	74	149	0	
142887	2	74	149	0	
142888	4	74	148	0	
142889	6	74	148	0	
142890	8	74	148	0	
142891	10	74	148	0	
142892	11	74	148	0	
142893	12	74	148	0	
142894	11	74	149	0	
142895	10	74	149	0	
142896	9	74	149	0	
142897	8	74	149	0	
142898	7	74	149	0	
142899	6	74	149	0	
142900	6	74	149	0	
142901	6	74	149	0	
142902	6	74	149	0	
142903	6	74	149	0	
142904	6	74	149	0	
142905	6	74	149	0	
142906	6	74	149	0	
142907	6	74	149	0	
142908	6	74	149	0	
142909	6	74	149	0	
142910	6	74	149	0	
142911	6	74	149	0	
142912	6	74	149	0	
142913	6	74	149	0	
142914	6	74	149	0	
142915	6	74	149	0	
142916	6	74	149	0	
142917	6	74	149	0	
142918	6	74	149	0	
142919	6	74	149	0	
142920	6	74	149	0	
142921	6	74	149	0	
142922	6	74	149	0	
142923	6	74	149	0	
142924	6	74	149	0	
142925	6	74	149	0	
142926	6	74	149	0	
142927	6	74	149	0	
142928	6	74	149	0	
142929	6	74	149	0	
142930	6	74	149	0	
142931	6	74	149	0	
142932	6	74	149	0	
142933	6	74	149	0	
142934	6	74	149	0	
142935	6	74	149	0	
142936	6	74	149	0	
142937	6	74	149	0	
142938	6	74	149	0	
142939	6	74	149	0	
142940	6	74	149	0	
142941	6	74	149	0	
142942	6	74	149	0	
142943	6	74	149	0	
142944	6	74	149	0	
142945	6	74	149	0	
142946	6	74	149	0	
142947	6	74	149	0	
142948	6	74	149	0	
142949	6	74	149	0	
142950	6	74	149	0	
142951	6	74	149	0	
142952	6	74	149	0	
142953	6	74	149	0	
142954	6	74	149	0	
142955	7	75	148	0	
142956	8	76	148	0	
142957	9	76	148	0	
142958	10	76	148	0	
142959	11	76	148	0	
142960	12	76	148	0	
142961	12	76	148	0	
142962	12	76	148	0	
142963	12	76	148	0	
142964	12	76	148	0	
142965	12	76	148	0	
142966	12	76	148	0	
142967	12	76	148	0	
142968	12	76	148	0	
142969	12	76	148	0	
142970	12	76	148	0	
142971	12	76	148	0	
142972	12	76	148	0	
142973	12	76	148	0	
142974	13	76	148	0	
142975	13	76	148	0	
142976	13	76	148	0	
142977	13	76	148	0	
142978	13	76	148	0	
142979	13	76	148	0	
142980	13	76	148	0	
142981	13	76	148	0	
142982	13	76	148	0	
142983	13	76	148	0	
142984	13	76	148	0	
142985	13	76	148	0	
142986	13	76	148	0	
142987	13	76	148	0	
142988	14	76	148	0	
142989	15	76	148	0	
142990	16	76	148	0	
142991	17	76	148	0	
142992	18	76	148	0	
142993	18	76	148	0	
142994	18	76	148	0	
142995	18	76	148	0	
142996	18	76	148	0	
142997	18	76	148	0	
142998	18	76	148	0	
142999	18	76	148	0	
143000	18	76	148	0	
143001	16	75	149	0	
143002	14	74	149	0	
143003	13	74	149	0	
143004	12	74	149	0	
143005	13	74	148	0	
143006	13	75	148	0	
143007	13	76	148	0	
143008	13	76	148	0	
143009	13	76	148	0	
143010	13	76	148	0	
143011	13	76	148	0	
143012	13	76	148	0	
143013	13	76	148	0	
143014	13	76	148	0	
143015	13	76	148	0	
143016	13	76	148	0	
143017	13	76	148	0	
143018	13	76	148	0	
143019	13	76	148	0	
143020	13	76	148	0	
143021	13	77	148	0	
143022	13	78	148	0	
143023	13	79	148	0	
143024	13	79	148	0	
143025	13	79	148	0	
143026	13	79	148	0	
143027	13	79	148	0	
143028	13	79	148	0	
143029	13	79	148	0	
143030	13	79	148	0	
143031	13	79	148	0	
143032	13	79	148	0	
143033	13	79	148	0	
143034	13	79	148	0	
143035	13	79	148	0	
143036	13	79	148	0	
143037	13	79	148	0	
143038	13	79	148	0	
143039	13	79	148	0	
143040	13	79	148	0	
143041	13	79	148	0	
143042	13	79	148	0	
143043	13	79	148	0	
143044	13	79	148	0	
143045	12	79	150	0	
143046	11	79	151	0	
143047	10	79	152	0	
143048	9	79	153	0	
143049	8	79	154	0	
143050	7	79	155	0	
143051	6	79	156	0	
143052	6	79	157	0	
143053	6	79	158	0	
143054	6	79	159	0	
143055	7	79	157	0	
143056	9	79	156	0	
143057	10	79	155	0	
143058	11	79	154	0	
143059	12	79	153	0	
143060	12	79	152	0	
143061	12	79	151	0	
143062	12	79	150	0	
143063	12	79	149	0	
143064	13	79	148	0	
143065	13	79	148	0	
143066	13	79	148	0	
143067	13	79	148	0	
143068	13	79	148	0	
143069	13	79	148	0	
143070	14	79	148	0	
143071	15	79	148	0	
143072	15	79	148	0	
143073	15	79	148	0	
143074	16	79	148	0	
143075	14	78	149	0	
143076	13	77	149	0	
143077	12	76	149	0	
143078	13	76	148	0	
143079	14	76	148	0	
143080	15	76	148	0	
143081	16	76	148	0	
143082	17	76	148	0	
143083	18	76	148	0	
143084	18	76	148	0	
143085	18	76	148	0	
143086	18	76	148	0	
143087	18	76	148	0	
143088	18	76	148	0	
143089	18	76	148	0	
143090	18	76	148	0	
143091	18	76	148	0	
143092	18	76	148	0	
143093	18	76	148	0	
143094	18	76	148	0	
143095	18	76	148	0	
143096	18	76	148	0	
143097	18	76	148	0	
143098	18	76	148	0	
143099	18	76	148	0	
143100	18	76	148	0	
143101	18	76	148	0	
143102	18	76	148	0	
143103	18	76	148	0	
143104	18	76	148	0	
143105	18	76	148	0	
143106	16	75	149	0	
143107	17	75	148	0	
143108	15	74	149	0	
143109	14	74	149	0	
143110	15	74	148	0	
143111	14	74	149	0	
143112	13	74	149	0	
143113	12	74	149	0	
143114	11	74	149	0	
143115	10	74	149	0	
143116	9	74	149	0	
143117	8	74	149	0	
143118	7	74	149	0	
143119	6	74	149	0	
143120	6	74	149	0	
143121	6	74	149	0	
143122	6	74	149	0	
143123	6	74	149	0	
143124	6	74	149	0	
143125	6	74	149	0	
143126	6	74	149	0	
143127	6	74	149	0	
143128	6	74	149	0	
143129	6	74	149	0	
143130	6	74	149	0	
143131	6	74	149	0	
143132	6	74	149	0	
143133	6	74	149	0	
143134	6	74	149	0	
143135	6	74	149	0	
143136	6	74	149	0	
143137	6	74	149	0	
143138	6	74	149	0	
143139	6	74	149	0	
143140	6	74	149	0	
143141	6	74	149	0	
143142	6	74	149	0	
143143	6	74	149	0	
143144	6	74	149	0	
143145	6	74	149	0	
143146	6	74	149	0	
143147	6	74	149	0	
143148	6	74	149	0	
143149	6	74	149	0	
143150	6	74	149	0	
143151	6	74	149	0	
143152	6	74	149	0	
143153	6	74	149	0	
143154	6	74	149	0	
143155	6	74	149	0	
143156	6	74	149	0	
143157	6	74	149	0	
143158	6	74	149	0	
143159	6	74	149	0	
143160	6	74	149	0	
143161	6	74	149	0	
143162	6	74	149	0	
143163	6	74	149	0	
143164	6	74	149	0	
143165	6	74	149	0	
143166	6	74	149	0	
143167	6	74	149	0	
143168	6	74	149	0	
143169	6	74	149	0	
143170	6	74	149	0	
143171	6	74	149	0	
143172	6	74	149	0	
143173	6	74	149	0	
143174	6	74	149	0	
143175	6	74	149	0	
143176	6	74	149	0	
143177	6	74	149	0	
143178	6	74	149	0	
143179	6	74	149	0	
143180	6	74	149	0	
143181	6	74	149	0	
143182	6	74	149	0	
143183	6	74	149	0	
143184	6	74	149	0	
143185	6	74	149	0	
143186	6	74	149	0	
143187	6	74	149	0	
143188	6	74	149	0	
143189	6	74	149	0	
143190	6	74	149	0	
143191	6	74	149	0	
143192	6	74	150	0	
143193	6	74	151	0	
143194	6	74	151	0	
143195	6	74	152	0	
143196	6	74	153	0	
143197	6	74	153	0	
143198	6	74	153	0	
143199	6	74	154	0	
143200	6	74	154	0	
143201	6	74	155	0	
143202	6	74	156	0	
143203	6	74	157	0	
143204	6	74	158	0	
143205	6	74	158	0	
143206	6	74	158	0	
143207	6	74	158	0	
143208	6	74	158	0	
143209	6	74	158	0	
143210	6	74	158	0	
143211	6	74	158	0	
143212	6	74	158	0	
143213	6	74	158	0	
143214	6	74	158	0	
143215	6	74	158	0	
143216	6	74	158	0	
143217	6	74	158	0	
143218	6	74	158	0	
143219	6	74	158	0	
143220	6	74	158	0	
143221	6	74	159	0	
143222	6	74	160	0	
143223	6	74	160	0	
143224	6	74	160	0	
143225	6	74	159	0	
143226	6	74	158	0	
143227	6	74	158	0	
143228	6	74	158	0	
143229	6	74	158	0	
143230	6	74	158	0	
143231	6	74	158	0	
143232	6	74	158	0	
143233	6	74	158	0	
143234	6	74	158	0	
143235	6	74	158	0	
143236	6	74	158	0	
143237	6	74	158	0	
143238	6	74	158	0	
143239	6	74	158	0	
143240	6	74	158	0	
143241	6	74	158	0	
143242	6	74	158	0	
143243	8	74	157	0	
143244	7	74	157	0	
143245	9	74	156	0	
143246	10	74	155	0	
143247	11	74	154	0	
143248	10	74	154	0	
143249	11	74	153	0	
143250	12	74	152	0	
143251	11	74	152	0	
143252	10	74	152	0	
143253	9	74	152	0	
143254	8	74	152	0	
143255	7	74	152	0	
143256	6	74	152	0	
143257	6	74	152	0	
143258	6	74	152	0	
143259	6	74	152	0	
143260	6	74	152	0	
143261	6	74	152	0	
143262	6	74	152	0	
143263	6	74	152	0	
143264	6	74	152	0	
143265	6	74	152	0	
143266	6	74	152	0	
143267	6	74	152	0	
143268	6	74	152	0	
143269	6	74	152	0	
143270	6	74	152	0	
143271	6	74	152	0	
143272	6	74	152	0	
143273	6	74	152	0	
143274	6	74	152	0	
143275	6	74	152	0	
143276	6	74	152	0	
143277	6	74	152	0	
143278	6	74	152	0	
143279	6	74	152	0	
143280	6	74	152	0	
143281	6	74	152	0	
143282	6	74	152	0	
143283	6	74	152	0	
143284	6	74	152	0	
143285	6	74	152	0	
143286	6	74	152	0	
143287	6	74	152	0	
143288	6	74	152	0	
143289	6	74	152	0	
143290	6	74	152	0	
143291	6	74	152	0	
143292	6	74	152	0	
143293	6	74	152	0	
143294	6	74	152	0	
143295	6	74	152	0	
143296	6	74	152	0	
143297	6	74	152	0	
143298	6	74	152	0	
143299	6	74	152	0	
143300	6	74	152	0	
143301	6	74	152	0	
143302	6	74	152	0	
143303	6	74	152	0	
143304	6	74	152	0	
143305	6	74	152	0	
143306	6	74	152	0	
143307	6	74	152	0	
143308	6	74	152	0	
143309	6	74	152	0	
143310	6	74	152	0	
143311	6	74	152	0	
143312	6	74	152	0	
143313	6	74	152	0	
143314	6	74	152	0	
143315	6	74	152	0	
143316	6	74	152	0	
143317	6	74	152	0	
143318	6	74	152	0	
143319	6	74	152	0	
143320	6	74	152	0	
143321	6	74	152	0	
143322	6	74	152	0	
143323	6	74	152	0	
143324	6	74	152	0	
143325	6	74	152	0	
143326	6	74	152	0	
143327	6	74	152	0	
143328	6	74	152	0	
143329	6	74	152	0	
143330	6	74	152	0	
143331	6	74	152	0	
143332	6	74	152	0	
143333	6	74	152	0	
143334	6	74	152	0	
143335	6	74	152	0	
143336	6	74	152	0	
143337	6	74	152	0	
143338	6	74	152	0	
143339	6	74	152	0	
143340	6	74	152	0	
143341	6	74	152	0	
143342	6	74	152	0	
143343	6	74	152	0	
143344	6	74	152	0	
143345	6	74	152	0	
143346	6	74	152	0	
143347	6	74	152	0	
143348	6	74	152	0	
143349	6	74	152	0	
143350	6	74	152	0	
143351	6	74	152	0	
143352	6	74	152	0	
143353	6	74	152	0	
143354	6	74	152	0	
143355	6	74	152	0	
143356	6	74	152	0	
143357	6	74	152	0	
143358	6	74	152	0	
143359	6	74	152	0	
143360	6	74	152	0	
143361	6	74	152	0	
143362	6	74	152	0	
143363	6	74	152	0	
143364	6	74	152	0	
143365	6	74	152	0	
143366	6	74	152	0	
143367	6	74	152	0	
143368	6	74	152	0	
143369	6	74	152	0	
143370	6	74	152	0	
143371	6	74	152	0	
143372	6	74	152	0	
143373	6	74	152	0	
143374	6	74	152	0	
143375	6	74	152	0	
143376	6	74	152	0	
143377	6	74	152	0	
143378	6	74	152	0	
143379	6	74	152	0	
143380	6	74	152	0	
143381	6	74	152	0	
143382	6	74	152	0	
143383	6	74	152	0	
143384	6	74	152	0	
143385	6	74	152	0	
143386	6	74	152	0	
143387	6	74	152	0	
143388	6	74	152	0	
143389	6	74	152	0	
143390	6	74	152	0	
143391	6	74	152	0	
143392	6	74	152	0	
143393	6	74	152	0	
143394	6	74	152	0	
143395	6	74	152	0	
143396	6	74	152	0	
143397	6	74	152	0	
143398	6	74	153	0	
143399	6	74	153	0	
143400	6	74	153	0	
143401	6	74	153	0	
143402	6	74	153	0	
143403	6	74	153	0	
143404	6	74	153	0	
143405	6	74	153	0	
143406	6	74	153	0	
143407	6	74	153	0	
143408	6	74	153	0	
143409	6	74	153	0	
143410	6	74	153	0	
143411	6	74	153	0	
143412	6	74	153	0	
143413	6	74	153	0	
143414	6	74	153	0	
143415	6	74	153	0	
143416	6	74	153	0	
143417	6	74	153	0	
143418	6	74	154	0	
143419	6	74	155	0	
143420	6	74	155	0	
143421	6	74	155	0	
143422	6	74	155	0	
143423	6	74	155	0	
143424	6	74	155	0	
143425	6	74	155	0	
143426	6	74	155	0	
143427	6	74	156	0	
143428	6	74	156	0	
143429	6	74	156	0	
143430	6	74	156	0	
143431	6	74	156	0	
143432	6	74	156	0	
143433	6	74	156	0	
143434	6	73	156	0	
143435	6	73	156	0	
143436	6	73	156	0	
143437	6	73	156	0	
143438	6	73	156	0	
143439	6	73	156	0	
143440	6	73	156	0	
143441	6	73	156	0	
143442	6	73	156	0	
143443	6	73	156	0	
143444	6	73	156	0	
143445	6	72	156	0	
143446	6	72	156	0	
143447	6	72	156	0	
143448	6	72	156	0	
143449	6	72	156	0	
143450	6	72	156	0	
143451	6	72	156	0	
143452	6	72	156	0	
143453	6	72	156	0	
143454	6	72	156	0	
143455	6	72	156	0	
143456	6	72	156	0	
143457	6	72	156	0	
143458	6	72	156	0	
143459	6	72	156	0	
143460	6	72	156	0	
143461	6	73	155	0	
143462	6	74	154	0	
143463	6	74	154	0	
143464	6	74	154	0	
143465	6	74	154	0	
143466	6	74	154	0	
143467	6	74	154	0	
143468	6	73	153	0	
143469	6	72	153	0	
143470	6	72	153	0	
143471	6	72	153	0	
143472	6	72	153	0	
143473	6	72	153	0	
143474	6	72	153	0	
143475	6	72	153	0	
143476	6	72	153	0	
143477	6	72	153	0	
143478	6	71	153	0	
143479	6	71	153	0	
143480	6	70	153	0	
143481	6	69	153	0	
143482	6	68	153	0	
143483	6	68	152	0	
143484	6	68	152	0	
143485	6	68	152	0	
143486	6	68	152	0	
143487	6	68	152	0	
143488	6	68	152	0	
143489	6	68	152	0	
143490	6	68	152	0	
143491	6	68	152	0	
143492	6	68	152	0	
143493	6	69	151	0	
143494	6	70	150	0	
143495	6	70	150	0	
143496	6	70	149	0	
143497	6	70	148	0	
143498	6	70	148	0	
143499	6	70	148	0	
143500	6	70	148	0	
143501	6	70	148	0	
143502	6	70	148	0	
143503	6	70	148	0	
143504	6	70	148	0	
143505	6	70	148	0	
143506	5	69	147	0	
143507	5	69	148	0	
143508	4	68	148	0	
143509	3	67	148	0	
143510	2	66	148	0	
143511	2	66	147	0	
143512	2	66	148	0	
143513	1	66	147	0	
143514	1	65	146	0	
143515	0	65	146	0	
143516	0	65	145	0	
143517	0	65	145	0	
143518	0	65	144	0	
143519	0	64	143	0	
143520	0	64	142	0	
143521	0	64	142	0	
143522	0	63	141	0	
143523	0	62	141	0	
143524	0	62	141	0	
143525	0	63	143	0	
143526	0	64	145	0	
143527	0	65	147	0	
143528	0	66	149	0	
143529	0	65	149	0	
143530	0	64	148	0	
143531	0	64	147	0	
143532	0	63	147	0	
143533	0	63	146	0	
143534	0	63	145	0	
143535	0	62	145	0	
143536	0	61	145	0	
143537	0	61	144	0	
143538	0	61	144	0	
143539	0	60	143	0	
143540	0	59	143	0	
143541	0	59	142	0	
143542	0	59	141	0	
143543	0	59	140	0	
143544	0	59	139	0	
143545	1	59	140	0	
143546	1	59	140	0	
143547	2	59	141	0	
143548	2	59	142	0	
143549	2	59	143	0	
143550	1	59	143	0	
143551	1	60	144	0	
143552	1	61	145	0	
143553	1	62	146	0	
143554	1	63	147	0	
143555	1	64	148	0	
143556	2	65	148	0	
143557	2	66	149	0	
143558	2	66	149	0	
143559	2	66	149	0	
143560	2	66	149	0	
143561	2	66	149	0	
143562	1	65	148	0	
143563	2	65	149	0	
143564	2	65	148	0	
143565	1	64	148	0	
143566	1	63	147	0	
143567	2	63	148	0	
143568	1	63	148	0	
143569	1	63	147	0	
143570	1	63	147	0	
143571	1	63	146	0	
143572	1	63	146	0	
143573	1	63	146	0	
143574	0	62	146	0	
143575	0	61	146	0	
143576	0	61	145	0	
143577	0	60	145	0	
143578	1	62	145	0	
143579	1	63	146	0	
143580	1	64	147	0	
143581	1	66	148	0	
143582	1	66	149	0	
143583	1	66	149	0	
143584	2	67	148	0	
143585	2	67	149	0	
143586	2	67	149	0	
143587	2	67	149	0	
143588	2	69	149	0	
143589	2	71	149	0	
143590	2	73	149	0	
143591	2	74	149	0	
143592	2	75	149	0	
143593	2	74	149	0	
143594	2	74	149	0	
143595	2	74	149	0	
143596	2	74	149	0	
143597	2	75	149	0	
143598	2	76	149	0	
143599	2	75	149	0	
143600	2	76	149	0	
143601	2	77	149	0	
143602	2	78	149	0	
143603	2	79	149	0	
143604	2	80	149	0	
143605	2	81	149	0	
143606	2	82	149	0	
143607	2	82	149	0	
143608	2	82	149	0	
143609	2	81	150	0	
143610	2	82	150	0	
143611	2	82	150	0	
143612	2	81	151	0	
143613	2	82	151	0	
143614	2	82	151	0	
143615	2	82	151	0	
143616	2	82	151	0	
143617	2	82	151	0	
143618	2	82	151	0	
143619	2	82	151	0	
143620	2	82	151	0	
143621	2	81	152	0	
143622	2	81	152	0	
143623	2	81	152	0	
143624	2	81	152	0	
143625	2	82	152	0	
143626	2	82	152	0	
143627	2	82	152	0	
143628	2	82	152	0	
143629	2	81	153	0	
143630	2	81	153	0	
143631	2	81	153	0	
143632	2	81	153	0	
143633	2	80	154	0	
143634	2	80	155	0	
143635	2	80	156	0	
143636	2	80	157	0	
143637	2	80	158	0	
143638	2	81	158	0	
143639	2	82	158	0	
143640	2	82	158	0	
143641	2	82	158	0	
143642	2	82	158	0	
143643	2	82	158	0	
143644	2	82	158	0	
143645	2	82	158	0	
143646	2	82	158	0	
143647	2	82	158	0	
143648	2	82	158	0	
143649	2	82	158	0	
143650	2	82	158	0	
143651	2	82	158	0	
143652	2	82	158	0	
143653	2	82	158	0	
143654	2	82	158	0	
143655	2	82	158	0	
143656	2	82	158	0	
143657	2	82	158	0	
143658	2	82	158	0	
143659	2	82	158	0	
143660	2	82	158	0	
143661	2	82	158	0	
143662	2	82	158	0	
143663	2	82	158	0	
143664	2	82	158	0	
143665	2	82	158	0	
143666	2	82	158	0	
143667	2	82	158	0	
143668	2	82	158	0	
143669	2	82	158	0	
143670	2	82	158	0	
143671	2	82	158	0	
143672	2	82	158	0	
143673	2	82	158	0	
143674	2	82	158	0	
143675	2	82	158	0	
143676	2	81	158	0	
143677	2	80	158	0	
143678	2	81	158	0	
143679	2	82	158	0	
143680	2	82	158	0	
143681	2	82	158	0	
143682	2	82	158	0	
143683	2	82	158	0	
143684	2	81	158	0	
143685	2	80	159	0	
143686	2	79	158	0	
143687	2	78	158	0	
143688	2	77	158	0	
143689	2	77	159	0	
143690	2	77	160	0	
143691	2	77	160	0	
143692	2	77	160	0	
143693	2	77	160	0	
143694	2	77	160	0	
143695	2	77	160	0	
143696	2	77	160	0	
143697	2	77	160	0	
143698	2	77	160	0	
143699	2	77	160	0	
143700	2	77	160	0	
143701	2	77	160	0	
143702	2	77	160	0	
143703	2	77	160	0	
143704	2	76	159	0	
143705	2	75	158	0	
143706	2	74	158	0	
143707	4	75	157	0	
143708	4	74	157	0	
143709	4	74	157	0	
143710	4	74	157	0	
143711	4	74	157	0	
143712	4	74	157	0	
143713	5	75	156	0	
143714	5	74	156	0	
143715	5	74	156	0	
143716	5	74	156	0	
143717	5	74	156	0	
143718	5	74	156	0	
143719	5	74	156	0	
143720	5	74	156	0	
143721	5	74	156	0	
143722	5	74	156	0	
143723	5	74	156	0	
143724	5	74	156	0	
143725	5	74	156	0	
143726	5	74	156	0	
143727	5	74	156	0	
143728	5	74	156	0	
143729	5	74	156	0	
143730	5	74	156	0	
143731	5	74	156	0	
143732	5	73	156	0	
143733	5	72	156	0	
143734	5	71	156	0	
143735	5	71	156	0	
143736	5	71	156	0	
143737	5	71	156	0	
143738	5	71	156	0	
143739	5	70	156	0	
143740	5	70	156	0	
143741	5	70	156	0	
143742	5	70	156	0	
143743	5	70	156	0	
143744	5	70	156	0	
143745	5	70	156	0	
143746	5	70	156	0	
143747	5	70	156	0	
143748	5	70	156	0	
143749	5	70	156	0	
143750	5	70	156	0	
143751	5	70	156	0	
143752	5	70	156	0	
143753	5	70	156	0	
143754	5	70	156	0	
143755	5	70	156	0	
143756	5	70	156	0	
143757	5	70	156	0	
143758	5	70	156	0	
143759	5	70	156	0	
143760	5	70	156	0	
143761	5	70	156	0	
143762	5	70	156	0	
143763	5	70	156	0	
143764	5	70	156	0	
143765	5	70	156	0	
143766	5	70	156	0	
143767	5	70	156	0	
143768	5	70	156	0	
143769	5	70	156	0	
143770	5	70	156	0	
143771	5	70	156	0	
143772	5	70	156	0	
143773	5	70	156	0	
143774	5	70	156	0	
143775	5	70	156	0	
143776	5	70	156	0	
143777	5	70	156	0	
143778	5	70	156	0	
143779	5	70	156	0	
143780	5	70	156	0	
143781	5	70	156	0	
143782	5	70	156	0	
143783	5	70	156	0	
143784	5	70	156	0	
143785	5	70	156	0	
143786	5	70	156	0	
143787	5	70	156	0	
143788	5	70	156	0	
143789	5	70	156	0	
143790	5	70	156	0	
143791	5	70	156	0	
143792	5	70	156	0	
143793	5	70	156	0	
143794	5	70	156	0	
143795	5	70	156	0	
143796	5	70	156	0	
143797	5	70	156	0	
143798	5	70	156	0	
143799	5	70	156	0	
143800	5	70	156	0	
143801	5	70	156	0	
143802	5	70	156	0	
143803	5	70	156	0	
143804	5	70	156	0	
143805	5	69	156	0	
143806	5	69	156	0	
143807	5	68	156	0	
143808	5	67	156	0	
143809	5	68	157	0	
143810	5	67	157	0	
143811	5	66	157	0	
143812	5	66	157	0	
143813	5	66	157	0	
143814	5	66	157	0	
143815	5	66	157	0	
143816	5	66	157	0	
143817	5	66	157	0	
143818	5	66	157	0	
143819	5	66	157	0	
143820	5	66	157	0	
143821	5	66	157	0	
143822	5	66	157	0	
143823	5	66	157	0	
143824	5	66	157	0	
143825	5	66	157	0	
143826	5	66	157	0	
143827	5	66	157	0	
143828	5	66	157	0	
143829	5	66	157	0	
143830	5	66	157	0	
143831	5	66	157	0	
143832	5	66	157	0	
143833	5	66	157	0	
143834	5	66	157	0	
143835	5	66	157	0	
143836	5	66	157	0	
143837	5	66	157	0	
143838	5	66	157	0	
143839	5	66	157	0	
143840	5	66	157	0	
143841	5	66	157	0	
143842	5	66	157	0	
143843	5	66	157	0	
143844	5	66	157	0	
143845	5	66	157	0	
143846	5	66	157	0	
143847	5	67	158	0	
143848	5	68	159	0	
143849	5	67	158	0	
143850	5	68	159	0	
143851	5	67	158	0	
143852	5	66	158	0	
143853	5	66	158	0	
143854	5	67	159	0	
143855	5	68	160	0	
143856	5	69	160	0	
143857	5	68	159	0	
143858	5	69	160	0	
143859	5	68	159	0	
143860	5	67	158	0	
143861	5	66	158	0	
143862	5	66	158	0	
143863	5	66	158	0	
143864	5	66	158	0	
143865	5	66	158	0	
143866	5	66	158	0	
143867	5	66	158	0	
143868	5	66	158	0	
143869	5	66	158	0	
143870	5	66	158	0	
143871	5	66	158	0	
143872	5	66	158	0	
143873	5	66	158	0	
143874	5	66	158	0	
143875	5	66	158	0	
143876	5	66	158	0	
143877	5	66	158	0	
143878	5	66	158	0	
143879	5	66	158	0	
143880	5	66	158	0	
143881	5	66	158	0	
143882	5	66	158	0	
143883	5	66	158	0	
143884	5	66	158	0	
143885	5	66	158	0	
143886	5	66	158	0	
143887	5	66	158	0	
143888	5	66	158	0	
143889	5	66	158	0	
143890	5	66	158	0	
143891	5	66	158	0	
143892	5	66	158	0	
143893	5	66	158	0	
143894	5	66	158	0	
143895	5	66	158	0	
143896	5	66	158	0	
143897	5	66	158	0	
143898	5	66	158	0	
143899	5	66	158	0	
143900	5	66	158	0	
143901	5	67	159	0	
143902	5	68	160	0	
143903	5	67	159	0	
143904	5	66	158	0	
143905	5	67	159	0	
143906	5	68	160	0	
143907	5	69	160	0	
143908	5	70	160	0	
143909	5	70	159	0	
143910	5	70	158	0	
143911	5	70	158	0	
143912	5	70	158	0	
143913	5	70	158	0	
143914	5	70	158	0	
143915	5	70	158	0	
143916	5	69	158	0	
143917	5	69	158	0	
143918	5	69	158	0	
143919	5	69	158	0	
143920	5	69	158	0	
143921	5	69	158	0	
143922	5	69	158	0	
143923	5	69	158	0	
143924	5	69	158	0	
143925	5	69	158	0	
143926	5	69	158	0	
143927	5	69	158	0	
143928	5	69	158	0	
143929	5	69	158	0	
143930	5	69	158	0	
143931	5	69	158	0	
143932	5	69	158	0	
143933	5	69	158	0	
143934	5	69	158	0	
143935	5	69	158	0	
143936	5	70	159	0	
143937	5	70	160	0	
143938	5	70	160	0	
143939	5	70	160	0	
143940	5	70	160	0	
143941	5	69	159	0	
143942	5	70	160	0	
143943	5	70	160	0	
143944	5	70	160	0	
143945	5	70	160	0	
143946	5	69	159	0	
143947	5	68	158	0	
143948	5	67	158	0	
143949	5	66	158	0	
143950	5	66	158	0	
143951	5	66	158	0	
143952	5	66	158	0	
143953	5	66	158	0	
143954	5	66	158	0	
143955	5	66	158	0	
143956	5	66	158	0	
143957	5	66	158	0	
143958	5	66	158	0	
143959	5	66	158	0	
143960	5	66	158	0	
143961	5	66	158	0	
143962	5	66	158	0	
143963	5	66	158	0	
143964	5	66	158	0	
143965	5	66	158	0	
143966	5	66	158	0	
143967	5	66	158	0	
143968	5	66	158	0	
143969	5	66	158	0	
143970	5	66	158	0	
143971	5	66	158	0	
143972	5	66	158	0	
143973	5	66	158	0	
143974	5	66	158	0	
143975	5	66	158	0	
143976	5	66	158	0	
143977	5	66	158	0	
143978	5	66	158	0	
143979	5	66	158	0	
143980	5	66	158	0	
143981	5	66	158	0	
143982	5	66	158	0	
143983	5	66	158	0	
143984	5	66	158	0	
143985	5	66	158	0	
143986	5	66	158	0	
143987	5	66	158	0	
143988	5	66	158	0	
143989	5	66	158	0	
143990	5	66	158	0	
143991	5	66	158	0	
143992	5	66	158	0	
143993	5	66	158	0	
143994	5	66	158	0	
143995	5	66	158	0	
143996	5	66	158	0	
143997	5	66	158	0	
143998	5	66	158	0	
143999	5	66	158	0	
144000	5	66	158	0	
144001	5	66	158	0	
144002	5	66	158	0	
144003	5	66	158	0	
144004	5	66	158	0	
144005	5	66	158	0	
144006	5	66	158	0	
144007	5	66	158	0	
144008	5	66	158	0	
144009	5	66	158	0	
144010	5	66	158	0	
144011	5	66	158	0	
144012	5	66	158	0	
144013	5	66	158	0	
144014	5	66	158	0	
144015	5	66	158	0	
144016	5	66	158	0	
144017	5	66	158	0	
144018	5	66	158	0	
144019	5	66	158	0	
144020	5	66	158	0	
144021	5	66	158	0	
144022	5	66	158	0	
144023	5	66	158	0	
144024	5	66	158	0	
144025	5	66	158	0	
144026	5	66	158	0	
144027	5	66	158	0	
144028	5	66	158	0	
144029	5	66	158	0	
144030	5	66	158	0	
144031	5	66	158	0	
144032	5	66	158	0	
144033	5	66	158	0	
144034	5	66	158	0	
144035	5	66	158	0	
144036	5	66	158	0	
144037	5	66	158	0	
144038	5	66	158	0	
144039	5	66	158	0	
144040	5	66	158	0	
144041	5	66	158	0	
144042	5	66	158	0	
144043	5	66	158	0	
144044	5	66	158	0	
144045	5	66	158	0	
144046	5	66	158	0	
144047	5	66	158	0	
144048	5	68	157	0	
144049	5	68	157	0	
144050	5	68	157	0	
144051	5	68	157	0	
144052	5	67	157	0	
144053	5	67	156	0	
144054	5	66	156	0	
144055	5	66	156	0	
144056	5	66	156	0	
144057	5	66	156	0	
144058	5	66	156	0	
144059	5	66	156	0	
144060	5	66	156	0	
144061	5	66	156	0	
144062	5	66	156	0	
144063	5	66	156	0	
144064	5	66	156	0	
144065	5	66	156	0	
144066	5	66	156	0	
144067	5	66	156	0	
144068	5	66	156	0	
144069	5	66	156	0	
144070	5	66	156	0	
144071	5	66	156	0	
144072	5	66	156	0	
144073	5	66	156	0	
144074	5	66	156	0	
144075	5	66	156	0	
144076	5	66	156	0	
144077	5	66	156	0	
144078	5	66	156	0	
144079	5	66	156	0	
144080	5	66	156	0	
144081	5	66	156	0	
144082	5	66	156	0	
144083	5	66	156	0	
144084	5	66	156	0	
144085	5	67	155	0	
144086	5	67	155	0	
144087	5	68	154	0	
144088	5	68	154	0	
144089	5	68	154	0	
144090	5	68	154	0	
144091	5	68	154	0	
144092	5	69	153	0	
144093	5	69	153	0	
144094	5	68	153	0	
144095	5	67	153	0	
144096	5	66	152	0	
144097	5	66	152	0	
144098	5	66	152	0	
144099	5	66	152	0	
144100	5	66	152	0	
144101	5	66	152	0	
144102	5	66	152	0	
144103	5	66	152	0	
144104	5	66	152	0	
144105	5	66	152	0	
144106	5	66	152	0	
144107	5	66	152	0	
144108	5	66	152	0	
144109	5	66	152	0	
144110	5	66	152	0	
144111	5	66	152	0	
144112	5	66	152	0	
144113	5	66	152	0	
144114	5	66	152	0	
144115	5	66	152	0	
144116	5	66	152	0	
144117	5	66	152	0	
144118	5	66	152	0	
144119	5	66	152	0	
144120	5	66	152	0	
144121	5	66	152	0	
144122	5	66	152	0	
144123	5	66	152	0	
144124	5	66	152	0	
144125	5	66	152	0	
144126	5	66	152	0	
144127	5	66	152	0	
144128	5	66	152	0	
144129	5	66	152	0	
144130	5	66	152	0	
144131	5	66	152	0	
144132	5	66	152	0	
144133	5	66	152	0	
144134	5	66	152	0	
144135	5	66	152	0	
144136	5	66	152	0	
144137	5	66	152	0	
144138	5	66	152	0	
144139	5	66	152	0	
144140	5	66	152	0	
144141	5	66	152	0	
144142	5	66	152	0	
144143	5	66	152	0	
144144	5	66	152	0	
144145	5	66	152	0	
144146	5	66	152	0	
144147	5	66	152	0	
144148	5	66	152	0	
144149	5	66	152	0	
144150	5	66	152	0	
144151	5	66	152	0	
144152	5	66	152	0	
144153	5	66	152	0	
144154	5	66	152	0	
144155	5	66	152	0	
144156	5	66	152	0	
144157	5	66	152	0	
144158	5	66	152	0	
144159	5	66	152	0	
144160	5	66	152	0	
144161	5	66	152	0	
144162	5	66	152	0	
144163	5	66	152	0	
144164	5	66	152	0	
144165	5	66	152	0	
144166	5	66	152	0	
144167	5	66	152	0	
144168	5	66	152	0	
144169	5	66	152	0	
144170	5	66	152	0	
144171	5	66	152	0	
144172	5	66	152	0	
144173	5	66	152	0	
144174	5	66	152	0	
144175	5	66	152	0	
144176	5	66	152	0	
144177	5	66	152	0	
144178	5	66	152	0	
144179	5	66	152	0	
144180	5	66	152	0	
144181	5	66	152	0	
144182	5	66	152	0	
144183	5	66	152	0	
144184	5	66	152	0	
144185	5	66	152	0	
144186	5	66	152	0	
144187	5	66	152	0	
144188	5	65	152	0	
144189	5	65	152	0	
144190	5	65	152	0	
144191	5	66	152	0	
144192	5	66	152	0	
144193	5	67	151	0	
144194	5	68	150	0	
144195	5	68	150	0	
144196	5	68	150	0	
144197	5	68	150	0	
144198	5	68	150	0	
144199	5	68	150	0	
144200	5	68	150	0	
144201	5	68	150	0	
144202	5	68	150	0	
144203	5	68	150	0	
144204	5	68	150	0	
144205	5	68	150	0	
144206	5	68	150	0	
144207	5	68	150	0	
144208	5	68	150	0	
144209	5	68	150	0	
144210	5	68	150	0	
144211	5	68	150	0	
144212	5	68	150	0	
144213	5	68	150	0	
144214	5	68	150	0	
144215	5	68	150	0	
144216	5	68	150	0	
144217	5	68	150	0	
144218	5	68	150	0	
144219	5	68	150	0	
144220	5	68	150	0	
144221	5	69	149	0	
144222	5	69	149	0	
144223	5	71	149	0	
144224	5	71	149	0	
144225	5	73	149	0	
144226	5	74	149	0	
144227	5	75	149	0	
144228	5	74	149	0	
144229	-29	75	183	0	
144230	-28	75	182	0	
144231	-24	74	180	0	
144232	-24	73	180	0	
144233	-22	74	177	0	
144234	-20	75	175	0	
144235	-19	74	175	0	
144236	-17	75	173	0	
144237	-15	75	172	0	
144238	-13	74	171	0	
144239	-12	74	170	0	
144240	-10	73	169	0	
144241	-8	72	168	0	
144242	-6	71	168	0	
144243	-5	73	167	0	
144244	-4	74	166	0	
144245	-3	73	166	0	
144246	-3	74	165	0	
144247	-3	75	164	0	
144248	-3	75	164	0	
144249	-3	75	164	0	
144250	-3	75	164	0	
144251	-3	75	164	0	
144252	-3	75	164	0	
144253	-3	75	164	0	
144254	-3	75	164	0	
144255	-3	75	164	0	
144256	-3	75	164	0	
144257	-3	76	163	0	
144258	-3	77	162	0	
144259	-3	77	162	0	
144260	-3	78	161	0	
144261	-3	78	161	0	
144262	-3	78	161	0	
144263	-3	78	161	0	
144264	-3	78	161	0	
144265	-3	78	161	0	
144266	-3	78	161	0	
144267	-3	78	161	0	
144268	-3	78	161	0	
144269	-3	78	161	0	
144270	-3	78	161	0	
144271	-3	78	161	0	
144272	-3	78	161	0	
144273	-3	78	161	0	
144274	-3	78	161	0	
144275	-3	78	161	0	
144276	-3	78	161	0	
144277	-3	79	160	0	
144278	-3	79	160	0	
144279	-3	79	160	0	
144280	-3	79	160	0	
144281	-3	79	160	0	
144282	-3	79	160	0	
144283	-3	79	160	0	
144284	-3	79	160	0	
144285	-3	79	160	0	
144286	-3	79	160	0	
144287	-3	79	160	0	
144288	-3	79	160	0	
144289	-3	79	160	0	
144290	-3	79	160	0	
144291	-3	79	160	0	
144292	-3	79	160	0	
144293	-3	79	160	0	
144294	-3	79	160	0	
144295	-3	79	160	0	
144296	-3	79	160	0	
144297	-3	79	160	0	
144298	-3	79	160	0	
144299	-3	79	160	0	
144300	-3	79	160	0	
144301	-3	79	160	0	
144302	-3	79	160	0	
144303	-3	79	160	0	
144304	-3	79	160	0	
144305	-3	79	160	0	
144306	-3	79	160	0	
144307	-3	79	160	0	
144308	-3	79	160	0	
144309	-3	79	160	0	
144310	-3	79	160	0	
144311	-3	79	160	0	
144312	-3	79	160	0	
144313	-3	79	160	0	
144314	-3	79	160	0	
144315	-3	79	160	0	
144316	-3	79	160	0	
144317	-3	80	159	0	
144318	-3	81	158	0	
144319	-3	82	158	0	
144320	-3	82	158	0	
144321	-3	81	159	0	
144322	-3	80	160	0	
144323	-3	80	160	0	
144324	-3	80	160	0	
144325	-3	80	160	0	
144326	-3	80	160	0	
144327	-2	79	160	0	
144328	-1	78	160	0	
144329	-1	78	160	0	
144330	0	77	160	0	
144331	0	77	160	0	
144332	0	77	160	0	
144333	0	77	160	0	
144334	0	77	160	0	
144335	0	77	160	0	
144336	0	77	160	0	
144337	0	77	160	0	
144338	0	77	160	0	
144339	0	77	160	0	
144340	0	77	160	0	
144341	0	76	159	0	
144342	0	76	157	0	
144343	0	76	158	0	
144344	0	76	159	0	
144345	0	76	157	0	
144346	0	76	156	0	
144347	0	76	157	0	
144348	0	76	158	0	
144349	0	76	159	0	
144350	0	76	160	0	
144351	0	76	160	0	
144352	0	76	160	0	
144353	0	76	160	0	
144354	1	76	158	0	
144355	1	75	158	0	
144356	1	74	158	0	
144357	1	74	159	0	
144358	1	74	160	0	
144359	1	75	158	0	
144360	1	76	157	0	
144361	1	76	156	0	
144362	2	76	155	0	
144363	2	76	154	0	
144364	2	76	153	0	
144365	2	75	153	0	
144366	2	75	152	0	
144367	2	76	151	0	
144368	2	76	150	0	
144369	2	76	149	0	
144370	2	76	148	0	
144371	2	76	148	0	
144372	2	76	148	0	
144373	2	76	148	0	
144374	2	76	148	0	
144375	2	76	148	0	
144376	2	76	148	0	
144377	2	76	148	0	
144378	2	76	148	0	
144379	2	76	148	0	
144380	2	76	148	0	
144381	2	76	148	0	
144382	2	76	148	0	
144383	2	76	148	0	
144384	2	76	148	0	
144385	2	76	148	0	
144386	2	76	148	0	
144387	2	76	148	0	
144388	2	76	148	0	
144389	2	76	148	0	
144390	2	76	148	0	
144391	2	76	148	0	
144392	2	76	148	0	
144393	2	76	148	0	
144394	2	76	148	0	
144395	2	76	148	0	
144396	2	76	148	0	
144397	2	76	148	0	
144398	2	76	148	0	
144399	2	76	148	0	
144400	2	76	148	0	
144401	2	76	148	0	
144402	2	76	148	0	
144403	2	76	148	0	
144404	2	76	148	0	
144405	2	76	148	0	
144406	2	76	148	0	
144407	2	76	148	0	
144408	2	76	148	0	
144409	2	76	148	0	
144410	2	76	148	0	
144411	2	76	148	0	
144412	2	76	148	0	
144413	2	76	148	0	
144414	2	76	148	0	
144415	2	76	148	0	
144416	2	76	148	0	
144417	2	76	148	0	
144418	2	76	148	0	
144419	2	76	148	0	
144420	2	76	148	0	
144421	2	76	148	0	
144422	2	76	148	0	
144423	2	76	148	0	
144424	2	76	148	0	
144425	2	76	148	0	
144426	2	76	148	0	
144427	2	76	148	0	
144428	2	76	148	0	
144429	2	76	148	0	
144430	2	76	148	0	
144431	2	76	148	0	
144432	2	76	148	0	
144433	2	76	148	0	
144434	2	76	148	0	
144435	2	76	148	0	
144436	2	76	148	0	
144437	2	76	148	0	
144438	2	76	148	0	
144439	2	76	148	0	
144440	2	76	148	0	
144441	2	76	148	0	
144442	2	76	148	0	
144443	2	76	148	0	
144444	2	76	148	0	
144445	2	76	148	0	
144446	2	76	148	0	
144447	2	76	148	0	
144448	2	75	149	0	
144449	2	76	148	0	
144450	2	75	149	0	
144451	2	74	149	0	
144452	2	74	149	0	
144453	2	74	149	0	
144454	2	74	149	0	
144455	2	74	149	0	
144456	2	74	149	0	
144457	2	74	148	0	
144458	2	74	148	0	
144459	2	74	148	0	
144460	2	74	148	0	
144461	2	74	148	0	
144462	2	74	148	0	
144463	1	73	148	0	
144464	1	73	147	0	
144465	1	73	146	0	
144466	0	73	146	0	
144467	0	73	146	0	
144468	0	73	145	0	
144469	0	73	145	0	
144470	0	73	144	0	
144471	0	74	144	0	
144472	0	75	144	0	
144473	0	76	144	0	
144474	0	76	144	0	
144475	0	76	144	0	
144476	0	76	144	0	
144477	0	76	144	0	
144478	1	76	144	0	
144479	1	76	144	0	
144480	1	76	144	0	
144481	1	76	144	0	
144482	1	76	144	0	
144483	1	76	144	0	
144484	1	76	144	0	
144485	1	76	143	0	
144486	1	76	142	0	
144487	2	76	142	0	
144488	2	76	142	0	
144489	2	76	142	0	
144490	2	76	142	0	
144491	2	76	142	0	
144492	2	76	142	0	
144493	2	76	142	0	
144494	2	76	142	0	
144495	2	76	142	0	
144496	2	76	142	0	
144497	2	76	142	0	
144498	2	76	142	0	
144499	2	76	142	0	
144500	2	76	142	0	
144501	2	76	142	0	
144502	2	76	142	0	
144503	2	76	142	0	
144504	2	76	142	0	
144505	2	76	142	0	
144506	2	76	142	0	
144507	2	76	142	0	
144508	2	76	142	0	
144509	2	76	142	0	
144510	2	76	142	0	
144511	2	76	142	0	
144512	2	76	142	0	
144513	2	76	142	0	
144514	2	76	142	0	
144515	2	76	142	0	
144516	2	75	143	0	
144517	2	74	144	0	
144518	2	74	145	0	
144519	2	74	146	0	
144520	2	74	147	0	
144521	2	74	148	0	
144522	2	74	149	0	
144523	1	73	149	0	
144524	0	72	149	0	
144525	0	72	149	0	
144526	0	72	149	0	
144527	0	71	148	0	
144528	0	71	147	0	
144529	1	71	147	0	
144530	2	71	147	0	
144531	2	71	147	0	
144532	2	71	147	0	
144533	2	71	148	0	
144534	2	71	149	0	
144535	2	72	148	0	
144536	2	72	148	0	
144537	2	72	149	0	
144538	2	72	149	0	
144539	2	72	149	0	
144540	2	72	149	0	
144541	2	72	148	0	
144542	2	72	148	0	
144543	2	72	148	0	
144544	2	72	148	0	
144545	2	72	148	0	
144546	2	72	148	0	
144547	2	72	148	0	
144548	2	72	148	0	
144549	2	72	148	0	
144550	2	72	148	0	
144551	2	72	148	0	
144552	2	72	148	0	
144553	2	72	148	0	
144554	2	72	148	0	
144555	2	72	148	0	
144556	2	72	148	0	
144557	2	72	148	0	
144558	2	72	148	0	
144559	2	72	148	0	
144560	2	72	148	0	
144561	2	72	148	0	
144562	2	72	148	0	
144563	2	72	148	0	
144564	2	72	148	0	
144565	2	72	148	0	
144566	2	72	148	0	
144567	2	72	148	0	
144568	2	72	148	0	
144569	2	72	148	0	
144570	2	72	148	0	
144571	2	72	148	0	
144572	2	72	148	0	
144573	1	71	148	0	
144574	2	71	148	0	
144575	2	71	148	0	
144576	2	71	148	0	
144577	2	71	148	0	
144578	2	71	148	0	
144579	2	71	148	0	
144580	2	71	148	0	
144581	2	71	148	0	
144582	2	71	148	0	
144583	2	71	148	0	
144584	2	71	148	0	
144585	2	71	148	0	
144586	2	71	148	0	
144587	2	71	148	0	
144588	2	71	148	0	
144589	2	71	148	0	
144590	2	71	148	0	
144591	2	71	148	0	
144592	2	71	148	0	
144593	2	71	148	0	
144594	2	71	148	0	
144595	2	72	148	0	
144596	2	73	148	0	
144597	2	74	148	0	
144598	2	75	148	0	
144599	2	75	148	0	
144600	2	75	148	0	
144601	2	75	148	0	
144602	2	75	148	0	
144603	2	75	148	0	
144604	2	75	148	0	
144605	2	75	148	0	
144606	2	75	148	0	
144607	2	75	148	0	
144608	2	76	148	0	
144609	2	76	148	0	
144610	2	76	148	0	
144611	2	76	148	0	
144612	2	76	148	0	
144613	2	76	148	0	
144614	2	76	148	0	
144615	2	76	148	0	
144616	2	76	148	0	
144617	2	76	148	0	
144618	2	76	148	0	
144619	2	76	148	0	
144620	2	76	148	0	
144621	2	76	148	0	
144622	2	76	148	0	
144623	2	76	148	0	
144624	2	76	148	0	
144625	2	76	148	0	
144626	2	76	148	0	
144627	2	76	148	0	
144628	2	76	148	0	
144629	2	76	148	0	
144630	2	76	148	0	
144631	2	76	148	0	
144632	2	76	148	0	
144633	2	76	148	0	
144634	2	76	148	0	
144635	2	76	148	0	
144636	2	76	148	0	
144637	1	76	148	0	
144638	2	76	148	0	
144639	2	76	148	0	
144640	2	76	148	0	
144641	2	76	148	0	
144642	2	76	148	0	
144643	2	76	148	0	
144644	2	76	148	0	
144645	2	76	148	0	
144646	2	76	148	0	
144647	2	76	148	0	
144648	2	76	148	0	
144649	2	76	148	0	
144650	2	76	148	0	
144651	2	76	148	0	
144652	2	76	148	0	
144653	2	76	148	0	
144654	2	76	148	0	
144655	2	76	148	0	
144656	2	76	148	0	
144657	2	76	148	0	
144658	2	76	148	0	
144659	2	76	148	0	
144660	2	76	148	0	
144661	2	76	148	0	
144662	1	75	148	0	
144663	1	75	147	0	
144664	0	75	147	0	
144665	1	75	147	0	
144666	2	75	147	0	
144667	2	75	147	0	
144668	2	75	147	0	
144669	2	75	147	0	
144670	1	74	147	0	
144671	1	73	147	0	
144672	1	74	147	0	
144673	2	74	147	0	
144674	2	74	147	0	
144675	2	74	147	0	
144676	2	74	147	0	
144677	2	74	147	0	
144678	2	74	147	0	
144679	2	74	147	0	
144680	2	74	147	0	
144681	2	74	147	0	
144682	2	74	147	0	
144683	2	74	147	0	
144684	2	74	147	0	
144685	2	74	147	0	
144686	2	74	147	0	
144687	1	73	147	0	
144688	1	74	147	0	
144689	1	75	147	0	
144690	0	75	146	0	
144691	0	75	145	0	
144692	0	76	145	0	
144693	0	76	145	0	
144694	1	76	145	0	
144695	2	76	145	0	
144696	0	75	146	0	
144697	0	74	146	0	
144698	0	73	145	0	
144699	0	72	144	0	
144700	0	71	143	0	
144701	0	70	142	0	
144702	0	70	141	0	
144703	0	69	140	0	
144704	0	69	140	0	
144705	1	70	140	0	
144706	2	70	140	0	
144707	2	70	140	0	
144708	1	69	140	0	
144709	0	68	140	0	
144710	0	67	140	0	
144711	0	66	139	0	
144712	1	67	139	0	
144713	0	66	139	0	
144714	0	68	139	0	
144715	0	69	139	0	
144716	0	70	139	0	
144717	0	71	139	0	
144718	0	72	139	0	
144719	0	73	139	0	
144720	0	74	139	0	
144721	1	74	139	0	
144722	2	74	139	0	
144723	2	74	139	0	
144724	2	75	139	0	
144725	2	74	139	0	
144726	2	73	138	0	
144727	2	73	137	0	
144728	1	73	136	0	
144729	0	73	136	0	
144730	0	73	139	0	
144731	0	73	140	0	
144732	0	72	140	0	
144733	0	72	141	0	
144734	0	72	142	0	
144735	1	72	142	0	
144736	0	71	143	0	
144737	1	71	143	0	
144738	1	72	143	0	
144739	0	71	143	0	
144740	0	70	143	0	
144741	0	69	143	0	
144742	0	68	143	0	
144743	0	67	143	0	
144744	1	68	143	0	
144745	2	69	143	0	
144746	2	70	143	0	
144747	2	70	143	0	
144748	2	70	143	0	
144749	2	70	143	0	
144750	2	70	143	0	
144751	2	70	143	0	
144752	2	70	143	0	
144753	2	70	143	0	
144754	2	70	143	0	
144755	2	70	143	0	
144756	2	70	143	0	
144757	2	70	143	0	
144758	2	70	143	0	
144759	2	70	143	0	
144760	2	70	143	0	
144761	2	70	143	0	
144762	2	70	143	0	
144763	2	70	143	0	
144764	2	70	143	0	
144765	2	70	143	0	
144766	2	70	143	0	
144767	2	70	143	0	
144768	2	70	143	0	
144769	2	70	143	0	
144770	2	70	143	0	
144771	2	70	143	0	
144772	2	70	143	0	
144773	2	71	143	0	
144774	2	71	143	0	
144775	2	71	143	0	
144776	2	71	143	0	
144777	2	71	143	0	
144778	2	71	143	0	
144779	2	71	143	0	
144780	2	71	143	0	
144781	2	71	143	0	
144782	2	71	143	0	
144783	2	72	143	0	
144784	2	72	143	0	
144785	2	72	143	0	
144786	2	73	143	0	
144787	2	74	143	0	
144788	2	75	143	0	
144789	2	76	143	0	
144790	2	76	143	0	
144791	2	76	143	0	
144792	2	75	143	0	
144793	2	76	143	0	
144794	2	75	143	0	
144795	1	74	143	0	
144796	1	75	143	0	
144797	1	74	142	0	
144798	1	75	142	0	
144799	1	76	142	0	
144800	1	76	142	0	
144801	1	76	142	0	
144802	0	75	142	0	
144803	0	74	142	0	
144804	0	73	142	0	
144805	1	73	142	0	
144806	2	73	142	0	
144807	2	73	142	0	
144808	2	73	142	0	
144809	2	73	142	0	
144810	2	73	142	0	
144811	2	73	142	0	
144812	2	73	142	0	
144813	2	73	142	0	
144814	2	73	142	0	
144815	2	73	142	0	
144816	2	73	142	0	
144817	2	73	142	0	
144818	2	73	142	0	
144819	2	73	142	0	
144820	2	73	142	0	
144821	2	73	142	0	
144822	2	73	142	0	
144823	2	73	142	0	
144824	2	73	142	0	
144825	2	73	142	0	
144826	2	73	142	0	
144827	2	73	142	0	
144828	2	73	142	0	
144829	2	73	142	0	
144830	2	73	142	0	
144831	2	73	142	0	
144832	2	73	142	0	
144833	2	73	142	0	
144834	2	73	142	0	
144835	2	73	142	0	
144836	2	73	142	0	
144837	2	73	142	0	
144838	2	73	142	0	
144839	2	73	142	0	
144840	2	73	142	0	
144841	2	73	142	0	
144842	2	73	142	0	
144843	2	74	142	0	
144844	2	74	142	0	
144845	1	73	142	0	
144846	2	73	142	0	
144847	1	72	142	0	
144848	0	72	141	0	
144849	0	73	141	0	
144850	1	73	141	0	
144851	0	72	141	0	
144852	1	72	141	0	
144853	2	72	141	0	
144854	2	72	141	0	
144855	1	71	141	0	
144856	2	71	141	0	
144857	1	70	141	0	
144858	0	70	141	0	
144859	0	70	140	0	
144860	0	70	140	0	
144861	0	70	140	0	
144862	0	69	140	0	
144863	0	68	140	0	
144864	0	67	140	0	
144865	1	68	140	0	
144866	2	69	140	0	
144867	2	70	140	0	
144868	2	71	140	0	
144869	2	72	140	0	
144870	2	73	140	0	
144871	2	73	140	0	
144872	2	74	140	0	
144873	2	74	140	0	
144874	2	74	140	0	
144875	2	75	140	0	
144876	2	76	140	0	
144877	2	76	140	0	
144878	2	76	140	0	
144879	2	76	140	0	
144880	2	76	140	0	
144881	2	76	140	0	
144882	2	76	140	0	
144883	2	76	140	0	
144884	2	76	140	0	
144885	2	76	140	0	
144886	2	76	140	0	
144887	2	76	140	0	
144888	2	76	140	0	
144889	2	76	140	0	
144890	2	76	140	0	
144891	2	76	140	0	
144892	2	76	140	0	
144893	2	76	140	0	
144894	2	76	140	0	
144895	2	76	140	0	
144896	2	76	140	0	
144897	2	76	140	0	
144898	1	76	140	0	
144899	0	76	140	0	
144900	0	76	139	0	
144901	0	76	138	0	
144902	0	75	138	0	
144903	0	74	138	0	
144904	0	73	137	0	
144905	1	73	138	0	
144906	1	74	138	0	
144907	1	75	138	0	
144908	2	75	138	0	
144909	2	75	138	0	
144910	2	75	138	0	
144911	2	75	138	0	
144912	2	75	138	0	
144913	2	75	138	0	
144914	2	75	138	0	
144915	2	75	138	0	
144916	2	75	138	0	
144917	2	75	138	0	
144918	2	76	138	0	
144919	2	76	138	0	
144920	2	76	138	0	
144921	2	76	138	0	
144922	2	76	138	0	
144923	2	76	138	0	
144924	2	76	138	0	
144925	2	76	138	0	
144926	2	75	140	0	
144927	2	74	141	0	
144928	2	74	142	0	
144929	2	74	143	0	
144930	2	74	144	0	
144931	2	74	145	0	
144932	2	74	146	0	
144933	2	74	147	0	
144934	2	74	148	0	
144935	2	74	149	0	
144936	2	74	149	0	
144937	2	74	149	0	
144938	2	74	149	0	
144939	2	74	149	0	
144940	2	74	149	0	
144941	2	74	149	0	
144942	2	74	149	0	
144943	2	74	149	0	
144944	2	74	149	0	
144945	2	74	149	0	
144946	2	74	149	0	
144947	2	74	149	0	
144948	2	74	149	0	
144949	2	74	149	0	
144950	2	74	149	0	
144951	2	74	149	0	
144952	2	74	149	0	
144953	2	74	149	0	
144954	2	74	149	0	
144955	2	74	149	0	
144956	2	74	149	0	
144957	2	74	149	0	
144958	2	74	149	0	
144959	2	74	149	0	
144960	2	74	149	0	
144961	2	74	149	0	
144962	2	74	149	0	
144963	2	74	149	0	
144964	2	74	149	0	
144965	2	74	149	0	
144966	2	74	149	0	
144967	2	74	149	0	
144968	2	74	149	0	
144969	2	74	149	0	
144970	2	74	149	0	
144971	2	74	149	0	
144972	2	74	149	0	
144973	2	74	149	0	
144974	2	74	149	0	
144975	2	74	149	0	
144976	2	74	149	0	
144977	2	74	149	0	
144978	2	74	149	0	
144979	2	74	149	0	
144980	2	74	149	0	
144981	2	74	149	0	
144982	2	74	149	0	
144983	2	74	149	0	
144984	2	74	149	0	
144985	2	74	150	0	
144986	2	74	150	0	
144987	2	74	150	0	
144988	2	74	150	0	
144989	2	74	150	0	
144990	2	74	150	0	
144991	2	74	151	0	
144992	2	74	151	0	
144993	2	74	151	0	
144994	2	74	151	0	
144995	2	74	151	0	
144996	2	74	151	0	
144997	2	74	151	0	
144998	2	74	151	0	
144999	2	74	151	0	
145000	2	74	151	0	
145001	2	74	151	0	
145002	2	74	151	0	
145003	2	74	151	0	
145004	2	74	151	0	
145005	2	74	151	0	
145006	2	74	151	0	
145007	2	74	151	0	
145008	2	74	151	0	
145009	2	74	151	0	
145010	2	74	151	0	
145011	2	74	151	0	
145012	2	74	151	0	
145013	2	74	151	0	
145014	2	74	152	0	
145015	2	74	153	0	
145016	2	74	154	0	
145017	2	74	155	0	
145018	2	74	156	0	
145019	2	74	157	0	
145020	2	74	158	0	
145021	2	74	159	0	
145022	2	74	160	0	
145023	2	74	159	0	
145024	2	74	158	0	
145025	2	74	159	0	
145026	2	74	160	0	
145027	2	74	160	0	
145028	2	74	160	0	
145029	2	74	160	0	
145030	2	74	160	0	
145031	2	74	160	0	
145032	2	74	160	0	
145033	2	74	160	0	
145034	2	74	160	0	
145035	2	74	160	0	
145036	2	74	160	0	
145037	2	74	159	0	
145038	2	74	158	0	
145039	2	74	158	0	
145040	2	74	158	0	
145041	2	74	158	0	
145042	2	74	159	0	
145043	2	74	160	0	
145044	2	74	160	0	
145045	2	74	160	0	
145046	2	74	160	0	
145047	2	74	160	0	
145048	2	74	160	0	
145049	2	74	160	0	
145050	2	74	160	0	
145051	2	74	160	0	
145052	2	74	160	0	
145053	2	74	159	0	
145054	2	74	160	0	
145055	2	74	159	0	
145056	2	74	160	0	
145057	2	74	160	0	
145058	2	74	160	0	
145059	2	74	160	0	
145060	2	74	159	0	
145061	2	74	158	0	
145062	2	74	158	0	
145063	2	74	159	0	
145064	2	74	158	0	
145065	2	74	158	0	
145066	2	74	158	0	
145067	2	74	158	0	
145068	2	74	158	0	
145069	2	74	158	0	
145070	2	74	158	0	
145071	2	74	158	0	
145072	2	74	158	0	
145073	2	74	158	0	
145074	2	74	158	0	
145075	2	74	158	0	
145076	2	74	158	0	
145077	2	74	158	0	
145078	2	73	158	0	
145079	2	73	158	0	
145080	2	73	158	0	
145081	2	73	158	0	
145082	2	73	158	0	
145083	2	73	158	0	
145084	2	73	158	0	
145085	2	72	158	0	
145086	2	72	159	0	
145087	2	72	158	0	
145088	2	72	158	0	
145089	2	72	158	0	
145090	2	72	158	0	
145091	2	72	158	0	
145092	2	72	158	0	
145093	2	72	158	0	
145094	2	72	158	0	
145095	2	72	158	0	
145096	2	72	158	0	
145097	2	72	158	0	
145098	2	72	158	0	
145099	2	72	158	0	
145100	2	72	159	0	
145101	2	72	158	0	
145102	2	72	158	0	
145103	2	72	158	0	
145104	2	72	158	0	
145105	2	72	158	0	
145106	2	72	158	0	
145107	2	72	158	0	
145108	2	72	158	0	
145109	2	72	158	0	
145110	2	72	158	0	
145111	2	72	158	0	
145112	2	72	158	0	
145113	2	72	158	0	
145114	2	72	158	0	
145115	2	72	158	0	
145116	2	72	158	0	
145117	2	72	158	0	
145118	2	72	158	0	
145119	2	72	158	0	
145120	2	72	159	0	
145121	2	72	160	0	
145122	2	72	159	0	
145123	2	72	160	0	
145124	2	72	160	0	
145125	2	72	160	0	
145126	2	72	160	0	
145127	2	72	160	0	
145128	2	72	159	0	
145129	2	72	158	0	
145130	2	72	158	0	
145131	2	72	158	0	
145132	2	72	158	0	
145133	2	72	158	0	
145134	2	72	158	0	
145135	2	72	158	0	
145136	2	72	158	0	
145137	2	72	158	0	
145138	2	72	158	0	
145139	2	72	159	0	
145140	2	72	160	0	
145141	2	72	160	0	
145142	2	72	160	0	
145143	2	72	160	0	
145144	2	72	160	0	
145145	2	72	159	0	
145146	2	72	158	0	
145147	2	72	158	0	
145148	2	72	158	0	
145149	2	72	158	0	
145150	2	72	158	0	
145151	2	72	158	0	
145152	2	72	158	0	
145153	2	72	158	0	
145154	2	72	158	0	
145155	2	72	158	0	
145156	2	72	158	0	
145157	2	72	158	0	
145158	2	72	158	0	
145159	2	72	158	0	
145160	2	72	158	0	
145161	2	72	158	0	
145162	2	72	158	0	
145163	2	72	159	0	
145164	2	72	160	0	
145165	2	72	159	0	
145166	2	72	158	0	
145167	2	72	158	0	
145168	2	72	158	0	
145169	2	72	159	0	
145170	2	72	160	0	
145171	2	72	159	0	
145172	2	72	158	0	
145173	2	72	158	0	
145174	2	72	158	0	
145175	2	72	159	0	
145176	2	72	158	0	
145177	2	72	158	0	
145178	2	72	159	0	
145179	2	72	160	0	
145180	2	72	160	0	
145181	2	72	160	0	
145182	2	72	159	0	
145183	2	72	158	0	
145184	2	72	158	0	
145185	2	72	158	0	
145186	2	72	158	0	
145187	2	72	158	0	
145188	2	72	158	0	
145189	2	72	158	0	
145190	2	72	158	0	
145191	2	72	158	0	
145192	2	72	158	0	
145193	2	72	158	0	
145194	2	72	158	0	
145195	2	72	158	0	
145196	2	72	158	0	
145197	2	72	158	0	
145198	2	72	158	0	
145199	2	72	158	0	
145200	2	72	158	0	
145201	2	72	158	0	
145202	2	72	158	0	
145203	2	72	158	0	
145204	2	72	159	0	
145205	2	72	158	0	
145206	2	72	159	0	
145207	2	72	158	0	
145208	2	72	158	0	
145209	2	72	158	0	
145210	2	72	158	0	
145211	2	72	158	0	
145212	2	72	158	0	
145213	2	72	159	0	
145214	2	72	158	0	
145215	2	72	158	0	
145216	2	72	158	0	
145217	2	72	158	0	
145218	2	72	159	0	
145219	2	72	160	0	
145220	2	71	160	0	
145221	2	70	160	0	
145222	2	70	160	0	
145223	1	69	160	0	
145224	0	68	160	0	
145225	0	68	160	0	
145226	0	68	159	0	
145227	1	68	160	0	
145228	0	67	160	0	
145229	0	66	160	0	
145230	0	66	159	0	
145231	0	65	159	0	
145232	0	64	158	0	
145233	0	64	157	0	
145234	0	63	157	0	
145235	0	62	157	0	
145236	0	62	156	0	
145237	0	63	157	0	
145238	0	64	158	0	
145239	0	65	159	0	
145240	0	67	157	0	
145241	0	67	156	0	
145242	0	67	156	0	
145243	1	67	157	0	
145244	0	66	157	0	
145245	1	66	158	0	
145246	2	66	159	0	
145247	1	65	159	0	
145248	2	65	160	0	
145249	1	64	160	0	
145250	0	63	160	0	
145251	0	63	159	0	
145252	1	63	160	0	
145253	2	63	160	0	
145254	1	62	160	0	
145255	0	62	159	0	
145256	0	62	158	0	
145257	0	61	158	0	
145258	0	61	157	0	
145259	0	60	157	0	
145260	0	62	158	0	
145261	0	63	159	0	
145262	0	64	160	0	
145263	0	65	160	0	
145264	0	66	160	0	
145265	0	67	160	0	
145266	0	68	160	0	
145267	0	69	160	0	
145268	0	70	160	0	
145269	0	70	160	0	
145270	0	70	160	0	
145271	0	70	160	0	
145272	0	70	160	0	
145273	0	70	160	0	
145274	0	70	160	0	
145275	0	70	160	0	
145276	0	70	160	0	
145277	0	70	160	0	
145278	0	70	160	0	
145279	0	70	160	0	
145280	0	70	160	0	
145281	0	70	160	0	
145282	0	70	160	0	
145283	0	70	160	0	
145284	0	70	160	0	
145285	0	70	160	0	
145286	0	70	160	0	
145287	0	70	160	0	
145288	0	70	160	0	
145289	0	70	160	0	
145290	0	70	160	0	
145291	0	70	160	0	
145292	0	70	160	0	
145293	0	70	160	0	
145294	0	70	160	0	
145295	0	70	159	0	
145296	0	70	160	0	
145297	0	70	160	0	
145298	0	70	160	0	
145299	0	70	160	0	
145300	0	70	160	0	
145301	0	70	160	0	
145302	0	70	159	0	
145303	0	70	158	0	
145304	1	70	159	0	
145305	2	70	160	0	
145306	2	70	159	0	
145307	2	70	158	0	
145308	2	70	159	0	
145309	2	70	160	0	
145310	2	70	159	0	
145311	2	70	158	0	
145312	2	70	158	0	
145313	2	70	158	0	
145314	2	70	159	0	
145315	2	70	158	0	
145316	2	70	158	0	
145317	2	70	158	0	
145318	2	70	158	0	
145319	2	70	158	0	
145320	2	70	158	0	
145321	2	70	158	0	
145322	2	70	158	0	
145323	2	70	158	0	
145324	2	70	158	0	
145325	2	70	158	0	
145326	2	70	158	0	
145327	2	70	158	0	
145328	2	70	158	0	
145329	2	70	158	0	
145330	2	70	158	0	
145331	2	70	158	0	
145332	2	70	158	0	
145333	2	70	158	0	
145334	2	70	158	0	
145335	2	70	158	0	
145336	2	70	159	0	
145337	2	70	160	0	
145338	2	70	159	0	
145339	2	70	158	0	
145340	2	70	159	0	
145341	2	70	160	0	
145342	2	70	159	0	
145343	2	70	158	0	
145344	2	70	159	0	
145345	2	70	160	0	
145346	2	70	159	0	
145347	2	70	158	0	
145348	2	70	158	0	
145349	2	70	158	0	
145350	2	70	158	0	
145351	2	70	158	0	
145352	2	70	158	0	
145353	2	70	159	0	
145354	2	70	160	0	
145355	2	70	160	0	
145356	2	70	159	0	
145357	2	70	160	0	
145358	2	70	159	0	
145359	2	70	158	0	
145360	2	70	158	0	
145361	2	70	158	0	
145362	2	70	158	0	
145363	2	70	158	0	
145364	2	70	159	0	
145365	2	70	158	0	
145366	2	70	159	0	
145367	2	70	158	0	
145368	2	70	159	0	
145369	2	70	160	0	
145370	2	70	160	0	
145371	2	70	160	0	
145372	2	70	160	0	
145373	2	70	160	0	
145374	2	70	160	0	
145375	2	70	160	0	
145376	2	70	160	0	
145377	2	70	160	0	
145378	2	70	160	0	
145379	2	70	160	0	
145380	2	70	160	0	
145381	2	70	160	0	
145382	2	70	160	0	
145383	2	70	160	0	
145384	2	70	160	0	
145385	2	70	160	0	
145386	2	70	160	0	
145387	2	70	160	0	
145388	2	70	160	0	
145389	2	70	160	0	
145390	2	70	160	0	
145391	2	70	160	0	
145392	2	70	159	0	
145393	2	70	158	0	
145394	2	70	158	0	
145395	2	70	159	0	
145396	2	70	160	0	
145397	2	70	160	0	
145398	2	70	160	0	
145399	2	70	160	0	
145400	2	70	160	0	
145401	2	70	160	0	
145402	2	70	160	0	
145403	2	70	160	0	
145404	2	70	160	0	
145405	2	70	160	0	
145406	2	70	160	0	
145407	2	70	160	0	
145408	2	70	160	0	
145409	2	70	160	0	
145410	2	70	160	0	
145411	2	70	160	0	
145412	2	70	159	0	
145413	2	70	160	0	
145414	2	70	160	0	
145415	2	70	160	0	
145416	2	70	160	0	
145417	2	70	159	0	
145418	2	70	160	0	
145419	2	70	160	0	
145420	2	70	160	0	
145421	2	70	160	0	
145422	2	70	160	0	
145423	2	70	159	0	
145424	2	70	158	0	
145425	2	70	159	0	
145426	2	70	158	0	
145427	2	70	158	0	
145428	2	70	158	0	
145429	2	70	158	0	
145430	2	70	158	0	
145431	2	70	158	0	
145432	2	70	158	0	
145433	2	70	158	0	
145434	2	70	158	0	
145435	2	70	158	0	
145436	2	70	158	0	
145437	2	70	158	0	
145438	2	70	158	0	
145439	2	70	158	0	
145440	2	70	158	0	
145441	2	70	158	0	
145442	2	70	158	0	
145443	2	70	158	0	
145444	2	70	158	0	
145445	2	70	159	0	
145446	2	70	158	0	
145447	2	70	158	0	
145448	2	70	158	0	
145449	2	70	158	0	
145450	2	70	158	0	
145451	2	70	158	0	
145452	2	70	158	0	
145453	2	70	158	0	
145454	2	70	158	0	
145455	2	70	158	0	
145456	2	70	158	0	
145457	2	70	158	0	
145458	2	70	159	0	
145459	2	70	158	0	
145460	2	70	158	0	
145461	2	70	158	0	
145462	2	70	158	0	
145463	2	70	158	0	
145464	2	70	158	0	
145465	2	70	158	0	
145466	2	70	158	0	
145467	2	70	158	0	
145468	2	70	158	0	
145469	2	70	158	0	
145470	2	70	158	0	
145471	2	70	158	0	
145472	2	70	158	0	
145473	2	70	158	0	
145474	2	70	158	0	
145475	2	70	158	0	
145476	2	70	158	0	
145477	2	70	158	0	
145478	2	70	158	0	
145479	2	70	158	0	
145480	2	70	158	0	
145481	2	70	158	0	
145482	2	70	158	0	
145483	2	70	158	0	
145484	2	70	158	0	
145485	2	70	158	0	
145486	2	70	158	0	
145487	2	70	158	0	
145488	2	70	158	0	
145489	2	70	158	0	
145490	2	70	158	0	
145491	2	70	158	0	
145492	2	70	158	0	
145493	2	70	158	0	
145494	2	70	159	0	
145495	2	70	158	0	
145496	2	70	158	0	
145497	2	70	158	0	
145498	2	70	158	0	
145499	2	70	158	0	
145500	2	70	158	0	
145501	2	70	158	0	
145502	2	70	158	0	
145503	2	70	158	0	
145504	2	70	158	0	
145505	2	70	158	0	
145506	2	70	158	0	
145507	2	70	158	0	
145508	2	70	159	0	
145509	2	70	158	0	
145510	2	70	158	0	
145511	2	70	158	0	
145512	2	70	158	0	
145513	2	70	158	0	
145514	2	70	158	0	
145515	2	70	158	0	
145516	2	70	158	0	
145517	2	70	158	0	
145518	2	70	158	0	
145519	2	70	159	0	
145520	2	70	160	0	
145521	2	70	160	0	
145522	2	70	160	0	
145523	2	70	160	0	
145524	2	70	160	0	
145525	2	70	160	0	
145526	2	70	160	0	
145527	2	70	160	0	
145528	2	70	159	0	
145529	2	70	158	0	
145530	2	70	158	0	
145531	2	70	158	0	
145532	2	70	158	0	
145533	2	70	158	0	
145534	2	70	158	0	
145535	2	70	158	0	
145536	2	70	158	0	
145537	2	70	158	0	
145538	2	70	158	0	
145539	2	70	158	0	
145540	2	70	158	0	
145541	2	70	158	0	
145542	2	70	158	0	
145543	2	70	158	0	
145544	2	70	158	0	
145545	2	70	158	0	
145546	2	70	158	0	
145547	2	70	158	0	
145548	2	70	158	0	
145549	2	70	158	0	
145550	2	70	158	0	
145551	2	70	158	0	
145552	2	69	158	0	
145553	2	68	158	0	
145554	2	67	158	0	
145555	2	66	158	0	
145556	2	66	158	0	
145557	2	66	158	0	
145558	2	66	158	0	
145559	2	66	158	0	
145560	2	66	158	0	
145561	2	66	158	0	
145562	2	66	158	0	
145563	2	66	158	0	
145564	2	66	158	0	
145565	2	66	158	0	
145566	2	66	158	0	
145567	2	66	158	0	
145568	2	66	158	0	
145569	2	66	158	0	
145570	2	66	158	0	
145571	2	66	158	0	
145572	2	66	158	0	
145573	2	66	158	0	
145574	2	66	158	0	
145575	2	66	158	0	
145576	2	66	158	0	
145577	2	66	158	0	
145578	2	66	158	0	
145579	2	66	158	0	
145580	2	66	158	0	
145581	2	66	158	0	
145582	2	66	158	0	
145583	2	66	158	0	
145584	2	66	158	0	
145585	2	66	158	0	
145586	2	66	158	0	
145587	2	66	158	0	
145588	2	66	158	0	
145589	2	66	158	0	
145590	2	66	158	0	
145591	2	66	158	0	
145592	2	66	158	0	
145593	2	66	158	0	
145594	2	66	158	0	
145595	2	66	158	0	
145596	2	66	158	0	
145597	2	66	158	0	
145598	2	66	158	0	
145599	2	66	158	0	
145600	2	66	158	0	
145601	2	66	158	0	
145602	2	66	158	0	
145603	2	66	158	0	
145604	2	66	158	0	
145605	2	66	158	0	
145606	2	66	158	0	
145607	2	66	158	0	
145608	2	66	158	0	
145609	2	66	158	0	
145610	2	66	158	0	
145611	2	66	158	0	
145612	2	66	158	0	
145613	2	66	158	0	
145614	2	66	158	0	
145615	2	66	158	0	
145616	2	66	158	0	
145617	2	66	158	0	
145618	2	66	158	0	
145619	2	66	158	0	
145620	2	66	158	0	
145621	2	66	158	0	
145622	2	66	158	0	
145623	2	66	158	0	
145624	2	66	158	0	
145625	2	66	158	0	
145626	2	66	158	0	
145627	2	66	158	0	
145628	2	66	158	0	
145629	2	66	158	0	
145630	2	66	158	0	
145631	2	66	158	0	
145632	2	66	158	0	
145633	2	66	158	0	
145634	2	67	159	0	
145635	2	66	158	0	
145636	2	66	158	0	
145637	2	66	158	0	
145638	2	66	158	0	
145639	2	66	158	0	
145640	2	66	158	0	
145641	2	66	158	0	
145642	2	66	158	0	
145643	2	66	158	0	
145644	2	66	158	0	
145645	2	67	159	0	
145646	2	68	160	0	
145647	2	67	159	0	
145648	2	66	158	0	
145649	2	66	158	0	
145650	2	67	159	0	
145651	2	66	158	0	
145652	2	66	158	0	
145653	2	66	158	0	
145654	2	66	158	0	
145655	2	66	158	0	
145656	2	66	158	0	
145657	2	66	158	0	
145658	2	66	158	0	
145659	2	66	158	0	
145660	2	66	158	0	
145661	2	66	158	0	
145662	2	66	158	0	
145663	2	66	158	0	
145664	2	66	158	0	
145665	2	66	158	0	
145666	2	66	158	0	
145667	2	66	158	0	
145668	2	66	158	0	
145669	2	66	158	0	
145670	2	66	158	0	
145671	2	66	158	0	
145672	2	66	158	0	
145673	2	66	158	0	
145674	2	66	158	0	
145675	2	66	158	0	
145676	2	66	158	0	
145677	2	66	158	0	
145678	2	66	158	0	
145679	2	66	158	0	
145680	2	66	158	0	
145681	2	66	158	0	
145682	2	66	158	0	
145683	2	66	158	0	
145684	2	66	158	0	
145685	2	66	158	0	
145686	2	66	158	0	
145687	2	66	158	0	
145688	2	66	158	0	
145689	2	66	158	0	
145690	2	66	158	0	
145691	2	66	158	0	
145692	2	66	158	0	
145693	2	66	158	0	
145694	2	66	158	0	
145695	2	66	158	0	
145696	2	66	158	0	
145697	2	66	158	0	
145698	2	66	158	0	
145699	2	66	158	0	
145700	2	66	158	0	
145701	2	67	159	0	
145702	2	66	158	0	
145703	2	66	158	0	
145704	2	66	158	0	
145705	2	66	158	0	
145706	2	66	158	0	
145707	2	66	158	0	
145708	2	66	158	0	
145709	2	66	158	0	
145710	2	66	158	0	
145711	2	66	158	0	
145712	2	66	158	0	
145713	2	66	158	0	
145714	2	66	158	0	
145715	2	66	158	0	
145716	2	66	158	0	
145717	2	66	158	0	
145718	2	66	158	0	
145719	2	66	158	0	
145720	2	66	158	0	
145721	2	66	158	0	
145722	2	66	158	0	
145723	2	66	158	0	
145724	2	66	158	0	
145725	2	67	159	0	
145726	2	67	158	0	
145727	2	66	158	0	
145728	2	66	158	0	
145729	2	66	158	0	
145730	2	67	159	0	
145731	2	66	158	0	
145732	2	66	158	0	
145733	2	66	158	0	
145734	2	66	158	0	
145735	2	66	158	0	
145736	2	66	158	0	
145737	2	66	158	0	
145738	2	66	158	0	
145739	2	66	158	0	
145740	2	66	158	0	
145741	2	66	158	0	
145742	2	66	158	0	
145743	2	66	158	0	
145744	2	66	158	0	
145745	2	66	158	0	
145746	2	66	158	0	
145747	2	66	158	0	
145748	2	66	158	0	
145749	2	66	158	0	
145750	2	66	158	0	
145751	2	66	158	0	
145752	2	66	158	0	
145753	2	66	158	0	
145754	2	66	158	0	
145755	2	66	158	0	
145756	2	66	158	0	
145757	2	66	158	0	
145758	2	66	158	0	
145759	2	66	158	0	
145760	2	66	158	0	
145761	2	66	158	0	
145762	2	66	158	0	
145763	2	66	158	0	
145764	2	66	158	0	
145765	2	66	158	0	
145766	2	66	158	0	
145767	2	66	158	0	
145768	2	66	158	0	
145769	2	66	158	0	
145770	2	66	158	0	
145771	2	66	158	0	
145772	2	66	158	0	
145773	2	66	158	0	
145774	2	66	158	0	
145775	2	66	158	0	
145776	2	66	158	0	
145777	2	66	158	0	
145778	2	66	158	0	
145779	2	66	158	0	
145780	2	66	158	0	
145781	2	66	158	0	
145782	2	66	158	0	
145783	2	66	158	0	
145784	2	66	158	0	
145785	2	66	158	0	
145786	2	66	158	0	
145787	2	66	158	0	
145788	2	66	158	0	
145789	2	66	158	0	
145790	2	66	158	0	
145791	2	66	158	0	
145792	2	66	158	0	
145793	2	66	158	0	
145794	2	66	158	0	
145795	2	66	158	0	
145796	2	66	158	0	
145797	2	66	158	0	
145798	2	66	158	0	
145799	2	66	158	0	
145800	2	66	158	0	
145801	2	66	158	0	
145802	2	66	158	0	
145803	2	66	158	0	
145804	2	66	158	0	
145805	2	66	158	0	
145806	2	66	158	0	
145807	2	66	158	0	
145808	2	66	158	0	
145809	2	66	158	0	
145810	2	66	158	0	
145811	2	66	158	0	
145812	2	66	158	0	
145813	2	66	158	0	
145814	2	66	158	0	
145815	2	66	158	0	
145816	2	66	158	0	
145817	2	66	158	0	
145818	2	66	158	0	
145819	2	66	158	0	
145820	2	66	158	0	
145821	2	66	158	0	
145822	2	66	158	0	
145823	2	66	158	0	
145824	2	66	158	0	
145825	2	66	158	0	
145826	2	66	158	0	
145827	2	66	158	0	
145828	2	66	158	0	
145829	2	66	158	0	
145830	2	66	158	0	
145831	2	66	158	0	
145832	2	66	158	0	
145833	2	66	158	0	
145834	2	66	158	0	
145835	2	66	158	0	
145836	2	67	157	0	
145837	2	68	156	0	
145838	2	69	155	0	
145839	2	69	155	0	
145840	2	69	155	0	
145841	2	69	155	0	
145842	2	70	154	0	
145843	2	70	154	0	
145844	2	70	153	0	
145845	2	70	152	0	
145846	2	70	152	0	
145847	2	70	152	0	
145848	2	70	152	0	
145849	2	70	152	0	
145850	2	70	152	0	
145851	2	70	152	0	
145852	2	70	152	0	
145853	2	70	151	0	
145854	2	70	150	0	
145855	2	70	150	0	
145856	2	70	150	0	
145857	2	70	150	0	
145858	2	70	150	0	
145859	2	70	150	0	
145860	2	70	150	0	
145861	2	70	150	0	
145862	2	70	150	0	
145863	2	70	150	0	
145864	2	70	150	0	
145865	2	70	149	0	
145866	2	70	148	0	
145867	2	70	149	0	
145868	2	70	149	0	
145869	2	70	148	0	
145870	2	70	148	0	
145871	2	70	148	0	
145872	2	70	148	0	
145873	2	70	148	0	
145874	2	70	148	0	
145875	2	70	148	0	
145876	2	70	148	0	
145877	2	70	148	0	
145878	2	70	148	0	
145879	2	70	148	0	
145880	2	70	148	0	
145881	2	70	148	0	
145882	2	70	149	0	
145883	2	70	148	0	
145884	2	70	148	0	
145885	2	70	148	0	
145886	2	70	148	0	
145887	2	70	149	0	
145888	2	70	149	0	
145889	2	70	149	0	
145890	2	70	149	0	
145891	2	70	149	0	
145892	2	70	149	0	
145893	2	70	148	0	
145894	2	70	148	0	
145895	2	70	148	0	
145896	2	70	148	0	
145897	2	70	148	0	
145898	2	70	149	0	
145899	2	70	148	0	
145900	2	70	149	0	
145901	2	70	149	0	
145902	2	70	149	0	
145903	2	70	149	0	
145904	2	70	149	0	
145905	2	70	149	0	
145906	2	70	149	0	
145907	2	70	149	0	
145908	2	70	149	0	
145909	2	70	149	0	
145910	2	70	149	0	
145911	2	70	149	0	
145912	2	70	149	0	
145913	2	70	149	0	
145914	2	70	149	0	
145915	2	70	149	0	
145916	2	70	148	0	
145917	2	70	149	0	
145918	2	70	149	0	
145919	2	70	149	0	
145920	2	70	149	0	
145921	2	70	148	0	
145922	2	70	149	0	
145923	2	71	148	0	
145924	2	71	148	0	
145925	2	71	149	0	
145926	2	71	149	0	
145927	2	71	149	0	
145928	2	71	149	0	
145929	2	71	149	0	
145930	2	71	149	0	
145931	2	71	148	0	
145932	2	71	149	0	
145933	2	72	148	0	
145934	2	73	148	0	
145935	2	74	148	0	
145936	2	74	149	0	
145937	2	74	149	0	
145938	2	74	148	0	
145939	2	74	148	0	
145940	2	74	149	0	
145941	2	74	149	0	
145942	2	74	149	0	
145943	2	74	148	0	
145944	2	74	148	0	
145945	2	74	148	0	
145946	2	74	148	0	
145947	2	74	148	0	
145948	2	74	149	0	
145949	2	74	148	0	
145950	2	74	148	0	
145951	2	74	148	0	
145952	2	74	148	0	
145953	2	74	148	0	
145954	2	74	148	0	
145955	2	74	148	0	
145956	2	74	148	0	
145957	2	74	148	0	
145958	2	75	148	0	
145959	2	76	148	0	
145960	2	76	148	0	
145961	2	76	148	0	
145962	2	76	148	0	
145963	2	75	149	0	
145964	2	75	148	0	
145965	2	74	149	0	
145966	2	74	149	0	
145967	2	74	149	0	
145968	2	73	149	0	
145969	2	72	148	0	
145970	2	71	148	0	
145971	2	70	147	0	
145972	2	69	147	0	
145973	2	68	148	0	
145974	2	68	149	0	
145975	2	67	149	0	
145976	2	66	148	0	
145977	2	67	148	0	
145978	2	68	148	0	
145979	2	69	148	0	
145980	2	69	149	0	
145981	2	68	148	0	
145982	2	67	147	0	
145983	2	68	147	0	
145984	1	67	147	0	
145985	1	66	147	0	
145986	1	65	146	0	
145987	1	66	147	0	
145988	1	66	148	0	
145989	1	66	149	0	
145990	1	66	149	0	
145991	1	66	149	0	
145992	1	66	149	0	
145993	1	66	149	0	
145994	1	66	149	0	
145995	2	66	149	0	
145996	2	66	149	0	
145997	2	66	149	0	
145998	2	66	149	0	
145999	2	66	149	0	
