148120	222	56	164	1	
148121	222	56	164	1	
148122	222	56	164	1	
148123	222	56	164	1	
148124	222	56	164	1	
148125	223	56	163	1	
148126	224	56	162	1	
148127	224	56	161	1	
148128	224	56	160	1	
148129	224	56	159	1	
148130	224	56	158	1	
148131	224	56	158	1	
148132	224	56	158	1	
148133	224	56	158	1	
148134	224	56	158	1	
148135	224	56	158	1	
148136	224	56	158	1	
148137	224	56	158	1	
148138	224	56	158	1	
148139	224	56	158	1	
148140	224	56	158	1	
148141	224	56	158	1	
148142	224	56	158	1	
148143	224	56	158	1	
148144	224	56	158	1	
148145	224	56	158	1	
148146	224	56	158	1	
148147	224	56	158	1	
148148	224	56	158	1	
148149	224	56	158	1	
148150	224	56	158	1	
148151	224	56	158	1	
148152	224	56	158	1	
148153	224	56	158	1	
148154	224	56	158	1	
148155	224	56	158	1	
148156	224	56	158	1	
148157	224	56	158	1	
148158	224	56	158	1	
148159	224	56	158	1	
148160	224	56	158	1	
148161	224	56	158	1	
148162	224	56	158	1	
148163	224	56	158	1	
148164	224	56	158	1	
148165	224	56	158	1	
148166	224	56	158	1	
148167	224	56	158	1	
148168	224	56	158	1	
148169	224	56	158	1	
148170	224	56	158	1	
148171	224	56	158	1	
148172	224	56	158	1	
148173	224	56	158	1	
148174	224	56	158	1	
148175	224	56	158	1	
148176	224	56	158	1	
148177	224	56	158	1	
148178	224	56	158	1	
148179	224	56	158	1	
148180	224	56	158	1	
148181	224	56	158	1	
148182	224	56	158	1	
148183	224	56	158	1	
148184	224	56	158	1	
148185	224	56	158	1	
148186	224	56	158	1	
148187	224	56	158	1	
148188	224	56	158	1	
148189	224	56	158	1	
148190	224	56	158	1	
148191	224	56	158	1	
148192	224	56	158	1	
148193	224	56	158	1	
148194	223	54	160	1	
148195	224	54	159	1	
148196	224	54	158	1	
148197	224	54	158	1	
148198	224	54	158	1	
148199	224	54	158	1	
148200	224	54	158	1	
148201	224	54	158	1	
148202	224	54	158	1	
148203	224	54	158	1	
148204	223	53	160	1	
148205	223	52	162	1	
148206	224	52	161	1	
148207	224	52	160	1	
148208	224	52	159	1	
148209	223	51	161	1	
148210	223	50	162	1	
148211	223	49	163	1	
148212	223	48	164	1	
148213	223	47	165	1	
148214	223	46	166	1	
148215	223	45	167	1	
148216	223	44	168	1	
148217	223	44	169	1	
148218	223	44	170	1	
148219	224	45	168	1	
148220	224	46	167	1	
148221	224	47	166	1	
148222	224	48	165	1	
148223	224	48	164	1	
148224	224	48	163	1	
148225	224	48	162	1	
148226	224	48	161	1	
148227	224	48	160	1	
148228	224	48	159	1	
148229	224	48	158	1	
148230	224	48	158	1	
148231	224	48	158	1	
148232	224	48	158	1	
148233	224	48	158	1	
148234	224	48	158	1	
148235	224	48	158	1	
148236	223	47	160	1	
148237	224	48	159	1	
148238	224	48	158	1	
148239	224	48	158	1	
148240	224	48	158	1	
148241	223	47	160	1	
148242	224	48	159	1	
148243	224	48	158	1	
148244	224	48	158	1	
148245	224	48	158	1	
148246	224	48	158	1	
148247	224	48	158	1	
148248	224	48	158	1	
148249	226	48	158	1	
148250	228	48	158	1	
148251	229	49	157	1	
148252	230	50	156	1	
148253	230	51	155	1	
148254	231	52	154	1	
148255	231	53	153	1	
148256	232	54	152	1	
148257	233	55	151	1	
148258	232	54	154	1	
148259	231	53	156	1	
148260	230	52	158	1	
148261	230	52	158	1	
148262	230	52	158	1	
148263	230	52	158	1	
148264	230	52	158	1	
148265	230	52	158	1	
148266	230	52	158	1	
148267	229	51	160	1	
148268	228	50	162	1	
148269	227	49	163	1	
148270	226	48	164	1	
148271	225	47	165	1	
148272	225	48	164	1	
148273	224	47	165	1	
148274	223	46	166	1	
148275	223	45	167	1	
148276	223	44	168	1	
148277	224	45	167	1	
148278	224	46	166	1	
148279	224	47	165	1	
148280	224	48	164	1	
148281	224	48	163	1	
148282	224	48	162	1	
148283	224	48	161	1	
148284	224	48	160	1	
148285	224	48	159	1	
148286	224	48	158	1	
148287	224	48	158	1	
148288	224	48	158	1	
148289	224	48	158	1	
148290	224	48	158	1	
148291	224	48	158	1	
148292	224	48	158	1	
148293	224	48	158	1	
148294	224	48	158	1	
148295	224	48	158	1	
148296	224	48	158	1	
148297	224	48	158	1	
148298	224	48	158	1	
148299	224	48	158	1	
148300	224	48	158	1	
148301	224	48	158	1	
148302	224	48	158	1	
148303	224	48	158	1	
148304	224	48	158	1	
148305	224	48	158	1	
148306	224	48	158	1	
148307	224	48	158	1	
148308	224	48	158	1	
148309	224	48	158	1	
148310	224	48	158	1	
148311	224	48	158	1	
148312	224	48	158	1	
148313	224	48	158	1	
148314	224	48	158	1	
148315	224	48	158	1	
148316	224	48	158	1	
148317	224	48	158	1	
148318	224	48	158	1	
148319	224	49	159	1	
148320	224	50	160	1	
148321	224	51	160	1	
148322	224	51	159	1	
148323	224	51	158	1	
148324	224	51	158	1	
148325	224	51	158	1	
148326	224	51	158	1	
148327	224	51	158	1	
148328	224	51	158	1	
148329	224	51	158	1	
148330	224	51	158	1	
148331	224	51	158	1	
148332	224	51	158	1	
148333	224	51	158	1	
148334	224	51	158	1	
148335	224	51	158	1	
148336	224	51	158	1	
148337	224	51	158	1	
148338	224	51	158	1	
148339	224	51	158	1	
148340	224	51	158	1	
148341	224	51	158	1	
148342	224	51	158	1	
148343	224	51	158	1	
148344	224	51	158	1	
148345	224	51	158	1	
148346	224	51	158	1	
148347	224	51	158	1	
148348	224	51	158	1	
148349	224	51	158	1	
148350	224	51	158	1	
148351	224	51	158	1	
148352	223	50	160	1	
148353	224	50	159	1	
148354	224	50	158	1	
148355	224	50	158	1	
148356	224	50	158	1	
148357	224	50	158	1	
148358	224	50	158	1	
148359	224	50	158	1	
148360	224	50	158	1	
148361	224	50	158	1	
148362	223	49	160	1	
148363	224	49	159	1	
148364	224	49	158	1	
148365	223	48	160	1	
148366	223	47	162	1	
148367	223	46	163	1	
148368	224	47	162	1	
148369	224	48	161	1	
148370	224	48	160	1	
148371	224	48	159	1	
148372	224	48	158	1	
148373	224	48	158	1	
148374	224	48	158	1	
148375	224	48	158	1	
148376	224	48	158	1	
148377	224	48	158	1	
148378	224	48	158	1	
148379	224	48	158	1	
148380	224	48	158	1	
148381	224	48	158	1	
148382	224	48	158	1	
148383	224	48	158	1	
148384	224	48	158	1	
148385	224	48	158	1	
148386	224	48	158	1	
148387	224	48	158	1	
148388	224	48	158	1	
148389	224	48	158	1	
148390	224	48	158	1	
148391	224	48	158	1	
148392	224	48	158	1	
148393	224	48	158	1	
148394	224	48	158	1	
148395	224	48	158	1	
148396	224	48	158	1	
148397	224	48	158	1	
148398	224	48	158	1	
148399	223	47	160	1	
148400	223	46	162	1	
148401	223	47	161	1	
148402	223	46	162	1	
148403	223	45	163	1	
148404	223	44	164	1	
148405	223	45	163	1	
148406	223	44	164	1	
148407	223	45	164	1	
148408	223	46	164	1	
148409	223	47	164	1	
148410	223	48	164	1	
148411	223	49	164	1	
148412	223	50	164	1	
148413	223	51	164	1	
148414	223	52	164	1	
148415	223	52	164	1	
148416	223	52	164	1	
148417	223	52	164	1	
148418	223	52	164	1	
148419	223	52	164	1	
148420	223	52	164	1	
148421	223	52	164	1	
148422	223	52	164	1	
148423	223	52	164	1	
148424	223	52	164	1	
148425	223	52	164	1	
148426	223	52	164	1	
148427	223	52	164	1	
148428	223	52	164	1	
148429	223	52	164	1	
148430	223	52	164	1	
148431	223	52	164	1	
148432	223	52	164	1	
148433	223	52	164	1	
148434	223	52	164	1	
148435	223	52	164	1	
148436	223	52	164	1	
148437	224	52	163	1	
148438	224	52	162	1	
148439	224	52	161	1	
148440	224	52	160	1	
148441	224	52	159	1	
148442	224	52	158	1	
148443	224	52	158	1	
148444	224	52	158	1	
148445	224	52	158	1	
148446	224	52	158	1	
148447	224	52	158	1	
148448	224	52	158	1	
148449	224	52	158	1	
148450	224	52	158	1	
148451	224	51	159	1	
148452	224	50	160	1	
148453	224	49	160	1	
148454	224	48	160	1	
148455	224	48	159	1	
148456	224	48	158	1	
148457	224	48	158	1	
148458	224	48	158	1	
148459	224	48	158	1	
148460	224	48	158	1	
148461	224	48	158	1	
148462	224	48	158	1	
148463	224	48	158	1	
148464	223	47	160	1	
148465	223	46	162	1	
148466	223	45	163	1	
148467	223	44	164	1	
148468	223	44	165	1	
148469	223	44	166	1	
148470	223	44	167	1	
148471	224	45	166	1	
148472	224	46	165	1	
148473	224	47	164	1	
148474	224	48	163	1	
148475	224	48	162	1	
148476	224	48	161	1	
148477	224	48	160	1	
148478	224	48	159	1	
148479	224	48	158	1	
148480	224	48	158	1	
148481	224	48	158	1	
148482	224	48	158	1	
148483	224	48	158	1	
148484	224	48	158	1	
148485	224	48	158	1	
148486	224	48	158	1	
148487	224	48	158	1	
148488	224	48	158	1	
148489	224	48	158	1	
148490	224	48	158	1	
148491	224	48	158	1	
148492	224	48	158	1	
148493	224	48	158	1	
148494	224	48	158	1	
148495	224	48	158	1	
148496	224	48	158	1	
148497	224	48	158	1	
148498	224	48	158	1	
148499	224	48	158	1	
148500	224	48	158	1	
148501	224	48	158	1	
148502	224	48	158	1	
148503	224	48	158	1	
148504	224	48	158	1	
148505	224	48	158	1	
148506	224	48	158	1	
148507	224	48	158	1	
148508	224	48	158	1	
148509	224	48	158	1	
148510	224	48	158	1	
148511	224	48	158	1	
148512	224	48	158	1	
148513	224	48	158	1	
148514	224	48	158	1	
148515	224	49	159	1	
148516	224	50	160	1	
148517	224	50	159	1	
148518	224	51	160	1	
148519	224	51	159	1	
148520	224	51	158	1	
148521	224	51	158	1	
148522	224	51	158	1	
148523	224	51	158	1	
148524	224	51	158	1	
148525	224	51	158	1	
148526	224	51	158	1	
148527	224	51	158	1	
148528	223	50	160	1	
148529	223	49	162	1	
148530	223	48	163	1	
148531	223	47	164	1	
148532	223	46	165	1	
148533	223	45	166	1	
148534	223	44	167	1	
148535	224	45	166	1	
148536	224	46	165	1	
148537	224	47	164	1	
148538	224	48	163	1	
148539	224	48	162	1	
148540	224	48	161	1	
148541	224	48	160	1	
148542	224	48	159	1	
148543	224	48	158	1	
148544	224	48	158	1	
148545	224	48	158	1	
148546	224	48	158	1	
148547	224	48	158	1	
148548	224	48	158	1	
148549	224	48	158	1	
148550	224	48	158	1	
148551	223	47	160	1	
148552	223	46	162	1	
148553	223	45	163	1	
148554	223	44	164	1	
148555	223	44	165	1	
148556	224	45	164	1	
148557	223	44	165	1	
148558	223	44	166	1	
148559	223	44	167	1	
148560	224	45	166	1	
148561	223	44	167	1	
148562	224	45	166	1	
148563	224	46	165	1	
148564	224	47	164	1	
148565	224	48	163	1	
148566	224	48	162	1	
148567	224	48	161	1	
148568	224	48	160	1	
148569	224	48	159	1	
148570	224	48	158	1	
148571	224	48	158	1	
148572	224	48	158	1	
148573	223	47	160	1	
148574	223	46	162	1	
148575	223	45	163	1	
148576	223	44	164	1	
148577	223	44	165	1	
148578	223	44	166	1	
148579	223	44	167	1	
148580	223	44	168	1	
148581	224	45	167	1	
148582	224	46	166	1	
148583	224	47	165	1	
148584	224	48	164	1	
148585	224	48	163	1	
148586	224	48	162	1	
148587	224	48	161	1	
148588	224	48	160	1	
148589	224	48	159	1	
148590	224	48	158	1	
148591	224	48	158	1	
148592	224	48	158	1	
148593	224	48	158	1	
148594	224	48	158	1	
148595	224	48	158	1	
148596	224	48	158	1	
148597	224	48	158	1	
148598	224	48	158	1	
148599	224	48	158	1	
148600	224	48	158	1	
148601	224	48	158	1	
148602	224	48	158	1	
148603	224	48	158	1	
148604	224	48	158	1	
148605	224	48	158	1	
148606	224	48	158	1	
148607	224	48	158	1	
148608	223	47	160	1	
148609	223	46	162	1	
148610	223	45	163	1	
148611	223	44	164	1	
148612	223	44	165	1	
148613	223	44	166	1	
148614	223	44	167	1	
148615	223	44	168	1	
148616	223	44	169	1	
148617	223	44	170	1	
148618	223	44	171	1	
148619	223	44	172	1	
148620	223	44	172	1	
148621	223	44	172	1	
148622	223	44	172	1	
148623	223	44	172	1	
148624	223	44	172	1	
148625	223	44	172	1	
148626	223	44	172	1	
148627	223	44	172	1	
148628	223	44	172	1	
148629	223	44	172	1	
148630	223	44	172	1	
148631	223	44	172	1	
148632	223	44	172	1	
148633	223	44	172	1	
148634	223	44	172	1	
148635	223	44	172	1	
148636	226	45	170	1	
148637	228	46	168	1	
148638	227	45	169	1	
148639	226	44	170	1	
148640	225	44	171	1	
148641	224	44	172	1	
148642	223	44	172	1	
148643	223	44	172	1	
148644	223	44	172	1	
148645	223	44	172	1	
148646	223	44	172	1	
148647	223	44	172	1	
148648	223	44	172	1	
148649	223	44	172	1	
148650	223	44	172	1	
148651	223	44	172	1	
148652	223	44	172	1	
148653	223	44	172	1	
148654	223	44	172	1	
148655	223	44	172	1	
148656	223	44	172	1	
148657	223	44	172	1	
148658	223	44	172	1	
148659	223	44	172	1	
148660	223	44	172	1	
148661	223	44	172	1	
148662	224	45	170	1	
148663	224	46	168	1	
148664	224	47	167	1	
148665	224	48	166	1	
148666	224	48	165	1	
148667	224	48	164	1	
148668	224	48	163	1	
148669	224	48	162	1	
148670	223	47	163	1	
148671	223	46	164	1	
148672	223	45	165	1	
148673	223	44	166	1	
148674	223	44	167	1	
148675	223	44	168	1	
148676	223	44	169	1	
148677	223	44	170	1	
148678	223	44	171	1	
148679	223	44	172	1	
148680	223	44	172	1	
148681	223	44	172	1	
148682	223	44	172	1	
148683	223	44	172	1	
148684	223	44	172	1	
148685	223	44	172	1	
148686	224	45	170	1	
148687	224	46	168	1	
148688	224	47	167	1	
148689	224	48	166	1	
148690	224	48	165	1	
148691	224	48	164	1	
148692	224	48	163	1	
148693	224	48	162	1	
148694	224	48	161	1	
148695	224	48	160	1	
148696	224	48	159	1	
148697	224	48	158	1	
148698	223	47	160	1	
148699	224	48	159	1	
148700	224	48	158	1	
148701	223	47	160	1	
148702	223	48	159	1	
148703	223	48	158	1	
148704	223	48	158	1	
148705	223	48	158	1	
148706	223	48	158	1	
148707	223	48	158	1	
148708	223	48	158	1	
148709	223	48	158	1	
148710	223	48	158	1	
148711	223	48	158	1	
148712	223	48	158	1	
148713	223	48	158	1	
148714	223	48	158	1	
148715	223	48	158	1	
148716	223	48	158	1	
148717	223	48	158	1	
148718	224	48	158	1	
148719	224	48	158	1	
148720	224	48	158	1	
148721	224	48	158	1	
148722	224	48	158	1	
148723	224	48	158	1	
148724	224	48	158	1	
148725	224	48	158	1	
148726	224	48	158	1	
148727	224	48	158	1	
148728	224	48	158	1	
148729	224	48	158	1	
148730	224	48	158	1	
148731	224	48	158	1	
148732	224	48	158	1	
148733	224	48	158	1	
148734	224	48	158	1	
148735	224	48	158	1	
148736	224	48	158	1	
148737	224	48	158	1	
148738	224	48	158	1	
148739	224	48	158	1	
148740	224	48	158	1	
148741	224	48	158	1	
148742	224	48	158	1	
148743	224	48	158	1	
148744	224	48	158	1	
148745	224	48	158	1	
148746	224	48	158	1	
148747	224	48	158	1	
148748	224	48	158	1	
148749	224	48	158	1	
148750	224	48	158	1	
148751	224	48	158	1	
148752	224	48	158	1	
148753	224	48	158	1	
148754	224	48	158	1	
148755	224	48	158	1	
148756	224	48	158	1	
148757	224	48	158	1	
148758	224	48	158	1	
148759	224	48	158	1	
148760	224	48	158	1	
148761	224	48	158	1	
148762	224	48	158	1	
148763	224	48	158	1	
148764	224	48	158	1	
148765	224	48	158	1	
148766	224	48	158	1	
148767	224	48	158	1	
148768	224	48	158	1	
148769	224	48	158	1	
148770	224	48	158	1	
148771	224	48	158	1	
148772	224	48	158	1	
148773	224	48	158	1	
148774	224	48	158	1	
148775	224	48	158	1	
148776	224	48	158	1	
148777	224	48	158	1	
148778	224	48	158	1	
148779	224	48	158	1	
148780	224	48	158	1	
148781	224	48	158	1	
148782	224	48	158	1	
148783	224	48	158	1	
148784	224	48	158	1	
148785	224	48	158	1	
148786	224	48	158	1	
148787	224	48	158	1	
148788	224	48	158	1	
148789	224	48	158	1	
148790	224	48	158	1	
148791	224	48	158	1	
148792	224	48	158	1	
148793	224	48	158	1	
148794	224	48	158	1	
148795	224	48	158	1	
148796	224	48	158	1	
148797	224	48	158	1	
148798	224	48	158	1	
148799	224	48	158	1	
148800	224	48	158	1	
148801	224	48	158	1	
148802	224	48	158	1	
148803	224	48	158	1	
148804	224	48	158	1	
148805	224	48	158	1	
148806	224	48	158	1	
148807	224	48	158	1	
148808	224	48	158	1	
148809	224	48	158	1	
148810	224	48	158	1	
148811	224	48	158	1	
148812	224	48	158	1	
148813	224	48	158	1	
148814	224	48	158	1	
148815	224	48	158	1	
148816	224	48	158	1	
148817	224	48	158	1	
148818	224	48	158	1	
148819	224	48	158	1	
148820	224	48	158	1	
148821	224	48	158	1	
148822	224	48	158	1	
148823	223	47	160	1	
148824	224	48	159	1	
148825	224	48	158	1	
148826	224	48	158	1	
148827	224	48	159	1	
148828	224	48	160	1	
148829	224	48	160	1	
148830	224	48	160	1	
148831	224	48	159	1	
148832	224	48	158	1	
148833	224	48	158	1	
148834	224	48	158	1	
148835	224	48	158	1	
148836	224	48	158	1	
148837	224	48	158	1	
148838	224	48	158	1	
148839	224	48	158	1	
148840	223	47	160	1	
148841	223	46	162	1	
148842	223	45	163	1	
148843	223	44	164	1	
148844	223	44	165	1	
148845	223	44	166	1	
148846	223	44	166	1	
148847	223	44	166	1	
148848	223	44	166	1	
148849	223	44	167	1	
148850	223	44	168	1	
148851	223	44	169	1	
148852	223	44	170	1	
148853	223	44	171	1	
148854	223	44	172	1	
148855	223	44	172	1	
148856	223	44	172	1	
148857	223	44	172	1	
148858	223	44	172	1	
148859	223	44	172	1	
148860	223	44	172	1	
148861	223	44	172	1	
148862	223	44	172	1	
148863	223	44	172	1	
148864	223	44	172	1	
148865	223	44	172	1	
148866	223	44	172	1	
148867	223	44	172	1	
148868	223	44	172	1	
148869	223	44	172	1	
148870	223	44	172	1	
148871	224	45	170	1	
148872	224	46	168	1	
148873	225	46	166	1	
148874	226	46	164	1	
148875	223	45	165	1	
148876	221	44	166	1	
148877	219	44	167	1	
148878	217	44	168	1	
148879	216	43	168	1	
148880	215	42	168	1	
148881	213	42	169	1	
148882	212	42	170	1	
148883	211	42	171	1	
148884	210	42	172	1	
148885	209	42	172	1	
148886	208	42	172	1	
148887	207	42	172	1	
148888	206	42	172	1	
148889	205	42	172	1	
148890	204	42	172	1	
148891	203	42	172	1	
148892	203	42	172	1	
148893	203	42	172	1	
148894	203	42	172	1	
148895	205	43	170	1	
148896	207	42	169	1	
148897	209	43	167	1	
148898	210	44	166	1	
148899	211	44	167	1	
148900	212	45	166	1	
148901	213	46	165	1	
148902	214	45	166	1	
148903	214	44	167	1	
148904	214	44	168	1	
148905	214	44	169	1	
148906	217	45	167	1	
148907	217	44	168	1	
148908	217	44	169	1	
148909	217	44	170	1	
148910	217	44	171	1	
148911	217	44	172	1	
148912	217	44	172	1	
148913	217	44	172	1	
148914	217	44	172	1	
148915	217	44	172	1	
148916	217	44	172	1	
148917	217	44	172	1	
148918	217	44	172	1	
148919	217	44	172	1	
148920	217	44	172	1	
148921	217	44	172	1	
148922	217	44	172	1	
148923	217	44	172	1	
148924	217	44	172	1	
148925	217	44	172	1	
148926	217	44	172	1	
148927	217	44	172	1	
148928	217	44	172	1	
148929	217	44	172	1	
148930	217	44	172	1	
148931	217	44	172	1	
148932	217	44	172	1	
148933	217	44	172	1	
148934	217	44	172	1	
148935	217	44	172	1	
148936	217	44	172	1	
148937	217	44	172	1	
148938	217	44	172	1	
148939	217	44	172	1	
148940	217	44	172	1	
148941	217	44	172	1	
148942	217	44	172	1	
148943	217	44	172	1	
148944	217	44	172	1	
148945	217	44	172	1	
148946	217	44	172	1	
148947	217	44	172	1	
148948	217	44	172	1	
148949	217	44	172	1	
148950	217	44	172	1	
148951	217	44	172	1	
148952	217	44	172	1	
148953	217	44	172	1	
148954	217	44	172	1	
148955	217	44	172	1	
148956	217	44	172	1	
148957	217	44	172	1	
148958	217	44	172	1	
148959	217	44	172	1	
148960	217	44	172	1	
148961	217	44	172	1	
148962	217	44	172	1	
148963	218	45	170	1	
148964	219	46	168	1	
148965	219	45	169	1	
148966	219	44	170	1	
148967	219	44	171	1	
148968	219	44	172	1	
148969	219	44	172	1	
148970	219	44	172	1	
148971	219	44	172	1	
148972	219	44	172	1	
148973	219	44	172	1	
148974	219	44	172	1	
148975	219	44	172	1	
148976	219	44	172	1	
148977	219	44	172	1	
148978	219	44	172	1	
148979	219	44	172	1	
148980	219	44	172	1	
148981	220	45	170	1	
148982	220	44	171	1	
148983	220	44	172	1	
148984	220	44	172	1	
148985	220	44	172	1	
148986	220	44	172	1	
148987	220	44	172	1	
148988	220	44	172	1	
148989	220	44	172	1	
148990	222	45	170	1	
148991	222	44	171	1	
148992	222	44	172	1	
148993	225	45	170	1	
148994	227	46	168	1	
148995	229	47	167	1	
148996	231	48	166	1	
148997	231	49	164	1	
148998	231	50	162	1	
148999	231	51	160	1	
149000	233	51	159	1	
149001	235	51	158	1	
149002	236	51	158	1	
149003	237	51	158	1	
149004	238	51	158	1	
149005	239	51	158	1	
149006	240	51	158	1	
149007	239	52	157	1	
149008	240	52	157	1	
149009	239	53	156	1	
149010	238	53	155	1	
149011	238	53	154	1	
149012	236	52	156	1	
149013	235	52	156	1	
149014	234	52	156	1	
149015	234	52	156	1	
149016	233	52	156	1	
149017	232	52	156	1	
149018	232	52	156	1	
149019	232	52	156	1	
149020	231	52	156	1	
149021	230	52	156	1	
149022	230	53	155	1	
149023	230	53	154	1	
149024	230	53	153	1	
149025	230	53	152	1	
149026	230	53	151	1	
149027	230	53	151	1	
149028	230	53	151	1	
149029	230	53	151	1	
149030	230	53	151	1	
149031	230	53	151	1	
149032	230	53	151	1	
149033	230	53	151	1	
149034	230	53	151	1	
149035	230	53	151	1	
149036	230	53	151	1	
149037	230	53	151	1	
149038	230	53	151	1	
149039	230	53	151	1	
149040	230	53	151	1	
149041	230	53	151	1	
149042	230	53	151	1	
149043	230	53	151	1	
149044	230	53	151	1	
149045	230	53	151	1	
149046	230	53	151	1	
149047	230	53	151	1	
149048	230	53	151	1	
149049	230	53	151	1	
149050	230	53	151	1	
149051	230	53	151	1	
149052	230	53	151	1	
149053	230	53	151	1	
149054	230	53	151	1	
149055	230	53	151	1	
149056	230	53	151	1	
149057	230	53	151	1	
149058	230	53	151	1	
149059	230	53	151	1	
149060	229	53	151	1	
149061	228	53	151	1	
149062	228	53	151	1	
149063	228	53	151	1	
149064	228	53	151	1	
149065	228	53	151	1	
149066	228	53	151	1	
149067	228	53	151	1	
149068	228	53	151	1	
149069	228	53	151	1	
149070	228	53	151	1	
149071	228	53	151	1	
149072	228	53	151	1	
149073	228	53	151	1	
149074	228	53	151	1	
149075	228	53	151	1	
149076	228	53	151	1	
149077	228	53	151	1	
149078	228	53	151	1	
149079	228	53	151	1	
149080	228	53	151	1	
149081	228	53	151	1	
149082	228	53	151	1	
149083	228	53	151	1	
149084	228	53	151	1	
149085	228	53	151	1	
149086	228	53	151	1	
149087	228	53	151	1	
149088	228	53	151	1	
149089	228	53	151	1	
149090	228	53	151	1	
149091	228	53	151	1	
149092	228	53	151	1	
149093	228	53	151	1	
149094	228	53	151	1	
149095	228	53	151	1	
149096	228	53	151	1	
149097	228	53	151	1	
149098	228	53	151	1	
149099	228	53	151	1	
149100	228	53	151	1	
149101	228	53	151	1	
149102	228	53	151	1	
149103	228	53	151	1	
149104	228	53	151	1	
149105	228	53	151	1	
149106	228	53	151	1	
149107	228	53	151	1	
149108	228	53	151	1	
149109	228	53	151	1	
149110	228	53	151	1	
149111	228	53	151	1	
149112	228	53	151	1	
149113	228	53	151	1	
149114	228	53	151	1	
149115	228	53	151	1	
149116	228	53	151	1	
149117	227	52	154	1	
149118	227	52	154	1	
149119	227	52	154	1	
149120	227	52	154	1	
149121	227	52	154	1	
149122	227	52	154	1	
149123	227	52	154	1	
149124	227	52	154	1	
149125	227	52	154	1	
149126	227	52	154	1	
149127	227	52	154	1	
149128	227	52	154	1	
149129	227	52	154	1	
149130	227	52	154	1	
149131	227	52	154	1	
149132	227	52	154	1	
149133	227	52	154	1	
149134	227	52	154	1	
149135	227	52	154	1	
149136	227	52	154	1	
149137	226	51	156	1	
149138	226	51	156	1	
149139	225	50	158	1	
149140	224	49	160	1	
149141	223	48	162	1	
149142	223	48	161	1	
149143	223	48	160	1	
149144	223	48	159	1	
149145	223	47	161	1	
149146	223	46	162	1	
149147	223	47	161	1	
149148	223	48	160	1	
149149	223	48	159	1	
149150	223	48	158	1	
149151	223	48	158	1	
149152	223	48	158	1	
149153	223	48	158	1	
149154	223	47	160	1	
149155	223	46	162	1	
149156	223	45	163	1	
149157	223	44	164	1	
149158	223	44	165	1	
149159	223	44	166	1	
149160	223	44	167	1	
149161	223	44	168	1	
149162	223	44	169	1	
149163	223	44	170	1	
149164	223	44	171	1	
149165	225	45	169	1	
149166	227	46	167	1	
149167	226	45	168	1	
149168	225	44	169	1	
149169	227	45	167	1	
149170	228	46	166	1	
149171	229	47	165	1	
149172	230	48	164	1	
149173	231	48	163	1	
149174	232	48	162	1	
149175	233	48	161	1	
149176	234	48	160	1	
149177	235	48	159	1	
149178	236	48	158	1	
149179	236	48	158	1	
149180	235	48	158	1	
149181	236	48	158	1	
149182	234	47	160	1	
149183	233	48	159	1	
149184	232	48	158	1	
149185	231	48	158	1	
149186	230	48	158	1	
149187	229	48	158	1	
149188	228	48	158	1	
149189	228	48	158	1	
149190	228	48	158	1	
149191	228	48	158	1	
149192	228	48	158	1	
149193	227	47	160	1	
149194	226	46	162	1	
149195	225	45	163	1	
149196	224	44	164	1	
149197	223	44	165	1	
149198	223	44	166	1	
149199	223	44	167	1	
149200	223	44	168	1	
149201	223	44	169	1	
149202	223	44	170	1	
149203	223	44	171	1	
149204	223	44	172	1	
149205	223	44	172	1	
149206	223	44	172	1	
149207	223	44	172	1	
149208	223	44	172	1	
149209	223	44	172	1	
149210	223	44	172	1	
149211	223	44	172	1	
149212	223	44	172	1	
149213	223	44	172	1	
149214	223	44	172	1	
149215	223	44	172	1	
149216	223	44	172	1	
149217	223	44	172	1	
149218	223	44	172	1	
149219	223	44	172	1	
149220	223	44	172	1	
149221	224	45	170	1	
149222	224	46	168	1	
149223	224	47	167	1	
149224	224	48	166	1	
149225	224	48	165	1	
149226	224	48	164	1	
149227	224	48	163	1	
149228	224	48	162	1	
149229	224	48	161	1	
149230	224	48	160	1	
149231	224	48	159	1	
149232	224	48	158	1	
149233	224	48	158	1	
149234	224	48	158	1	
149235	224	48	158	1	
149236	224	48	158	1	
149237	224	48	158	1	
149238	224	48	158	1	
149239	224	48	158	1	
149240	223	47	160	1	
149241	223	46	162	1	
149242	223	45	163	1	
149243	223	44	164	1	
149244	223	44	165	1	
149245	223	44	166	1	
149246	223	44	167	1	
149247	223	44	168	1	
149248	223	44	169	1	
149249	223	44	170	1	
149250	223	44	171	1	
149251	223	44	172	1	
149252	223	44	172	1	
149253	223	44	172	1	
149254	223	44	172	1	
149255	223	44	172	1	
149256	223	44	172	1	
149257	223	44	172	1	
149258	223	44	172	1	
149259	223	44	172	1	
149260	225	45	170	1	
149261	224	44	171	1	
149262	223	44	172	1	
149263	223	44	172	1	
149264	223	44	172	1	
149265	223	44	172	1	
149266	223	44	172	1	
149267	223	44	172	1	
149268	223	44	172	1	
149269	223	44	172	1	
149270	223	44	172	1	
149271	223	44	172	1	
149272	223	44	172	1	
149273	223	44	172	1	
149274	223	44	172	1	
149275	223	44	172	1	
149276	223	44	172	1	
149277	223	44	172	1	
149278	223	44	172	1	
149279	223	44	172	1	
149280	223	44	172	1	
149281	223	44	172	1	
149282	223	44	172	1	
149283	223	44	172	1	
149284	223	44	172	1	
149285	223	44	172	1	
149286	223	44	172	1	
149287	223	44	172	1	
149288	223	44	172	1	
149289	223	44	172	1	
149290	223	44	172	1	
149291	223	44	172	1	
149292	226	45	170	1	
149293	228	46	168	1	
149294	229	47	167	1	
149295	230	48	166	1	
149296	231	48	165	1	
149297	232	48	164	1	
149298	233	48	163	1	
149299	234	48	162	1	
149300	235	48	161	1	
149301	236	48	160	1	
149302	236	48	159	1	
149303	236	48	158	1	
149304	236	48	158	1	
149305	236	48	158	1	
149306	236	48	158	1	
149307	236	48	158	1	
149308	236	48	158	1	
149309	236	48	158	1	
149310	236	48	158	1	
149311	236	48	158	1	
149312	236	48	158	1	
149313	236	48	158	1	
149314	236	48	158	1	
149315	236	48	158	1	
149316	236	48	158	1	
149317	236	48	158	1	
149318	234	47	160	1	
149319	235	48	159	1	
149320	233	47	161	1	
149321	232	46	162	1	
149322	231	45	163	1	
149323	230	44	164	1	
149324	229	44	165	1	
149325	228	44	166	1	
149326	227	44	167	1	
149327	226	44	168	1	
149328	225	44	169	1	
149329	224	44	170	1	
149330	223	44	171	1	
149331	223	44	172	1	
149332	223	44	172	1	
149333	223	44	172	1	
149334	223	44	172	1	
149335	223	44	172	1	
149336	223	44	172	1	
149337	223	44	172	1	
149338	223	44	172	1	
149339	223	44	172	1	
149340	223	44	172	1	
149341	223	44	172	1	
149342	223	44	172	1	
149343	223	44	172	1	
149344	223	44	172	1	
149345	223	44	172	1	
149346	223	44	172	1	
149347	223	44	172	1	
149348	223	44	172	1	
149349	226	45	170	1	
149350	228	46	168	1	
149351	230	47	167	1	
149352	232	48	166	1	
149353	231	47	167	1	
149354	230	46	168	1	
149355	229	45	169	1	
149356	228	44	170	1	
149357	227	44	171	1	
149358	226	44	172	1	
149359	225	44	172	1	
149360	224	44	172	1	
149361	223	44	172	1	
149362	223	44	172	1	
149363	223	44	172	1	
149364	223	44	172	1	
149365	223	44	172	1	
149366	223	44	172	1	
149367	223	44	172	1	
149368	223	44	172	1	
149369	223	44	172	1	
149370	223	44	172	1	
149371	223	44	172	1	
149372	223	44	172	1	
149373	223	44	172	1	
149374	223	44	172	1	
149375	223	44	172	1	
149376	223	44	172	1	
149377	223	44	172	1	
149378	223	44	172	1	
149379	223	44	172	1	
149380	223	44	172	1	
149381	223	44	172	1	
149382	223	44	172	1	
149383	223	44	172	1	
149384	225	45	170	1	
149385	224	44	171	1	
149386	223	44	172	1	
149387	223	44	172	1	
149388	223	44	172	1	
149389	223	44	172	1	
149390	223	44	172	1	
149391	223	44	172	1	
149392	223	44	172	1	
149393	223	44	172	1	
149394	223	44	172	1	
149395	223	44	172	1	
149396	223	44	172	1	
149397	223	44	172	1	
149398	223	44	172	1	
149399	223	44	172	1	
149400	223	44	172	1	
149401	223	44	172	1	
149402	223	44	172	1	
149403	223	44	172	1	
149404	223	44	172	1	
149405	223	44	172	1	
149406	223	44	172	1	
149407	223	44	172	1	
149408	223	44	172	1	
149409	223	44	172	1	
149410	223	44	172	1	
149411	223	44	172	1	
149412	223	44	172	1	
149413	223	44	172	1	
149414	223	44	172	1	
149415	223	44	172	1	
149416	223	44	172	1	
149417	223	44	172	1	
149418	223	44	172	1	
149419	223	44	172	1	
149420	223	44	172	1	
149421	223	44	172	1	
149422	223	44	172	1	
149423	223	44	172	1	
149424	223	44	172	1	
149425	223	44	172	1	
149426	223	44	172	1	
149427	223	44	172	1	
149428	223	44	172	1	
149429	223	44	172	1	
149430	223	44	172	1	
149431	223	44	172	1	
149432	223	44	172	1	
149433	223	44	172	1	
149434	223	44	172	1	
149435	223	44	172	1	
149436	223	44	172	1	
149437	223	44	172	1	
149438	223	44	172	1	
149439	223	44	172	1	
149440	223	44	172	1	
149441	223	44	172	1	
149442	223	44	172	1	
149443	223	44	172	1	
149444	223	44	172	1	
149445	223	44	172	1	
149446	223	44	172	1	
149447	223	44	172	1	
149448	223	44	172	1	
149449	223	44	172	1	
149450	223	44	172	1	
149451	223	44	172	1	
149452	223	44	172	1	
149453	223	44	172	1	
149454	223	44	172	1	
149455	223	44	172	1	
149456	223	44	172	1	
149457	223	44	172	1	
149458	223	44	172	1	
149459	223	44	172	1	
149460	223	44	172	1	
149461	223	44	172	1	
149462	223	44	172	1	
149463	223	44	172	1	
149464	223	44	172	1	
149465	223	44	172	1	
149466	223	44	172	1	
149467	223	44	172	1	
149468	223	44	172	1	
149469	223	44	172	1	
149470	223	44	172	1	
149471	223	44	172	1	
149472	223	44	172	1	
149473	223	44	172	1	
149474	223	44	172	1	
149475	223	44	172	1	
149476	223	44	172	1	
149477	223	44	172	1	
149478	223	44	172	1	
149479	223	44	172	1	
149480	223	44	172	1	
149481	223	44	172	1	
149482	223	44	172	1	
149483	223	44	172	1	
149484	223	44	172	1	
149485	223	44	172	1	
149486	223	44	172	1	
149487	223	44	172	1	
149488	223	44	172	1	
149489	223	44	172	1	
149490	223	44	172	1	
149491	223	44	172	1	
149492	223	44	172	1	
149493	223	44	172	1	
149494	223	44	172	1	
149495	223	44	172	1	
149496	223	44	172	1	
149497	223	44	172	1	
149498	223	44	172	1	
149499	223	44	172	1	
149500	223	44	172	1	
149501	223	44	172	1	
149502	223	44	172	1	
149503	223	44	172	1	
149504	223	44	172	1	
149505	223	44	172	1	
149506	223	44	172	1	
149507	223	44	172	1	
149508	223	44	172	1	
149509	223	44	172	1	
149510	223	44	172	1	
149511	223	44	172	1	
149512	223	44	172	1	
149513	223	44	172	1	
149514	223	44	172	1	
149515	223	44	172	1	
149516	223	44	172	1	
149517	223	44	172	1	
149518	223	44	172	1	
149519	223	44	172	1	
149520	223	44	172	1	
149521	223	44	172	1	
149522	223	44	172	1	
149523	223	44	172	1	
149524	223	44	172	1	
149525	223	44	172	1	
149526	223	44	172	1	
149527	223	44	172	1	
149528	223	44	172	1	
149529	223	44	172	1	
149530	223	44	172	1	
149531	223	44	172	1	
149532	223	44	172	1	
149533	223	44	172	1	
149534	223	44	172	1	
149535	223	44	172	1	
149536	223	44	172	1	
149537	223	44	172	1	
149538	223	44	172	1	
149539	223	44	172	1	
