27233	490	57	143	0	
27234	490	57	143	0	
27235	490	57	143	0	
27236	489	56	143	0	
27237	489	56	143	0	
27238	489	56	143	0	
27239	490	57	142	0	
27240	491	58	141	0	
27241	492	59	140	0	
27242	493	60	139	0	
27243	494	61	138	0	
27244	495	62	138	0	
27245	496	63	138	0	
27246	498	65	137	0	
27247	498	66	137	0	
27248	498	66	137	0	
27249	498	66	137	0	
27250	498	66	137	0	
27251	497	65	137	0	
27252	498	66	137	0	
27253	498	65	136	0	
27254	498	66	136	0	
27255	497	65	136	0	
27256	497	65	135	0	
27257	496	65	134	0	
27258	496	65	133	0	
27259	496	65	132	0	
27260	496	65	131	0	
27261	496	65	130	0	
27262	496	65	129	0	
27263	495	65	128	0	
27264	494	64	130	0	
27265	494	63	131	0	
27266	494	62	132	0	
27267	494	62	133	0	
27268	494	62	134	0	
27269	493	61	134	0	
27270	493	61	133	0	
27271	493	61	132	0	
27272	493	61	131	0	
27273	493	61	132	0	
27274	493	61	133	0	
27275	493	61	134	0	
27276	493	61	135	0	
27277	493	61	136	0	
27278	492	60	136	0	
27279	492	59	136	0	
27280	492	59	137	0	
27281	492	59	138	0	
27282	491	58	138	0	
27283	491	58	138	0	
27284	491	58	138	0	
27285	491	58	138	0	
27286	490	57	138	0	
27287	490	57	137	0	
27288	489	56	136	0	
27289	489	56	137	0	
27290	488	55	137	0	
27291	488	54	137	0	
27292	488	53	137	0	
27293	487	52	137	0	
27294	486	51	137	0	
27295	485	51	137	0	
27296	484	51	137	0	
27297	483	50	137	0	
27298	482	50	137	0	
27299	482	50	136	0	
27300	481	49	136	0	
27301	480	49	136	0	
27302	480	49	135	0	
27303	479	48	135	0	
27304	478	47	135	0	
27305	478	47	134	0	
27306	477	47	134	0	
27307	478	48	135	0	
27308	479	49	136	0	
27309	480	50	137	0	
27310	481	51	138	0	
27311	482	52	138	0	
27312	483	53	138	0	
27313	484	53	138	0	
27314	485	53	138	0	
27315	486	53	138	0	
27316	486	53	138	0	
27317	486	53	138	0	
27318	486	53	138	0	
27319	486	53	138	0	
27320	486	53	138	0	
27321	486	53	138	0	
27322	486	53	138	0	
27323	485	52	138	0	
27324	484	52	137	0	
27325	483	51	137	0	
27326	482	50	137	0	
27327	481	49	137	0	
27328	480	49	136	0	
27329	479	48	136	0	
27330	478	47	136	0	
27331	478	46	136	0	
27332	478	46	136	0	
27333	477	45	136	0	
27334	476	45	136	0	
27335	475	45	135	0	
27336	475	44	135	0	
27337	474	44	134	0	
27338	473	43	133	0	
27339	472	42	133	0	
27340	474	44	134	0	
27341	473	43	134	0	
27342	475	44	135	0	
27343	474	43	135	0	
27344	474	43	134	0	
27345	474	43	133	0	
27346	474	43	132	0	
27347	474	42	132	0	
27348	476	44	133	0	
27349	477	45	134	0	
27350	478	46	135	0	
27351	479	47	136	0	
27352	480	48	137	0	
27353	481	49	138	0	
27354	482	50	138	0	
27355	483	51	138	0	
27356	484	52	138	0	
27357	483	51	138	0	
27358	484	52	138	0	
27359	485	53	138	0	
27360	484	53	138	0	
27361	485	53	138	0	
27362	484	52	138	0	
27363	485	53	138	0	
27364	484	52	138	0	
27365	485	53	138	0	
27366	484	52	138	0	
27367	483	51	138	0	
27368	483	51	137	0	
27369	483	51	136	0	
27370	482	51	135	0	
27371	482	50	134	0	
27372	481	50	134	0	
27373	480	49	133	0	
27374	480	48	132	0	
27375	479	48	132	0	
27376	478	48	131	0	
27377	478	47	130	0	
27378	477	46	129	0	
27379	478	47	130	0	
27380	477	46	130	0	
27381	476	46	130	0	
27382	477	47	131	0	
27383	476	46	131	0	
27384	477	47	132	0	
27385	478	48	133	0	
27386	479	49	134	0	
27387	480	50	135	0	
27388	481	51	136	0	
27389	482	52	137	0	
27390	481	51	137	0	
27391	481	50	137	0	
27392	481	49	137	0	
27393	482	50	138	0	
27394	483	51	138	0	
27395	484	52	138	0	
27396	485	53	138	0	
27397	486	53	138	0	
27398	486	53	138	0	
27399	485	52	138	0	
27400	486	53	138	0	
27401	486	53	138	0	
27402	485	52	138	0	
27403	485	52	137	0	
27404	486	53	138	0	
27405	486	53	138	0	
27406	486	53	138	0	
27407	486	53	138	0	
27408	486	53	138	0	
27409	486	53	138	0	
27410	486	53	138	0	
27411	485	52	138	0	
27412	485	51	137	0	
27413	486	52	138	0	
27414	486	51	138	0	
27415	486	52	138	0	
27416	486	53	138	0	
27417	486	53	138	0	
27418	486	53	138	0	
27419	486	53	138	0	
27420	486	53	138	0	
27421	486	53	138	0	
27422	486	53	138	0	
27423	486	52	138	0	
27424	486	53	138	0	
27425	486	52	138	0	
27426	486	53	138	0	
27427	486	53	138	0	
27428	486	53	138	0	
27429	486	53	138	0	
27430	486	53	138	0	
27431	486	53	138	0	
27432	486	53	138	0	
27433	486	53	138	0	
27434	486	53	138	0	
27435	486	53	138	0	
27436	485	52	138	0	
27437	486	53	138	0	
27438	486	53	138	0	
27439	486	53	138	0	
27440	486	53	138	0	
27441	486	53	138	0	
27442	486	53	138	0	
27443	486	53	138	0	
27444	486	53	138	0	
27445	486	53	138	0	
27446	486	53	138	0	
27447	485	52	138	0	
27448	484	51	138	0	
27449	483	50	138	0	
27450	482	49	138	0	
27451	483	50	138	0	
27452	484	51	138	0	
27453	485	52	138	0	
27454	486	53	138	0	
27455	486	53	138	0	
27456	486	53	138	0	
27457	486	53	138	0	
27458	486	53	138	0	
27459	486	53	138	0	
27460	486	53	138	0	
27461	486	53	138	0	
27462	486	53	138	0	
27463	486	53	138	0	
27464	486	53	138	0	
27465	486	53	138	0	
27466	486	53	138	0	
27467	486	53	138	0	
27468	486	53	138	0	
27469	486	53	138	0	
27470	486	53	138	0	
27471	486	53	138	0	
27472	486	53	138	0	
27473	486	53	138	0	
27474	486	53	138	0	
27475	486	53	138	0	
27476	486	53	138	0	
27477	486	53	138	0	
27478	486	53	138	0	
27479	486	53	138	0	
27480	486	53	138	0	
27481	486	53	138	0	
27482	486	53	138	0	
27483	486	53	138	0	
27484	486	53	138	0	
27485	486	53	138	0	
27486	486	53	138	0	
27487	486	53	138	0	
27488	486	53	138	0	
27489	486	53	138	0	
27490	486	53	138	0	
27491	486	53	138	0	
27492	486	53	138	0	
27493	486	53	138	0	
27494	486	53	138	0	
27495	486	53	138	0	
27496	486	53	138	0	
27497	486	53	138	0	
27498	486	53	138	0	
27499	486	53	138	0	
27500	486	53	138	0	
27501	486	53	138	0	
27502	486	53	138	0	
27503	486	53	138	0	
27504	486	53	138	0	
27505	486	53	138	0	
27506	486	53	138	0	
27507	486	53	138	0	
27508	486	53	138	0	
27509	486	53	138	0	
27510	486	53	138	0	
27511	486	53	138	0	
27512	486	53	138	0	
27513	486	53	138	0	
27514	486	53	138	0	
27515	486	53	138	0	
27516	486	53	138	0	
27517	486	53	138	0	
27518	486	53	138	0	
27519	486	53	138	0	
27520	486	53	138	0	
27521	486	53	138	0	
27522	486	53	138	0	
27523	486	53	138	0	
27524	486	53	138	0	
27525	486	53	138	0	
27526	486	53	138	0	
27527	486	53	138	0	
27528	486	53	138	0	
27529	486	53	138	0	
27530	486	53	138	0	
27531	486	53	138	0	
27532	486	53	138	0	
27533	486	53	138	0	
27534	486	53	138	0	
27535	486	53	138	0	
27536	486	53	138	0	
27537	486	53	138	0	
27538	486	53	138	0	
27539	486	53	138	0	
27540	486	53	138	0	
27541	486	53	138	0	
27542	486	53	138	0	
27543	486	53	138	0	
27544	486	53	138	0	
27545	486	53	138	0	
27546	486	53	138	0	
27547	486	53	138	0	
27548	486	53	138	0	
27549	486	53	138	0	
27550	486	53	138	0	
27551	486	53	138	0	
27552	486	53	138	0	
27553	486	53	138	0	
27554	486	53	138	0	
27555	486	53	138	0	
27556	486	53	138	0	
27557	486	53	138	0	
27558	486	53	138	0	
27559	486	53	138	0	
27560	486	53	138	0	
27561	486	53	138	0	
27562	486	53	138	0	
27563	486	53	138	0	
27564	486	53	138	0	
27565	486	53	138	0	
27566	486	53	138	0	
27567	486	53	138	0	
27568	486	53	138	0	
27569	486	53	138	0	
27570	486	53	138	0	
27571	486	53	138	0	
27572	486	53	138	0	
27573	486	53	138	0	
27574	486	53	138	0	
27575	486	53	138	0	
27576	486	53	138	0	
27577	486	53	138	0	
27578	486	53	138	0	
27579	486	53	138	0	
27580	486	53	138	0	
27581	486	53	138	0	
27582	486	53	138	0	
27583	486	53	138	0	
27584	486	53	138	0	
27585	486	53	138	0	
27586	486	53	138	0	
27587	486	53	138	0	
27588	486	53	138	0	
27589	486	53	138	0	
27590	486	53	138	0	
27591	486	53	138	0	
27592	486	53	138	0	
27593	486	53	138	0	
27594	486	53	138	0	
27595	486	53	138	0	
27596	486	53	138	0	
27597	486	53	138	0	
27598	486	53	138	0	
27599	486	53	138	0	
27600	486	53	138	0	
27601	486	53	138	0	
27602	486	53	138	0	
27603	486	53	138	0	
27604	486	53	138	0	
27605	486	53	138	0	
27606	486	53	138	0	
27607	486	53	138	0	
27608	486	53	138	0	
27609	486	53	138	0	
27610	486	53	138	0	
27611	486	53	138	0	
27612	486	53	138	0	
27613	486	53	138	0	
27614	488	55	138	0	
27615	489	56	138	0	
27616	489	56	138	0	
27617	489	56	138	0	
27618	489	56	138	0	
27619	489	56	138	0	
27620	489	56	138	0	
27621	490	57	138	0	
27622	490	57	138	0	
27623	490	57	138	0	
27624	490	57	138	0	
27625	491	58	138	0	
27626	491	58	138	0	
27627	491	58	138	0	
27628	491	58	138	0	
27629	491	58	138	0	
27630	491	58	138	0	
27631	491	58	138	0	
27632	491	58	138	0	
27633	491	58	138	0	
27634	491	58	138	0	
27635	491	58	138	0	
27636	491	58	138	0	
27637	491	58	138	0	
27638	491	58	138	0	
27639	491	58	138	0	
27640	491	58	138	0	
27641	491	58	138	0	
27642	491	58	138	0	
27643	491	58	138	0	
27644	491	58	138	0	
27645	491	58	138	0	
27646	491	58	138	0	
27647	491	58	138	0	
27648	491	58	138	0	
27649	491	58	138	0	
27650	491	58	138	0	
27651	491	58	138	0	
27652	491	58	138	0	
27653	491	58	138	0	
27654	491	58	138	0	
27655	491	58	138	0	
27656	491	58	138	0	
27657	491	58	138	0	
27658	491	58	138	0	
27659	491	58	138	0	
27660	491	58	138	0	
27661	490	58	138	0	
27662	490	57	137	0	
27663	489	56	137	0	
27664	489	56	138	0	
27665	489	56	138	0	
27666	489	56	138	0	
27667	489	56	138	0	
27668	489	56	138	0	
27669	489	56	138	0	
27670	489	56	138	0	
27671	489	56	138	0	
27672	489	56	138	0	
27673	489	56	138	0	
27674	489	56	138	0	
27675	489	56	138	0	
27676	489	56	138	0	
27677	489	56	138	0	
27678	489	56	138	0	
27679	489	56	138	0	
27680	489	56	138	0	
27681	489	56	138	0	
27682	489	56	138	0	
27683	489	56	138	0	
27684	489	56	138	0	
27685	489	56	138	0	
27686	489	56	138	0	
27687	489	56	138	0	
27688	489	56	138	0	
27689	488	55	138	0	
27690	487	54	138	0	
27691	486	54	137	0	
27692	485	54	137	0	
27693	486	54	138	0	
27694	486	54	138	0	
27695	485	53	138	0	
27696	484	52	138	0	
27697	483	52	138	0	
27698	483	52	137	0	
27699	482	51	137	0	
27700	482	50	137	0	
27701	482	50	136	0	
27702	482	50	135	0	
27703	481	49	135	0	
27704	481	48	135	0	
27705	481	48	134	0	
27706	481	47	134	0	
27707	481	46	134	0	
27708	481	46	134	0	
27709	480	45	134	0	
27710	479	44	134	0	
27711	478	43	134	0	
27712	478	43	133	0	
27713	478	42	133	0	
27714	477	42	132	0	
27715	476	41	132	0	
27716	475	40	132	0	
27717	475	40	131	0	
27718	475	39	130	0	
27719	475	38	130	0	
27720	475	38	129	0	
27721	475	37	129	0	
27722	475	36	128	0	
27723	475	36	127	0	
27724	474	35	127	0	
27725	474	35	126	0	
27726	473	34	126	0	
27727	473	34	125	0	
27728	472	34	125	0	
27729	471	33	125	0	
27730	473	35	127	0	
27731	475	37	129	0	
27732	476	39	130	0	
27733	477	41	131	0	
27734	478	43	132	0	
27735	479	44	133	0	
27736	480	45	134	0	
27737	481	46	135	0	
27738	482	47	136	0	
27739	483	48	137	0	
27740	484	49	138	0	
27741	483	48	138	0	
27742	484	49	138	0	
27743	485	50	138	0	
27744	486	51	138	0	
27745	486	52	138	0	
27746	486	53	138	0	
27747	486	53	138	0	
27748	486	53	138	0	
27749	486	53	138	0	
27750	486	53	138	0	
27751	486	53	138	0	
27752	486	53	138	0	
27753	486	53	138	0	
27754	486	53	138	0	
27755	486	53	138	0	
27756	486	53	138	0	
27757	486	53	138	0	
27758	486	53	138	0	
27759	486	53	138	0	
27760	486	53	138	0	
27761	486	53	138	0	
27762	485	52	138	0	
27763	486	53	138	0	
27764	486	53	138	0	
27765	486	53	138	0	
27766	486	53	138	0	
27767	486	53	138	0	
27768	486	53	138	0	
27769	486	53	138	0	
27770	486	53	138	0	
27771	486	53	138	0	
27772	486	53	138	0	
27773	485	52	138	0	
27774	485	52	137	0	
27775	484	51	137	0	
27776	483	51	136	0	
27777	483	50	136	0	
27778	483	50	135	0	
27779	482	50	135	0	
27780	481	49	135	0	
27781	482	50	136	0	
27782	481	49	136	0	
27783	482	50	137	0	
27784	483	51	138	0	
27785	484	52	138	0	
27786	485	53	138	0	
27787	486	53	138	0	
27788	486	53	138	0	
27789	486	53	138	0	
27790	486	53	138	0	
27791	486	53	138	0	
27792	486	53	138	0	
27793	486	53	138	0	
27794	486	53	138	0	
27795	486	53	138	0	
27796	486	52	138	0	
27797	486	53	138	0	
27798	486	53	138	0	
27799	486	53	138	0	
27800	486	53	138	0	
27801	485	53	137	0	
27802	486	53	138	0	
27803	486	53	138	0	
27804	486	53	138	0	
27805	486	53	138	0	
27806	486	53	138	0	
27807	486	53	138	0	
27808	486	53	138	0	
27809	486	53	138	0	
27810	486	53	138	0	
27811	486	53	138	0	
27812	486	53	138	0	
27813	486	53	138	0	
27814	486	53	138	0	
27815	486	53	138	0	
27816	486	53	138	0	
27817	486	53	138	0	
27818	486	53	138	0	
27819	486	53	138	0	
27820	486	53	138	0	
27821	486	53	138	0	
27822	486	53	138	0	
27823	486	53	138	0	
27824	486	53	138	0	
27825	486	53	138	0	
27826	486	53	138	0	
27827	486	53	138	0	
27828	486	53	138	0	
27829	486	53	138	0	
27830	486	53	138	0	
27831	486	53	138	0	
27832	486	53	138	0	
27833	486	53	138	0	
27834	486	53	138	0	
27835	486	53	138	0	
27836	486	53	138	0	
27837	486	53	138	0	
27838	486	53	138	0	
27839	486	53	138	0	
27840	486	53	138	0	
27841	486	53	138	0	
27842	486	53	138	0	
27843	486	53	138	0	
27844	486	53	138	0	
27845	486	53	138	0	
27846	486	53	138	0	
27847	486	53	138	0	
27848	486	53	138	0	
27849	486	53	138	0	
27850	486	53	138	0	
27851	486	53	138	0	
27852	486	53	138	0	
27853	486	53	138	0	
27854	486	53	138	0	
27855	486	53	138	0	
27856	486	53	138	0	
27857	486	53	138	0	
27858	486	53	138	0	
27859	486	53	138	0	
27860	486	53	138	0	
27861	486	53	138	0	
27862	486	53	138	0	
27863	486	53	138	0	
27864	486	53	138	0	
27865	486	53	138	0	
27866	486	53	138	0	
27867	486	53	138	0	
27868	486	53	138	0	
27869	486	53	138	0	
27870	486	53	138	0	
27871	486	53	138	0	
27872	486	53	138	0	
27873	486	53	138	0	
27874	486	53	138	0	
27875	488	55	138	0	
27876	488	55	138	0	
27877	487	54	138	0	
27878	486	53	137	0	
27879	485	52	137	0	
27880	485	52	136	0	
27881	484	51	135	0	
27882	483	51	135	0	
27883	483	50	135	0	
27884	484	51	136	0	
27885	484	51	136	0	
27886	485	52	137	0	
27887	485	51	137	0	
27888	486	52	138	0	
27889	486	53	138	0	
27890	486	53	138	0	
27891	486	53	138	0	
27892	486	53	138	0	
27893	486	53	138	0	
27894	486	53	138	0	
27895	486	53	138	0	
27896	486	53	138	0	
27897	486	53	138	0	
27898	486	53	138	0	
27899	486	53	138	0	
27900	486	53	138	0	
27901	486	53	138	0	
27902	486	53	138	0	
27903	486	53	138	0	
27904	486	53	138	0	
27905	486	53	138	0	
27906	486	53	138	0	
27907	486	53	138	0	
27908	486	53	138	0	
27909	485	52	138	0	
27910	485	51	137	0	
27911	486	52	138	0	
27912	486	53	138	0	
27913	486	53	138	0	
27914	486	53	138	0	
27915	486	53	138	0	
27916	486	53	138	0	
27917	486	53	138	0	
27918	486	53	138	0	
27919	486	53	138	0	
27920	486	53	138	0	
27921	486	53	138	0	
27922	486	53	138	0	
27923	486	53	138	0	
27924	486	53	138	0	
27925	486	53	138	0	
27926	486	53	138	0	
27927	486	53	138	0	
27928	486	53	138	0	
27929	486	53	138	0	
27930	486	53	138	0	
27931	486	53	138	0	
27932	486	53	138	0	
27933	486	53	138	0	
27934	486	53	138	0	
27935	486	53	138	0	
27936	486	53	138	0	
27937	486	53	138	0	
27938	486	53	138	0	
27939	486	53	138	0	
27940	486	53	138	0	
27941	486	53	138	0	
27942	486	53	138	0	
27943	486	53	138	0	
27944	486	53	138	0	
27945	486	53	138	0	
27946	486	53	138	0	
27947	486	53	138	0	
27948	486	53	138	0	
27949	486	53	138	0	
27950	486	53	138	0	
27951	486	53	138	0	
27952	486	53	138	0	
27953	486	53	138	0	
27954	486	53	138	0	
27955	486	53	138	0	
27956	486	53	138	0	
27957	486	53	138	0	
27958	486	53	138	0	
27959	486	53	138	0	
27960	486	53	138	0	
27961	486	53	138	0	
27962	486	53	138	0	
27963	486	53	138	0	
27964	486	53	138	0	
27965	486	53	138	0	
27966	486	53	138	0	
27967	486	53	138	0	
27968	486	53	138	0	
27969	486	53	138	0	
27970	486	53	138	0	
27971	486	53	138	0	
27972	486	53	138	0	
27973	486	53	138	0	
27974	486	53	138	0	
27975	486	53	138	0	
27976	486	53	138	0	
27977	486	53	138	0	
27978	486	53	138	0	
27979	486	53	138	0	
27980	486	53	138	0	
27981	486	53	138	0	
27982	486	53	138	0	
27983	486	53	138	0	
27984	486	53	138	0	
27985	486	53	138	0	
27986	486	53	138	0	
27987	486	53	138	0	
27988	486	53	138	0	
27989	486	53	138	0	
27990	486	53	138	0	
27991	486	53	138	0	
27992	486	53	138	0	
27993	486	53	138	0	
27994	486	53	138	0	
27995	486	53	138	0	
27996	486	53	138	0	
27997	486	53	138	0	
27998	486	53	138	0	
27999	486	53	138	0	
28000	486	53	138	0	
28001	486	53	138	0	
28002	486	53	138	0	
28003	486	53	138	0	
28004	486	53	138	0	
28005	486	53	138	0	
28006	486	53	138	0	
28007	486	53	138	0	
28008	486	53	138	0	
28009	486	53	138	0	
28010	486	53	138	0	
28011	486	53	138	0	
28012	486	53	138	0	
28013	486	53	138	0	
28014	486	53	138	0	
28015	486	53	138	0	
28016	486	53	138	0	
28017	486	53	138	0	
28018	486	53	138	0	
28019	486	53	138	0	
28020	486	53	138	0	
28021	486	53	138	0	
28022	486	53	138	0	
28023	486	53	138	0	
28024	486	53	138	0	
28025	486	53	138	0	
28026	486	53	138	0	
28027	486	53	138	0	
28028	486	53	138	0	
28029	486	53	138	0	
28030	486	53	138	0	
28031	486	53	138	0	
28032	486	53	138	0	
28033	486	53	138	0	
28034	486	53	138	0	
28035	486	53	138	0	
28036	486	53	138	0	
28037	486	53	138	0	
28038	486	53	138	0	
28039	486	53	138	0	
28040	486	53	138	0	
28041	486	53	138	0	
28042	486	53	138	0	
28043	486	53	138	0	
28044	486	53	138	0	
28045	486	53	138	0	
28046	486	53	138	0	
28047	486	53	138	0	
28048	486	53	138	0	
28049	486	53	138	0	
28050	486	53	138	0	
28051	486	53	138	0	
28052	486	53	138	0	
28053	486	53	138	0	
28054	486	53	138	0	
28055	486	53	138	0	
28056	486	53	138	0	
28057	486	53	138	0	
28058	486	53	138	0	
28059	486	53	138	0	
28060	486	53	138	0	
28061	486	53	138	0	
28062	486	53	138	0	
28063	486	53	138	0	
28064	486	53	138	0	
28065	486	53	138	0	
28066	486	53	138	0	
28067	486	53	138	0	
28068	486	53	138	0	
28069	486	53	138	0	
28070	486	53	138	0	
28071	486	53	138	0	
28072	486	53	138	0	
28073	486	53	138	0	
28074	486	53	138	0	
28075	486	53	138	0	
28076	486	53	138	0	
28077	486	53	138	0	
28078	486	53	138	0	
28079	486	53	138	0	
28080	486	53	138	0	
28081	486	53	138	0	
28082	486	53	138	0	
28083	486	53	138	0	
28084	486	53	138	0	
28085	486	53	138	0	
28086	486	53	138	0	
28087	486	53	138	0	
28088	486	53	138	0	
28089	486	53	138	0	
28090	486	53	138	0	
28091	486	53	138	0	
28092	486	53	138	0	
28093	486	53	138	0	
28094	486	53	138	0	
28095	486	53	138	0	
28096	486	53	138	0	
28097	486	53	138	0	
28098	486	53	138	0	
28099	486	53	138	0	
28100	486	53	138	0	
28101	486	53	138	0	
28102	486	53	138	0	
28103	486	53	138	0	
28104	486	53	138	0	
28105	486	53	138	0	
28106	486	53	138	0	
28107	486	53	138	0	
28108	486	53	138	0	
28109	486	53	138	0	
28110	486	53	138	0	
28111	486	53	138	0	
28112	486	53	138	0	
28113	486	53	138	0	
28114	486	53	138	0	
28115	486	53	138	0	
28116	486	53	138	0	
28117	486	53	138	0	
28118	486	53	138	0	
28119	486	53	138	0	
28120	486	53	138	0	
28121	486	53	138	0	
28122	486	53	138	0	
28123	486	53	138	0	
28124	486	53	138	0	
28125	486	53	138	0	
28126	486	53	138	0	
28127	486	53	138	0	
28128	486	53	138	0	
28129	486	53	138	0	
28130	486	53	138	0	
28131	486	53	138	0	
28132	486	53	138	0	
28133	486	53	138	0	
28134	486	53	138	0	
28135	486	53	138	0	
28136	486	53	138	0	
28137	486	53	138	0	
28138	486	53	138	0	
28139	486	53	138	0	
28140	486	53	138	0	
28141	486	53	138	0	
28142	486	53	138	0	
28143	486	53	138	0	
28144	486	53	138	0	
28145	486	53	138	0	
28146	486	53	138	0	
28147	486	53	138	0	
28148	486	53	138	0	
28149	486	53	138	0	
28150	486	53	138	0	
28151	486	53	138	0	
28152	486	53	138	0	
28153	486	53	138	0	
28154	486	53	138	0	
28155	486	53	138	0	
28156	486	53	138	0	
28157	486	53	138	0	
28158	486	53	138	0	
28159	486	53	138	0	
28160	486	53	138	0	
28161	486	53	138	0	
28162	486	53	138	0	
28163	486	53	138	0	
28164	486	53	138	0	
28165	486	53	138	0	
28166	486	53	138	0	
28167	486	53	138	0	
28168	486	53	138	0	
28169	486	53	138	0	
28170	486	53	138	0	
28171	486	53	138	0	
28172	486	53	138	0	
28173	486	53	138	0	
28174	486	53	138	0	
28175	486	53	138	0	
28176	486	53	138	0	
28177	486	53	138	0	
28178	486	53	138	0	
28179	486	53	138	0	
28180	486	53	138	0	
28181	486	53	138	0	
28182	486	53	138	0	
28183	486	53	138	0	
28184	486	53	138	0	
28185	486	53	138	0	
28186	486	53	138	0	
28187	486	53	138	0	
28188	486	53	138	0	
28189	486	53	138	0	
28190	486	53	138	0	
28191	486	53	138	0	
28192	486	53	138	0	
28193	486	53	138	0	
28194	486	53	138	0	
28195	486	53	138	0	
28196	486	53	138	0	
28197	486	53	138	0	
28198	486	53	138	0	
28199	486	53	138	0	
28200	486	53	138	0	
28201	486	53	138	0	
28202	486	53	138	0	
28203	486	53	138	0	
28204	486	53	138	0	
28205	486	53	138	0	
28206	486	53	138	0	
28207	486	53	138	0	
28208	486	53	138	0	
28209	486	53	138	0	
28210	486	53	138	0	
28211	486	53	138	0	
28212	486	53	138	0	
28213	486	53	138	0	
28214	486	53	138	0	
28215	486	53	138	0	
28216	486	53	138	0	
28217	486	53	138	0	
28218	486	53	138	0	
28219	486	53	138	0	
28220	486	53	138	0	
28221	486	53	138	0	
28222	486	53	138	0	
28223	486	53	138	0	
28224	486	53	138	0	
28225	486	53	138	0	
28226	486	53	138	0	
28227	486	53	138	0	
28228	486	53	138	0	
28229	486	53	138	0	
28230	486	53	138	0	
28231	486	53	138	0	
28232	486	53	138	0	
28233	486	53	138	0	
28234	486	53	138	0	
28235	486	53	138	0	
28236	486	53	138	0	
28237	486	53	138	0	
28238	486	53	138	0	
28239	486	53	138	0	
28240	486	53	138	0	
28241	486	53	138	0	
28242	486	53	138	0	
28243	486	53	138	0	
28244	486	53	138	0	
28245	486	53	138	0	
28246	486	53	138	0	
28247	486	53	138	0	
28248	486	53	138	0	
28249	486	53	138	0	
28250	486	53	138	0	
28251	486	53	138	0	
28252	486	53	138	0	
28253	486	53	138	0	
28254	486	53	138	0	
28255	486	53	138	0	
28256	486	53	138	0	
28257	486	53	138	0	
28258	486	53	138	0	
28259	486	53	138	0	
28260	486	53	138	0	
28261	486	53	138	0	
28262	486	53	138	0	
28263	486	53	138	0	
28264	486	53	138	0	
28265	486	53	138	0	
28266	486	53	138	0	
28267	486	53	138	0	
28268	486	53	138	0	
28269	486	53	138	0	
28270	486	53	138	0	
28271	486	53	138	0	
28272	486	53	138	0	
28273	486	53	138	0	
28274	486	53	138	0	
28275	486	53	138	0	
28276	486	53	138	0	
28277	486	53	138	0	
28278	486	53	138	0	
28279	486	53	138	0	
28280	486	53	138	0	
28281	486	53	138	0	
28282	486	53	138	0	
28283	486	53	138	0	
28284	486	53	138	0	
28285	486	53	138	0	
28286	486	53	138	0	
28287	486	53	138	0	
28288	486	53	138	0	
28289	486	53	138	0	
28290	486	53	138	0	
28291	486	53	138	0	
28292	486	53	138	0	
28293	486	53	138	0	
28294	486	53	138	0	
28295	486	53	138	0	
28296	486	53	138	0	
28297	486	53	138	0	
28298	486	53	138	0	
28299	486	53	138	0	
28300	486	53	138	0	
28301	486	53	138	0	
28302	486	53	138	0	
28303	486	53	138	0	
28304	486	53	138	0	
28305	486	53	138	0	
28306	486	53	138	0	
28307	486	53	138	0	
28308	486	53	138	0	
28309	486	53	138	0	
28310	486	53	138	0	
28311	486	53	138	0	
28312	486	53	138	0	
28313	486	53	138	0	
28314	486	53	138	0	
28315	486	53	138	0	
28316	486	53	138	0	
28317	486	53	138	0	
28318	486	53	138	0	
28319	486	53	138	0	
28320	486	53	138	0	
28321	486	53	138	0	
28322	486	53	138	0	
28323	486	53	138	0	
28324	486	53	138	0	
28325	486	53	138	0	
28326	486	53	138	0	
28327	486	53	138	0	
28328	486	53	138	0	
28329	486	53	138	0	
28330	486	53	138	0	
28331	486	53	138	0	
28332	486	53	138	0	
28333	486	53	138	0	
28334	486	53	138	0	
28335	486	53	138	0	
28336	486	53	138	0	
28337	486	53	138	0	
28338	486	53	138	0	
28339	486	53	138	0	
28340	486	53	138	0	
28341	486	53	138	0	
28342	486	53	138	0	
28343	486	53	138	0	
28344	486	53	138	0	
28345	486	53	138	0	
28346	486	53	138	0	
28347	486	53	138	0	
28348	486	53	138	0	
28349	486	53	138	0	
28350	486	53	138	0	
28351	486	53	138	0	
28352	486	53	138	0	
28353	486	53	138	0	
28354	486	53	138	0	
28355	486	53	138	0	
28356	486	53	138	0	
28357	486	53	138	0	
28358	486	53	138	0	
28359	486	53	138	0	
28360	486	53	138	0	
28361	486	53	138	0	
28362	486	53	138	0	
28363	486	53	138	0	
28364	486	53	138	0	
28365	486	53	138	0	
28366	486	53	138	0	
28367	486	53	138	0	
28368	486	53	138	0	
28369	486	53	138	0	
28370	486	53	138	0	
28371	486	53	138	0	
28372	486	53	138	0	
28373	486	53	138	0	
28374	486	53	138	0	
28375	486	53	138	0	
28376	486	53	138	0	
28377	486	53	138	0	
28378	486	53	138	0	
28379	486	53	138	0	
28380	486	53	138	0	
28381	486	53	138	0	
28382	486	53	138	0	
28383	486	53	138	0	
28384	486	53	138	0	
28385	486	53	138	0	
28386	486	53	138	0	
28387	486	53	138	0	
28388	486	53	138	0	
28389	486	53	138	0	
28390	486	53	138	0	
28391	486	53	138	0	
28392	486	53	138	0	
28393	486	52	138	0	
28394	486	53	138	0	
28395	486	53	138	0	
28396	486	53	138	0	
28397	486	53	138	0	
28398	486	53	138	0	
28399	486	53	138	0	
28400	486	53	138	0	
28401	486	53	138	0	
28402	486	53	138	0	
28403	486	53	138	0	
28404	486	53	138	0	
28405	486	53	138	0	
28406	486	53	138	0	
28407	486	53	138	0	
28408	486	53	138	0	
28409	486	53	138	0	
28410	486	54	138	0	
28411	486	55	138	0	
28412	486	55	138	0	
28413	486	56	138	0	
28414	486	57	138	0	
28415	486	58	138	0	
28416	486	58	138	0	
28417	486	58	138	0	
28418	486	58	138	0	
28419	486	58	138	0	
28420	486	58	138	0	
28421	486	58	138	0	
28422	486	58	138	0	
28423	486	58	138	0	
28424	486	58	138	0	
28425	486	58	138	0	
28426	486	58	138	0	
28427	486	58	138	0	
28428	486	58	138	0	
28429	486	58	138	0	
28430	486	58	138	0	
28431	486	58	138	0	
28432	486	58	138	0	
28433	486	58	138	0	
28434	486	58	138	0	
28435	486	58	138	0	
28436	486	58	138	0	
28437	486	58	138	0	
28438	486	58	138	0	
28439	486	57	138	0	
28440	485	56	139	0	
28441	484	54	140	0	
28442	483	52	142	0	
28443	482	50	144	0	
28444	481	48	145	0	
28445	480	47	145	0	
28446	479	46	145	0	
28447	479	46	145	0	
28448	478	46	144	0	
28449	477	45	144	0	
28450	477	44	144	0	
28451	477	43	144	0	
28452	481	47	142	0	
28453	484	51	140	0	
28454	487	54	138	0	
28455	490	57	137	0	
28456	490	57	136	0	
28457	492	60	135	0	
28458	491	59	135	0	
28459	490	58	135	0	
28460	490	57	135	0	
28461	490	56	134	0	
28462	489	56	133	0	
28463	488	55	133	0	
28464	487	55	133	0	
28465	486	54	133	0	
28466	485	53	133	0	
28467	484	52	133	0	
28468	483	51	133	0	
28469	482	51	133	0	
28470	481	51	132	0	
28471	480	51	131	0	
28472	479	51	131	0	
28473	478	50	131	0	
28474	477	50	131	0	
28475	476	49	131	0	
28476	475	48	131	0	
28477	474	47	130	0	
28478	474	46	129	0	
28479	473	45	129	0	
28480	472	45	128	0	
28481	471	44	128	0	
28482	470	44	127	0	
28483	470	43	127	0	
28484	469	42	126	0	
28485	468	42	125	0	
28486	468	42	124	0	
28487	467	41	124	0	
28488	466	41	123	0	
28489	466	40	123	0	
28490	466	39	122	0	
28491	466	38	121	0	
28492	466	37	120	0	
28493	465	37	119	0	
28494	465	37	118	0	
28495	464	37	118	0	
28496	463	36	117	0	
28497	463	35	117	0	
28498	463	35	116	0	
28499	462	35	115	0	
28500	462	35	115	0	
28501	461	35	114	0	
28502	461	34	114	0	
28503	461	34	113	0	
28504	461	33	113	0	
28505	460	33	113	0	
28506	460	33	112	0	
28507	459	32	112	0	
28508	513	84	124	0	
28509	513	84	124	0	
28510	513	84	124	0	
28511	513	84	124	0	
28512	513	84	124	0	
28513	512	84	123	0	
28514	512	84	123	0	
28515	512	84	123	0	
28516	512	84	123	0	
28517	512	83	123	0	
28518	511	83	122	0	
28519	511	82	122	0	
28520	511	82	122	0	
28521	510	81	122	0	
28522	509	80	122	0	
28523	509	80	122	0	
28524	508	79	122	0	
28525	508	78	122	0	
28526	508	79	122	0	
28527	507	78	122	0	
28528	506	78	122	0	
28529	504	76	124	0	
28530	503	75	124	0	
28531	502	74	124	0	
28532	502	74	123	0	
28533	501	73	123	0	
28534	501	72	123	0	
28535	500	70	125	0	
28536	500	69	125	0	
28537	500	68	125	0	
28538	500	68	125	0	
28539	500	67	125	0	
28540	500	66	125	0	
28541	499	65	125	0	
28542	499	64	125	0	
28543	499	64	125	0	
28544	498	63	125	0	
28545	498	62	125	0	
28546	497	62	124	0	
28547	499	64	124	0	
28548	500	66	124	0	
28549	501	68	124	0	
28550	500	67	126	0	
28551	501	69	126	0	
28552	500	69	125	0	
28553	499	69	125	0	
28554	498	69	125	0	
28555	497	69	125	0	
28556	499	70	125	0	
28557	498	70	124	0	
28558	498	69	124	0	
28559	497	68	124	0	
28560	496	67	124	0	
28561	495	67	124	0	
28562	494	66	126	0	
28563	494	65	128	0	
28564	493	64	128	0	
28565	492	63	128	0	
28566	491	63	127	0	
28567	491	62	129	0	
28568	491	62	130	0	
28569	491	62	131	0	
28570	491	62	132	0	
28571	491	62	133	0	
28572	490	61	133	0	
28573	490	61	134	0	
28574	490	61	135	0	
28575	490	61	136	0	
28576	490	61	137	0	
28577	489	60	137	0	
28578	489	60	138	0	
28579	489	60	138	0	
28580	489	60	138	0	
28581	489	60	138	0	
28582	489	60	138	0	
28583	488	59	138	0	
28584	488	59	138	0	
28585	488	59	138	0	
28586	488	59	138	0	
28587	488	59	138	0	
28588	488	59	138	0	
28589	488	59	138	0	
28590	488	59	138	0	
28591	488	59	138	0	
28592	488	59	138	0	
28593	488	59	138	0	
28594	488	59	138	0	
28595	488	59	138	0	
28596	488	59	138	0	
28597	488	59	138	0	
28598	488	59	138	0	
28599	488	59	138	0	
28600	488	59	138	0	
28601	488	59	138	0	
28602	488	59	138	0	
28603	488	59	138	0	
28604	488	59	138	0	
28605	488	59	138	0	
28606	488	59	138	0	
28607	488	59	138	0	
28608	488	59	138	0	
28609	488	59	138	0	
28610	488	59	138	0	
28611	488	59	138	0	
28612	488	59	138	0	
28613	488	59	138	0	
28614	488	59	138	0	
28615	488	59	138	0	
28616	488	59	138	0	
28617	488	59	138	0	
28618	488	59	138	0	
28619	488	59	138	0	
28620	488	59	138	0	
28621	488	59	138	0	
28622	488	59	138	0	
28623	488	59	138	0	
28624	488	59	138	0	
28625	488	59	138	0	
28626	488	59	138	0	
28627	488	59	138	0	
28628	488	59	138	0	
28629	488	59	138	0	
28630	488	59	138	0	
28631	488	59	138	0	
28632	488	59	138	0	
28633	488	59	138	0	
28634	488	59	138	0	
28635	488	59	138	0	
28636	488	59	138	0	
28637	488	59	138	0	
28638	488	59	138	0	
28639	488	59	138	0	
28640	488	59	138	0	
28641	488	59	138	0	
28642	488	59	138	0	
28643	488	59	138	0	
28644	488	59	138	0	
28645	488	59	138	0	
28646	488	59	138	0	
28647	488	59	138	0	
28648	488	59	138	0	
28649	488	59	138	0	
28650	488	59	138	0	
28651	488	59	138	0	
28652	488	59	138	0	
28653	488	59	138	0	
28654	488	59	138	0	
28655	488	59	138	0	
28656	488	59	138	0	
28657	488	59	138	0	
28658	488	59	138	0	
28659	488	59	138	0	
28660	488	59	138	0	
28661	488	59	138	0	
28662	488	59	138	0	
28663	488	59	138	0	
28664	488	59	138	0	
28665	488	59	138	0	
28666	488	59	138	0	
28667	488	59	138	0	
28668	488	59	138	0	
28669	488	59	138	0	
28670	488	59	138	0	
28671	488	59	138	0	
28672	488	59	138	0	
28673	488	59	138	0	
28674	488	59	138	0	
28675	488	59	138	0	
28676	488	59	138	0	
28677	488	59	138	0	
28678	488	59	138	0	
28679	488	59	138	0	
28680	488	59	138	0	
28681	488	59	138	0	
28682	488	59	138	0	
28683	488	59	138	0	
28684	488	59	138	0	
28685	488	59	138	0	
28686	488	59	138	0	
28687	488	59	138	0	
28688	488	59	138	0	
28689	488	59	138	0	
28690	488	59	138	0	
28691	488	59	138	0	
28692	488	59	138	0	
28693	488	59	138	0	
28694	488	59	138	0	
28695	488	59	138	0	
28696	488	59	138	0	
28697	488	59	138	0	
28698	488	59	138	0	
28699	488	59	138	0	
28700	488	59	138	0	
28701	488	59	138	0	
28702	488	59	138	0	
28703	488	59	138	0	
28704	488	59	138	0	
28705	488	59	138	0	
28706	488	59	138	0	
28707	488	59	138	0	
28708	488	59	138	0	
28709	488	59	138	0	
28710	488	59	138	0	
28711	488	59	138	0	
28712	488	59	138	0	
28713	488	59	138	0	
28714	488	59	138	0	
28715	488	59	138	0	
28716	488	59	138	0	
28717	488	59	138	0	
28718	488	59	138	0	
28719	488	59	138	0	
28720	488	59	138	0	
28721	488	59	138	0	
28722	488	59	138	0	
28723	488	59	138	0	
28724	488	59	138	0	
28725	488	59	138	0	
28726	488	59	138	0	
28727	488	59	138	0	
28728	488	59	138	0	
28729	488	59	138	0	
28730	488	59	138	0	
28731	488	59	138	0	
28732	488	59	138	0	
28733	488	59	138	0	
28734	488	59	138	0	
28735	488	59	138	0	
28736	488	59	138	0	
28737	488	59	138	0	
28738	488	59	138	0	
28739	488	59	138	0	
28740	488	59	138	0	
28741	488	59	138	0	
28742	488	59	138	0	
28743	488	59	138	0	
28744	488	59	138	0	
28745	488	59	138	0	
28746	488	59	138	0	
28747	488	59	138	0	
28748	488	59	138	0	
28749	488	59	138	0	
28750	488	59	138	0	
28751	488	59	138	0	
28752	488	59	138	0	
28753	488	59	138	0	
28754	488	59	138	0	
28755	488	59	138	0	
28756	488	59	138	0	
28757	488	59	138	0	
28758	488	59	138	0	
28759	488	59	138	0	
28760	488	59	138	0	
28761	488	59	138	0	
28762	488	59	138	0	
28763	488	59	138	0	
28764	488	59	138	0	
28765	488	59	138	0	
28766	488	59	138	0	
28767	488	59	138	0	
28768	488	59	138	0	
28769	488	59	138	0	
28770	488	59	138	0	
28771	488	59	138	0	
28772	488	59	138	0	
28773	488	59	138	0	
28774	488	59	138	0	
28775	488	59	138	0	
28776	488	59	138	0	
28777	488	59	138	0	
28778	488	59	138	0	
28779	488	59	138	0	
28780	488	59	138	0	
28781	488	59	138	0	
28782	488	59	138	0	
28783	488	59	138	0	
28784	488	59	138	0	
28785	488	59	138	0	
28786	488	59	138	0	
28787	488	59	138	0	
28788	488	59	138	0	
28789	488	59	138	0	
28790	488	59	138	0	
28791	488	59	138	0	
28792	488	59	138	0	
28793	488	59	138	0	
28794	488	59	138	0	
28795	488	59	138	0	
28796	487	58	138	0	
28797	486	57	138	0	
28798	486	57	137	0	
28799	485	57	136	0	
28800	484	56	136	0	
28801	485	56	137	0	
28802	486	56	138	0	
28803	486	56	138	0	
28804	486	56	138	0	
28805	486	56	138	0	
28806	485	55	138	0	
28807	486	56	138	0	
28808	486	57	138	0	
28809	486	58	138	0	
28810	486	59	138	0	
28811	486	60	138	0	
28812	486	61	138	0	
28813	486	62	138	0	
28814	486	63	138	0	
28815	485	62	138	0	
28816	485	61	138	0	
28817	484	61	138	0	
28818	483	60	138	0	
28819	483	59	138	0	
28820	483	58	138	0	
28821	483	57	138	0	
28822	482	56	138	0	
28823	481	55	138	0	
28824	480	54	138	0	
28825	480	53	138	0	
28826	479	52	138	0	
28827	480	54	138	0	
28828	479	53	138	0	
28829	480	54	138	0	
28830	481	55	138	0	
28831	482	55	138	0	
28832	483	55	138	0	
28833	484	55	138	0	
28834	485	55	138	0	
28835	486	55	138	0	
28836	486	55	138	0	
28837	486	55	138	0	
28838	486	55	138	0	
28839	486	55	138	0	
28840	486	55	138	0	
28841	486	55	138	0	
28842	486	55	138	0	
28843	486	55	138	0	
28844	486	55	138	0	
28845	486	55	138	0	
28846	486	55	138	0	
28847	486	55	138	0	
28848	486	55	138	0	
28849	486	55	138	0	
28850	486	55	138	0	
28851	486	55	138	0	
28852	486	55	138	0	
28853	486	55	138	0	
28854	486	55	138	0	
28855	486	55	138	0	
28856	486	55	138	0	
28857	486	55	138	0	
28858	486	55	138	0	
28859	486	55	138	0	
28860	486	55	138	0	
28861	486	55	138	0	
28862	486	55	138	0	
28863	485	54	138	0	
28864	484	53	138	0	
28865	485	53	138	0	
28866	486	53	138	0	
28867	486	53	138	0	
28868	486	53	138	0	
28869	486	53	138	0	
28870	486	53	138	0	
28871	486	53	138	0	
28872	486	53	138	0	
28873	486	53	138	0	
28874	486	53	138	0	
28875	486	53	138	0	
28876	486	53	138	0	
28877	486	53	138	0	
28878	486	53	138	0	
28879	486	53	138	0	
28880	486	53	138	0	
28881	486	53	138	0	
28882	486	53	138	0	
28883	486	53	138	0	
28884	486	53	138	0	
28885	486	53	138	0	
28886	486	53	138	0	
28887	486	53	138	0	
28888	486	53	138	0	
28889	486	53	138	0	
28890	486	53	138	0	
28891	486	53	138	0	
28892	486	53	138	0	
28893	486	53	138	0	
28894	486	53	138	0	
28895	486	53	138	0	
28896	486	53	138	0	
28897	486	53	138	0	
28898	486	53	138	0	
28899	486	53	138	0	
28900	486	53	138	0	
28901	486	53	138	0	
28902	486	53	138	0	
28903	486	53	138	0	
28904	486	53	138	0	
28905	486	53	138	0	
28906	486	53	138	0	
28907	486	53	138	0	
28908	486	53	138	0	
28909	486	53	138	0	
28910	486	53	138	0	
28911	486	53	138	0	
28912	486	53	138	0	
28913	486	53	138	0	
28914	486	53	138	0	
28915	486	53	138	0	
28916	486	53	138	0	
28917	486	53	138	0	
28918	486	53	138	0	
28919	486	53	138	0	
28920	486	53	138	0	
28921	486	53	138	0	
28922	486	53	138	0	
28923	486	53	138	0	
28924	486	53	138	0	
28925	486	53	138	0	
28926	486	53	138	0	
28927	486	53	138	0	
28928	486	53	138	0	
28929	486	53	138	0	
28930	486	53	138	0	
28931	486	53	138	0	
28932	486	53	138	0	
28933	486	53	138	0	
28934	486	53	138	0	
28935	486	53	138	0	
28936	486	53	138	0	
28937	486	53	138	0	
28938	486	53	138	0	
28939	486	53	138	0	
28940	486	53	138	0	
28941	486	53	138	0	
28942	486	53	138	0	
28943	486	53	138	0	
28944	486	53	138	0	
28945	486	53	138	0	
28946	486	53	138	0	
28947	486	53	138	0	
28948	486	53	138	0	
28949	486	53	138	0	
28950	486	53	138	0	
28951	486	53	138	0	
28952	486	53	138	0	
28953	486	53	138	0	
28954	486	53	138	0	
28955	486	53	138	0	
28956	486	53	138	0	
28957	486	53	138	0	
28958	486	53	138	0	
28959	486	53	138	0	
28960	486	53	138	0	
28961	486	53	138	0	
28962	486	53	138	0	
28963	486	53	138	0	
28964	486	53	138	0	
28965	486	53	138	0	
28966	486	53	138	0	
28967	486	53	138	0	
28968	486	53	138	0	
28969	486	53	138	0	
28970	486	53	138	0	
28971	486	53	138	0	
28972	486	53	138	0	
28973	486	53	138	0	
28974	486	53	138	0	
28975	486	53	138	0	
28976	486	53	138	0	
28977	486	53	138	0	
28978	486	53	138	0	
28979	486	53	138	0	
28980	486	53	138	0	
28981	486	53	138	0	
28982	486	53	138	0	
28983	486	53	138	0	
28984	486	53	138	0	
28985	486	53	138	0	
28986	486	53	138	0	
28987	486	53	138	0	
28988	486	53	138	0	
28989	486	53	138	0	
28990	486	53	138	0	
28991	486	53	138	0	
28992	486	53	138	0	
28993	486	53	138	0	
28994	486	53	138	0	
28995	486	53	138	0	
28996	486	53	138	0	
28997	486	53	138	0	
28998	486	53	138	0	
28999	486	53	138	0	
29000	486	53	138	0	
29001	486	53	138	0	
29002	486	53	138	0	
29003	486	53	138	0	
29004	486	53	138	0	
29005	486	53	138	0	
29006	486	53	138	0	
29007	486	53	138	0	
29008	486	53	138	0	
29009	486	53	138	0	
29010	486	53	138	0	
29011	486	53	138	0	
29012	486	53	138	0	
29013	486	53	138	0	
29014	486	53	138	0	
29015	486	53	138	0	
29016	486	53	138	0	
29017	486	53	138	0	
29018	486	53	138	0	
29019	486	53	138	0	
29020	486	53	138	0	
29021	486	53	138	0	
29022	486	53	138	0	
29023	486	53	138	0	
29024	486	53	138	0	
29025	486	53	138	0	
29026	486	53	138	0	
29027	486	53	138	0	
29028	486	53	138	0	
29029	486	53	138	0	
29030	486	53	138	0	
29031	486	53	138	0	
29032	486	53	138	0	
29033	486	53	138	0	
29034	486	53	138	0	
29035	486	53	138	0	
29036	486	53	138	0	
29037	486	53	138	0	
29038	486	53	138	0	
29039	486	53	138	0	
29040	486	53	138	0	
29041	486	53	138	0	
29042	486	53	138	0	
29043	486	53	138	0	
29044	486	53	138	0	
29045	486	53	138	0	
29046	486	53	138	0	
29047	486	53	138	0	
29048	486	53	138	0	
29049	486	53	138	0	
29050	486	53	138	0	
29051	486	53	138	0	
29052	486	53	138	0	
29053	486	53	138	0	
29054	486	53	138	0	
29055	486	53	138	0	
29056	486	53	138	0	
29057	486	53	138	0	
29058	486	53	138	0	
29059	486	53	138	0	
29060	486	53	138	0	
29061	486	53	138	0	
29062	486	53	138	0	
29063	486	53	138	0	
29064	486	53	138	0	
29065	486	53	138	0	
29066	486	53	138	0	
29067	486	53	138	0	
29068	486	53	138	0	
29069	486	53	138	0	
29070	486	53	138	0	
29071	486	53	138	0	
29072	486	53	138	0	
29073	486	53	138	0	
29074	486	53	138	0	
29075	486	53	138	0	
29076	486	53	138	0	
29077	486	53	138	0	
29078	486	53	138	0	
29079	486	53	138	0	
29080	486	53	138	0	
29081	486	53	138	0	
29082	486	53	138	0	
29083	486	53	138	0	
29084	486	53	138	0	
29085	486	53	138	0	
29086	486	53	138	0	
29087	486	53	138	0	
29088	486	53	138	0	
29089	486	53	138	0	
29090	486	53	138	0	
29091	486	53	138	0	
29092	486	53	138	0	
29093	486	53	138	0	
29094	486	53	138	0	
29095	486	53	138	0	
29096	486	53	138	0	
29097	486	53	138	0	
29098	486	53	138	0	
29099	486	53	138	0	
29100	486	53	138	0	
29101	486	53	138	0	
29102	486	53	138	0	
29103	486	53	138	0	
29104	486	53	138	0	
29105	486	53	138	0	
29106	486	53	138	0	
29107	486	54	138	0	
29108	486	55	138	0	
29109	486	56	138	0	
29110	486	56	138	0	
29111	486	56	138	0	
29112	486	56	138	0	
29113	486	56	138	0	
29114	486	56	138	0	
29115	486	56	138	0	
29116	486	56	138	0	
29117	486	56	138	0	
29118	486	56	138	0	
29119	486	56	138	0	
29120	486	56	138	0	
29121	486	56	138	0	
29122	486	56	138	0	
29123	486	56	138	0	
29124	486	56	138	0	
29125	486	56	138	0	
29126	486	56	138	0	
29127	486	56	138	0	
29128	486	56	138	0	
29129	486	56	138	0	
29130	486	56	138	0	
29131	486	56	138	0	
29132	486	56	138	0	
29133	486	56	138	0	
29134	486	56	138	0	
29135	486	56	138	0	
29136	486	56	138	0	
29137	486	56	138	0	
29138	486	56	138	0	
29139	486	56	138	0	
29140	486	56	138	0	
29141	486	56	138	0	
29142	486	56	138	0	
29143	486	56	138	0	
29144	486	56	138	0	
29145	486	56	138	0	
29146	486	56	138	0	
29147	486	56	138	0	
29148	486	56	138	0	
29149	486	56	138	0	
29150	486	56	138	0	
29151	486	56	138	0	
29152	486	56	138	0	
29153	486	56	138	0	
29154	486	56	138	0	
29155	486	56	138	0	
29156	486	56	138	0	
29157	486	56	138	0	
29158	486	56	138	0	
29159	486	56	138	0	
29160	486	56	138	0	
29161	486	56	138	0	
29162	486	56	138	0	
29163	486	56	138	0	
29164	486	56	138	0	
29165	486	56	138	0	
29166	486	56	138	0	
29167	486	56	138	0	
29168	486	56	138	0	
29169	486	56	138	0	
29170	486	56	138	0	
29171	486	56	138	0	
29172	486	56	138	0	
29173	486	56	138	0	
29174	486	56	138	0	
29175	486	56	138	0	
29176	486	56	138	0	
29177	486	56	138	0	
29178	486	56	138	0	
29179	486	56	138	0	
29180	486	56	138	0	
29181	486	56	138	0	
29182	486	56	138	0	
29183	486	56	138	0	
29184	486	56	138	0	
29185	486	56	138	0	
29186	486	56	138	0	
29187	486	56	138	0	
29188	486	56	138	0	
29189	486	56	138	0	
29190	486	56	138	0	
29191	486	56	138	0	
29192	486	56	138	0	
29193	486	56	138	0	
29194	486	56	138	0	
29195	486	56	138	0	
29196	486	56	138	0	
29197	486	56	138	0	
29198	486	56	138	0	
29199	486	56	138	0	
29200	486	56	138	0	
29201	486	56	138	0	
29202	486	56	138	0	
29203	486	56	138	0	
29204	486	56	138	0	
29205	486	56	138	0	
29206	486	56	138	0	
29207	486	56	138	0	
29208	486	56	138	0	
29209	486	56	138	0	
29210	486	56	138	0	
29211	486	56	138	0	
29212	486	56	138	0	
29213	486	56	138	0	
29214	486	56	138	0	
29215	486	56	138	0	
29216	486	56	138	0	
29217	486	56	138	0	
29218	486	56	138	0	
29219	486	56	138	0	
29220	486	56	138	0	
29221	486	56	138	0	
29222	486	56	138	0	
29223	486	56	138	0	
29224	486	56	138	0	
29225	486	56	138	0	
29226	486	56	138	0	
29227	486	56	138	0	
29228	486	56	138	0	
29229	486	56	138	0	
29230	486	56	138	0	
29231	486	56	138	0	
29232	486	56	138	0	
29233	486	56	138	0	
29234	486	56	138	0	
29235	486	56	138	0	
29236	486	56	138	0	
29237	486	56	138	0	
29238	486	56	138	0	
29239	486	56	138	0	
29240	486	56	138	0	
29241	486	56	138	0	
29242	486	56	138	0	
29243	486	56	138	0	
29244	486	56	138	0	
29245	486	56	138	0	
29246	486	56	138	0	
29247	486	56	138	0	
29248	486	56	138	0	
29249	486	56	138	0	
29250	486	56	138	0	
29251	486	56	138	0	
29252	486	56	138	0	
29253	486	56	138	0	
29254	486	56	138	0	
29255	486	56	138	0	
29256	486	56	138	0	
29257	486	56	138	0	
29258	486	56	138	0	
29259	486	56	138	0	
29260	486	56	138	0	
29261	486	56	138	0	
29262	486	56	138	0	
29263	486	56	138	0	
29264	486	56	138	0	
29265	486	56	138	0	
29266	486	56	138	0	
29267	486	56	138	0	
29268	486	56	138	0	
29269	486	56	138	0	
29270	486	56	138	0	
29271	486	56	138	0	
29272	486	56	138	0	
29273	486	56	138	0	
29274	486	56	138	0	
29275	486	56	138	0	
29276	486	56	138	0	
29277	486	56	138	0	
29278	486	56	138	0	
29279	486	56	138	0	
29280	486	56	138	0	
29281	486	56	138	0	
29282	486	56	138	0	
29283	486	56	138	0	
29284	486	56	138	0	
29285	486	56	138	0	
29286	486	56	138	0	
29287	486	56	138	0	
29288	486	56	138	0	
29289	486	56	138	0	
29290	486	56	138	0	
29291	486	56	138	0	
29292	486	56	138	0	
29293	486	56	138	0	
29294	486	56	138	0	
29295	486	56	138	0	
29296	486	56	138	0	
29297	486	56	138	0	
29298	486	56	138	0	
29299	486	56	138	0	
29300	486	56	138	0	
29301	486	56	138	0	
29302	486	56	138	0	
29303	486	56	138	0	
29304	486	56	138	0	
29305	486	56	138	0	
29306	486	56	138	0	
29307	486	56	138	0	
29308	486	56	138	0	
29309	486	56	138	0	
29310	486	56	138	0	
29311	486	56	138	0	
29312	486	56	138	0	
29313	486	56	138	0	
29314	486	56	138	0	
29315	486	56	138	0	
29316	486	56	138	0	
29317	486	56	138	0	
29318	486	56	138	0	
29319	486	56	138	0	
29320	486	56	138	0	
29321	486	56	138	0	
29322	486	56	138	0	
29323	486	56	138	0	
29324	486	56	138	0	
29325	486	56	138	0	
29326	486	56	138	0	
29327	486	56	138	0	
29328	486	56	138	0	
29329	486	56	138	0	
29330	486	56	138	0	
29331	486	56	138	0	
29332	486	56	138	0	
29333	486	56	138	0	
29334	486	56	138	0	
29335	486	56	138	0	
29336	486	56	138	0	
29337	486	56	138	0	
29338	486	56	138	0	
29339	486	56	138	0	
29340	486	56	138	0	
29341	486	56	138	0	
29342	486	56	138	0	
29343	486	56	138	0	
29344	486	56	138	0	
29345	486	56	138	0	
29346	486	56	138	0	
29347	486	56	138	0	
29348	486	56	138	0	
29349	486	56	138	0	
29350	486	56	138	0	
29351	486	56	138	0	
29352	486	56	138	0	
29353	486	56	138	0	
29354	486	56	138	0	
29355	486	56	138	0	
29356	486	56	138	0	
29357	486	56	138	0	
29358	486	56	138	0	
29359	486	56	138	0	
29360	486	56	138	0	
29361	486	56	138	0	
29362	486	56	138	0	
29363	486	56	138	0	
29364	486	56	138	0	
29365	486	56	138	0	
29366	486	56	138	0	
29367	486	56	138	0	
29368	486	56	138	0	
29369	486	56	138	0	
29370	486	56	138	0	
29371	486	56	138	0	
29372	486	56	138	0	
29373	486	58	140	0	
29374	486	59	141	0	
29375	486	60	142	0	
29376	486	60	142	0	
29377	486	60	142	0	
29378	486	60	142	0	
29379	486	60	142	0	
29380	486	60	142	0	
29381	486	60	142	0	
29382	486	60	142	0	
29383	486	60	142	0	
29384	486	60	142	0	
29385	486	60	142	0	
29386	486	60	142	0	
29387	486	60	142	0	
29388	486	60	142	0	
29389	486	60	142	0	
29390	486	60	142	0	
29391	486	60	142	0	
29392	486	60	142	0	
29393	486	60	142	0	
29394	486	60	142	0	
29395	486	60	142	0	
29396	486	60	142	0	
29397	486	60	142	0	
29398	486	60	142	0	
29399	486	60	142	0	
29400	486	60	142	0	
29401	486	60	142	0	
29402	486	60	142	0	
29403	486	60	142	0	
29404	486	60	142	0	
29405	486	60	142	0	
29406	486	60	142	0	
29407	486	60	142	0	
29408	486	60	142	0	
29409	486	60	142	0	
29410	486	60	142	0	
29411	486	60	142	0	
29412	486	60	142	0	
29413	486	60	142	0	
29414	486	60	142	0	
29415	486	60	142	0	
29416	486	60	142	0	
29417	486	60	142	0	
29418	486	60	142	0	
29419	486	60	142	0	
29420	486	60	142	0	
29421	486	60	142	0	
29422	486	60	142	0	
29423	486	60	142	0	
29424	486	60	142	0	
29425	486	60	142	0	
29426	486	60	142	0	
29427	486	60	142	0	
29428	486	60	142	0	
29429	486	60	142	0	
29430	486	60	142	0	
29431	486	60	142	0	
29432	486	60	142	0	
29433	486	60	142	0	
29434	486	60	142	0	
29435	486	60	142	0	
29436	485	59	142	0	
29437	486	59	142	0	
29438	486	59	142	0	
29439	486	59	142	0	
29440	486	59	142	0	
29441	486	59	142	0	
29442	486	59	142	0	
29443	486	59	142	0	
29444	486	59	142	0	
29445	486	59	142	0	
29446	486	59	142	0	
29447	486	59	142	0	
29448	486	59	142	0	
29449	486	59	142	0	
29450	486	59	142	0	
29451	486	59	142	0	
29452	486	59	142	0	
29453	486	59	142	0	
29454	486	59	142	0	
29455	486	59	142	0	
29456	486	59	142	0	
29457	486	59	142	0	
29458	486	59	142	0	
29459	486	59	142	0	
29460	486	59	142	0	
29461	486	59	142	0	
29462	486	59	142	0	
29463	486	59	142	0	
29464	486	59	142	0	
29465	486	59	142	0	
29466	486	59	142	0	
29467	486	59	142	0	
29468	486	59	142	0	
29469	486	59	142	0	
29470	486	59	142	0	
29471	486	59	142	0	
29472	486	59	142	0	
29473	486	59	142	0	
29474	486	59	142	0	
29475	486	59	142	0	
29476	486	59	142	0	
29477	486	59	142	0	
29478	486	59	142	0	
29479	486	59	142	0	
29480	486	59	142	0	
29481	486	59	142	0	
29482	486	59	142	0	
29483	486	59	142	0	
29484	486	59	142	0	
29485	486	59	142	0	
29486	486	59	142	0	
29487	486	59	142	0	
29488	486	59	142	0	
29489	486	59	142	0	
29490	486	59	142	0	
29491	486	59	142	0	
29492	486	59	142	0	
29493	486	59	142	0	
29494	486	59	142	0	
29495	486	59	142	0	
29496	486	59	142	0	
29497	486	59	142	0	
29498	486	59	142	0	
29499	486	59	142	0	
29500	486	59	142	0	
29501	486	59	142	0	
29502	486	59	142	0	
29503	486	59	142	0	
29504	486	59	142	0	
29505	486	59	142	0	
29506	486	59	142	0	
29507	486	59	142	0	
29508	486	59	142	0	
29509	486	59	142	0	
29510	486	59	142	0	
29511	486	59	142	0	
29512	486	59	142	0	
29513	486	59	142	0	
29514	486	59	142	0	
29515	486	59	142	0	
29516	486	59	142	0	
29517	486	59	142	0	
29518	486	59	142	0	
29519	486	59	142	0	
29520	486	59	142	0	
29521	486	59	142	0	
29522	486	59	142	0	
29523	486	59	142	0	
29524	486	59	142	0	
29525	486	59	142	0	
29526	486	59	142	0	
29527	486	59	142	0	
29528	486	59	142	0	
29529	486	59	142	0	
29530	486	59	142	0	
29531	486	59	142	0	
29532	486	59	142	0	
29533	486	59	142	0	
29534	486	59	142	0	
29535	486	59	142	0	
29536	486	59	142	0	
29537	486	59	142	0	
29538	486	59	142	0	
29539	486	59	142	0	
29540	486	59	142	0	
29541	486	59	142	0	
29542	486	59	142	0	
29543	486	59	142	0	
29544	486	59	142	0	
29545	486	59	142	0	
29546	486	59	142	0	
29547	486	59	142	0	
29548	486	59	142	0	
29549	486	59	142	0	
29550	486	59	142	0	
29551	486	59	142	0	
29552	486	59	142	0	
29553	486	59	142	0	
29554	486	59	142	0	
29555	486	59	142	0	
29556	486	59	142	0	
29557	486	59	142	0	
29558	486	59	142	0	
29559	486	59	142	0	
29560	486	59	142	0	
29561	486	59	142	0	
29562	486	59	142	0	
29563	486	59	142	0	
29564	485	58	142	0	
29565	485	58	141	0	
29566	485	58	140	0	
29567	484	57	140	0	
29568	483	57	140	0	
29569	483	57	139	0	
29570	483	56	138	0	
29571	483	56	137	0	
29572	482	56	137	0	
29573	482	55	137	0	
29574	482	55	136	0	
29575	482	54	136	0	
29576	481	53	136	0	
29577	482	53	137	0	
29578	483	53	138	0	
29579	484	53	138	0	
29580	483	52	138	0	
29581	483	51	138	0	
29582	482	50	138	0	
29583	481	49	138	0	
29584	481	48	137	0	
29585	480	48	136	0	
29586	480	47	136	0	
29587	479	46	136	0	
29588	479	45	136	0	
29589	479	44	135	0	
29590	480	45	136	0	
29591	481	46	137	0	
29592	482	47	138	0	
29593	483	48	138	0	
29594	484	49	138	0	
29595	485	50	138	0	
29596	486	51	138	0	
29597	486	52	138	0	
29598	486	53	138	0	
29599	486	53	138	0	
29600	486	53	138	0	
29601	486	53	138	0	
29602	486	53	138	0	
29603	486	53	138	0	
29604	486	53	138	0	
29605	486	53	138	0	
29606	486	53	138	0	
29607	486	53	138	0	
29608	486	53	138	0	
29609	486	53	138	0	
29610	485	52	138	0	
29611	484	51	137	0	
29612	483	50	137	0	
29613	483	50	136	0	
29614	483	50	135	0	
29615	482	49	134	0	
29616	483	50	135	0	
29617	484	51	136	0	
29618	485	52	137	0	
29619	484	51	137	0	
29620	485	52	138	0	
29621	486	53	138	0	
29622	486	53	138	0	
29623	486	53	138	0	
29624	486	53	138	0	
29625	486	53	138	0	
29626	485	52	138	0	
29627	485	52	137	0	
29628	485	52	136	0	
29629	485	52	135	0	
29630	484	51	135	0	
29631	484	50	135	0	
29632	484	49	135	0	
29633	484	48	135	0	
29634	484	47	134	0	
29635	483	46	134	0	
29636	482	45	134	0	
29637	482	44	134	0	
29638	482	43	134	0	
29639	481	42	134	0	
29640	481	41	134	0	
29641	481	40	134	0	
29642	480	40	133	0	
29643	480	39	133	0	
29644	480	38	133	0	
29645	479	37	133	0	
29646	479	36	133	0	
29647	478	35	133	0	
29648	477	34	133	0	
29649	476	33	133	0	
29650	475	32	133	0	
29651	474	32	133	0	
29652	474	31	132	0	
29653	474	31	131	0	
29654	474	30	130	0	
29655	474	29	130	0	
29656	474	28	129	0	
29657	474	28	128	0	
29658	473	27	128	0	
29659	472	26	128	0	
29660	472	26	127	0	
29661	472	26	126	0	
29662	471	25	126	0	
29663	471	25	125	0	
29664	471	25	124	0	
29665	471	25	123	0	
29666	470	24	123	0	
29667	469	23	123	0	
29668	468	23	122	0	
29669	468	22	122	0	
29670	467	21	122	0	
29671	467	20	121	0	
29672	466	19	121	0	
29673	465	19	120	0	
29674	465	19	119	0	
29675	465	19	118	0	
29676	477	38	130	0	
29677	477	38	130	0	
29678	477	38	130	0	
29679	477	38	130	0	
29680	477	38	130	0	
29681	477	38	130	0	
29682	477	38	130	0	
29683	477	38	130	0	
29684	477	38	130	0	
29685	477	38	130	0	
29686	477	38	130	0	
29687	477	38	130	0	
29688	477	38	130	0	
29689	477	38	130	0	
29690	477	38	130	0	
29691	477	38	130	0	
29692	477	38	130	0	
29693	477	38	130	0	
29694	477	38	130	0	
29695	477	38	130	0	
29696	477	38	130	0	
29697	477	38	130	0	
29698	477	38	130	0	
29699	477	38	130	0	
29700	477	38	130	0	
29701	477	38	130	0	
29702	477	38	130	0	
29703	477	38	130	0	
29704	477	38	130	0	
29705	477	38	130	0	
29706	477	38	130	0	
29707	477	38	130	0	
29708	477	38	130	0	
29709	477	38	130	0	
29710	477	38	130	0	
29711	477	38	130	0	
29712	477	38	130	0	
29713	477	38	130	0	
29714	477	38	130	0	
29715	477	38	130	0	
29716	477	38	130	0	
29717	477	38	130	0	
29718	477	38	130	0	
29719	477	38	130	0	
29720	477	38	130	0	
29721	477	38	130	0	
29722	477	38	130	0	
29723	477	38	130	0	
29724	477	38	130	0	
29725	477	38	130	0	
29726	477	38	130	0	
29727	477	38	130	0	
29728	477	38	130	0	
29729	477	38	130	0	
29730	477	38	130	0	
29731	477	38	130	0	
29732	477	38	130	0	
29733	477	38	130	0	
29734	477	38	130	0	
29735	477	38	130	0	
29736	477	38	130	0	
29737	477	38	130	0	
29738	477	38	130	0	
29739	477	38	130	0	
29740	477	38	130	0	
29741	477	38	130	0	
29742	477	38	130	0	
29743	477	38	130	0	
29744	477	38	130	0	
29745	477	38	130	0	
29746	477	38	130	0	
29747	477	38	130	0	
29748	477	38	130	0	
29749	477	38	130	0	
29750	477	38	130	0	
29751	477	38	130	0	
29752	477	38	130	0	
29753	477	38	130	0	
29754	477	38	130	0	
29755	477	38	130	0	
29756	477	38	130	0	
29757	477	38	130	0	
29758	477	38	130	0	
29759	477	38	130	0	
29760	477	38	130	0	
29761	477	38	130	0	
29762	477	38	130	0	
29763	477	38	130	0	
29764	477	38	130	0	
29765	477	38	130	0	
29766	477	38	130	0	
29767	477	38	130	0	
29768	477	38	130	0	
29769	477	38	130	0	
29770	477	38	130	0	
29771	477	38	130	0	
29772	477	38	130	0	
29773	477	38	130	0	
29774	477	38	130	0	
29775	477	38	130	0	
29776	477	38	130	0	
29777	477	38	130	0	
29778	477	38	130	0	
29779	477	38	130	0	
29780	477	38	130	0	
29781	477	38	130	0	
29782	477	38	130	0	
29783	477	38	130	0	
29784	477	38	130	0	
29785	477	38	130	0	
29786	477	38	130	0	
29787	477	38	130	0	
29788	477	38	130	0	
29789	477	38	130	0	
29790	477	38	130	0	
29791	477	38	130	0	
29792	477	38	130	0	
29793	477	38	130	0	
29794	477	38	130	0	
29795	477	38	130	0	
29796	477	38	130	0	
29797	477	38	130	0	
29798	477	38	130	0	
29799	477	38	130	0	
29800	477	38	130	0	
29801	477	38	130	0	
29802	477	38	130	0	
29803	477	38	130	0	
29804	477	38	130	0	
29805	477	38	130	0	
29806	477	38	130	0	
29807	477	38	130	0	
29808	477	38	130	0	
29809	477	38	130	0	
29810	477	38	130	0	
29811	477	38	130	0	
29812	477	38	130	0	
29813	477	38	130	0	
29814	477	38	130	0	
29815	477	38	130	0	
29816	477	38	130	0	
29817	477	38	130	0	
29818	477	38	130	0	
29819	477	38	130	0	
29820	477	38	130	0	
29821	477	38	130	0	
29822	477	38	130	0	
29823	477	38	130	0	
29824	477	38	130	0	
29825	477	38	130	0	
29826	477	38	130	0	
29827	477	38	130	0	
29828	477	38	130	0	
29829	477	38	130	0	
29830	477	38	130	0	
29831	477	38	130	0	
29832	477	38	130	0	
29833	477	38	130	0	
29834	477	38	130	0	
29835	477	38	130	0	
29836	477	38	130	0	
29837	477	38	130	0	
29838	477	38	130	0	
29839	477	38	130	0	
29840	477	38	130	0	
29841	477	38	130	0	
29842	477	38	130	0	
29843	477	38	130	0	
29844	477	38	130	0	
29845	477	38	130	0	
29846	477	38	130	0	
29847	477	38	130	0	
29848	477	38	130	0	
29849	477	38	130	0	
29850	477	38	130	0	
29851	477	38	130	0	
29852	477	38	130	0	
29853	477	38	130	0	
29854	477	38	130	0	
29855	477	38	130	0	
29856	477	38	130	0	
29857	477	38	130	0	
29858	477	38	130	0	
29859	477	38	130	0	
29860	477	38	130	0	
29861	477	38	130	0	
29862	477	38	130	0	
29863	477	38	130	0	
29864	477	38	130	0	
29865	477	38	130	0	
29866	477	38	130	0	
29867	477	38	130	0	
29868	477	38	130	0	
29869	477	38	130	0	
29870	477	38	130	0	
29871	477	38	130	0	
29872	477	38	130	0	
29873	477	38	130	0	
29874	477	38	130	0	
29875	477	38	130	0	
29876	477	38	130	0	
29877	477	38	130	0	
29878	477	38	130	0	
29879	477	38	130	0	
29880	477	38	130	0	
29881	477	38	130	0	
29882	477	38	130	0	
29883	477	38	130	0	
29884	477	38	130	0	
29885	477	38	130	0	
29886	477	38	130	0	
29887	477	38	130	0	
29888	477	38	130	0	
29889	477	38	130	0	
29890	477	38	130	0	
29891	477	38	130	0	
29892	477	38	130	0	
29893	477	38	130	0	
29894	477	38	130	0	
29895	477	38	130	0	
29896	477	38	130	0	
29897	477	38	130	0	
29898	477	38	130	0	
29899	477	38	130	0	
29900	477	38	130	0	
29901	477	38	130	0	
29902	477	38	130	0	
29903	477	38	130	0	
29904	477	38	130	0	
29905	477	38	130	0	
29906	477	38	130	0	
29907	477	38	130	0	
29908	477	38	130	0	
29909	477	38	130	0	
29910	477	38	130	0	
29911	477	38	130	0	
29912	477	38	130	0	
29913	477	38	130	0	
29914	477	38	130	0	
29915	477	38	130	0	
29916	477	38	130	0	
29917	477	38	130	0	
29918	477	38	130	0	
29919	477	38	130	0	
29920	477	38	130	0	
29921	477	38	130	0	
29922	477	38	130	0	
29923	477	38	130	0	
29924	477	38	130	0	
29925	477	38	130	0	
29926	477	38	130	0	
29927	477	38	130	0	
29928	477	38	130	0	
29929	477	38	130	0	
29930	477	38	130	0	
29931	477	38	130	0	
29932	477	38	130	0	
29933	477	38	130	0	
29934	477	38	130	0	
29935	477	38	130	0	
29936	477	38	130	0	
29937	477	38	130	0	
29938	477	38	130	0	
29939	477	38	130	0	
29940	477	38	130	0	
29941	477	38	130	0	
29942	477	38	130	0	
29943	477	38	130	0	
29944	477	38	130	0	
29945	477	38	130	0	
29946	477	38	130	0	
29947	477	38	130	0	
29948	477	38	130	0	
29949	477	38	130	0	
29950	477	38	130	0	
29951	477	38	130	0	
29952	477	38	130	0	
29953	477	38	130	0	
29954	477	38	130	0	
29955	477	38	130	0	
29956	477	38	130	0	
29957	477	38	130	0	
29958	477	38	130	0	
29959	477	38	130	0	
29960	477	38	130	0	
29961	477	38	130	0	
29962	477	38	130	0	
29963	477	38	130	0	
29964	477	38	130	0	
29965	477	38	130	0	
29966	490	57	143	0	
29967	490	57	143	0	
29968	490	57	143	0	
29969	490	57	143	0	
29970	490	57	143	0	
29971	490	57	143	0	
29972	490	57	143	0	
29973	490	57	143	0	
29974	490	57	143	0	
29975	490	57	143	0	
29976	490	57	143	0	
29977	490	57	143	0	
29978	490	57	143	0	
29979	490	57	143	0	
29980	490	57	143	0	
29981	490	58	143	0	
29982	490	58	143	0	
29983	490	58	143	0	
29984	490	58	143	0	
29985	490	58	143	0	
29986	490	58	143	0	
29987	490	58	143	0	
29988	490	58	143	0	
29989	490	58	143	0	
29990	490	58	143	0	
29991	490	58	143	0	
29992	490	58	143	0	
29993	490	58	143	0	
29994	490	58	143	0	
29995	490	58	143	0	
29996	490	58	143	0	
29997	490	58	143	0	
29998	490	58	143	0	
29999	490	58	143	0	
30000	490	58	143	0	
30001	490	58	143	0	
30002	490	58	143	0	
30003	490	58	143	0	
30004	490	58	143	0	
30005	490	59	143	0	
30006	490	59	143	0	
30007	490	60	143	0	
30008	490	61	143	0	
30009	490	61	143	0	
30010	490	61	143	0	
30011	490	61	143	0	
30012	490	61	143	0	
30013	490	61	143	0	
30014	490	61	143	0	
30015	490	61	143	0	
30016	490	61	143	0	
30017	490	61	143	0	
30018	490	61	143	0	
30019	490	61	143	0	
30020	490	61	143	0	
30021	490	61	143	0	
30022	490	61	143	0	
30023	490	61	143	0	
30024	490	62	143	0	
30025	490	62	143	0	
30026	490	63	143	0	
30027	490	63	143	0	
30028	490	63	143	0	
30029	490	63	143	0	
30030	490	63	143	0	
30031	490	63	143	0	
30032	490	63	143	0	
30033	490	62	143	0	
30034	490	62	143	0	
30035	490	62	143	0	
30036	490	62	143	0	
30037	490	62	143	0	
30038	490	62	143	0	
30039	490	62	143	0	
30040	490	62	143	0	
30041	490	62	143	0	
30042	490	63	143	0	
30043	490	63	143	0	
30044	490	63	143	0	
30045	490	63	143	0	
30046	490	63	143	0	
30047	490	63	143	0	
30048	490	63	143	0	
30049	490	63	143	0	
30050	490	63	143	0	
30051	490	63	143	0	
30052	490	63	143	0	
30053	490	63	143	0	
30054	490	63	143	0	
30055	490	63	143	0	
30056	490	63	143	0	
30057	490	63	143	0	
30058	490	63	143	0	
30059	490	63	143	0	
30060	490	63	143	0	
30061	490	63	143	0	
30062	490	63	143	0	
30063	490	63	143	0	
30064	490	63	143	0	
30065	490	63	143	0	
30066	490	63	143	0	
30067	490	63	143	0	
30068	490	63	143	0	
30069	490	62	143	0	
30070	490	62	143	0	
30071	490	62	143	0	
30072	490	62	143	0	
30073	490	62	143	0	
30074	490	62	143	0	
30075	490	62	143	0	
30076	490	62	143	0	
30077	490	62	143	0	
30078	490	62	143	0	
30079	490	62	143	0	
30080	490	62	143	0	
30081	490	62	143	0	
30082	490	62	143	0	
30083	490	62	143	0	
30084	490	62	143	0	
30085	490	62	143	0	
30086	490	62	143	0	
30087	490	62	143	0	
30088	490	62	143	0	
30089	490	62	143	0	
30090	490	62	143	0	
30091	490	62	143	0	
30092	490	62	143	0	
30093	490	62	143	0	
30094	490	62	143	0	
30095	490	62	143	0	
30096	490	62	143	0	
30097	490	62	143	0	
30098	490	62	143	0	
30099	490	62	143	0	
30100	490	62	143	0	
30101	490	62	143	0	
30102	490	62	143	0	
30103	490	62	143	0	
30104	490	62	143	0	
30105	490	62	143	0	
30106	490	62	143	0	
30107	490	62	143	0	
30108	489	61	143	0	
30109	489	61	142	0	
30110	489	61	142	0	
30111	489	61	142	0	
30112	489	61	142	0	
30113	489	61	142	0	
30114	489	62	142	0	
30115	489	63	142	0	
30116	489	63	142	0	
30117	489	62	142	0	
30118	489	63	142	0	
30119	489	62	142	0	
30120	489	62	142	0	
30121	489	62	142	0	
30122	489	62	142	0	
30123	489	62	142	0	
30124	489	62	142	0	
30125	489	62	142	0	
30126	489	62	142	0	
30127	489	62	142	0	
30128	489	62	142	0	
30129	489	62	142	0	
30130	489	62	142	0	
30131	489	62	142	0	
30132	489	62	142	0	
30133	489	62	142	0	
30134	489	62	142	0	
30135	489	62	142	0	
30136	489	62	142	0	
30137	489	62	142	0	
30138	489	62	142	0	
30139	489	62	142	0	
30140	489	62	142	0	
30141	489	62	142	0	
30142	489	62	142	0	
30143	489	62	142	0	
30144	489	62	142	0	
30145	489	62	142	0	
30146	489	62	142	0	
30147	489	62	142	0	
30148	489	62	142	0	
30149	489	62	142	0	
30150	489	62	142	0	
30151	489	62	142	0	
30152	489	62	142	0	
30153	489	62	142	0	
30154	489	62	142	0	
30155	489	62	142	0	
30156	489	62	142	0	
30157	489	62	142	0	
30158	489	62	142	0	
30159	489	62	142	0	
30160	488	61	142	0	
30161	488	61	142	0	
30162	488	61	142	0	
30163	488	61	142	0	
30164	488	61	142	0	
30165	488	61	142	0	
30166	487	60	142	0	
30167	487	60	142	0	
30168	487	60	142	0	
30169	486	59	142	0	
30170	486	58	141	0	
30171	486	58	141	0	
30172	486	58	141	0	
30173	486	58	141	0	
30174	486	58	141	0	
30175	486	58	141	0	
30176	486	58	141	0	
30177	486	58	141	0	
30178	486	58	141	0	
30179	486	58	141	0	
30180	486	58	141	0	
30181	486	58	141	0	
30182	486	58	141	0	
30183	486	58	141	0	
30184	486	58	141	0	
30185	485	57	141	0	
30186	486	57	141	0	
30187	486	57	141	0	
30188	486	57	141	0	
30189	486	57	141	0	
30190	485	56	141	0	
30191	485	55	141	0	
30192	485	54	141	0	
30193	484	53	141	0	
30194	483	52	141	0	
30195	482	51	141	0	
30196	481	50	141	0	
30197	482	51	141	0	
30198	483	52	141	0	
30199	484	53	141	0	
30200	483	52	141	0	
30201	484	53	141	0	
30202	485	53	141	0	
30203	486	53	141	0	
30204	486	53	141	0	
30205	486	53	141	0	
30206	486	53	141	0	
30207	486	53	141	0	
30208	486	53	141	0	
30209	486	53	141	0	
30210	485	52	141	0	
30211	486	53	141	0	
30212	486	53	141	0	
30213	486	53	141	0	
30214	486	53	141	0	
30215	485	52	141	0	
30216	484	52	141	0	
30217	483	51	141	0	
30218	482	50	141	0	
30219	481	50	141	0	
30220	480	49	141	0	
30221	479	48	141	0	
30222	479	47	141	0	
30223	480	48	141	0	
30224	481	49	141	0	
30225	482	50	141	0	
30226	481	49	141	0	
30227	482	50	141	0	
30228	483	51	141	0	
30229	484	52	141	0	
30230	483	51	141	0	
30231	484	52	141	0	
30232	483	51	141	0	
30233	482	50	141	0	
30234	483	51	141	0	
30235	484	52	141	0	
30236	485	53	141	0	
30237	486	53	141	0	
30238	486	53	141	0	
30239	486	53	141	0	
30240	486	53	141	0	
30241	486	53	141	0	
30242	486	53	141	0	
30243	486	53	141	0	
30244	486	53	141	0	
30245	486	53	141	0	
30246	486	53	141	0	
30247	485	52	141	0	
30248	486	53	141	0	
30249	486	54	141	0	
30250	486	55	141	0	
30251	486	56	141	0	
30252	486	57	141	0	
30253	486	57	141	0	
30254	486	57	141	0	
30255	486	57	141	0	
30256	486	57	141	0	
30257	486	57	141	0	
30258	486	58	141	0	
30259	486	59	141	0	
30260	485	58	141	0	
30261	485	58	140	0	
30262	485	57	140	0	
30263	485	57	139	0	
30264	484	57	139	0	
30265	485	57	139	0	
30266	486	57	139	0	
30267	486	57	139	0	
30268	486	57	139	0	
30269	486	57	139	0	
30270	486	57	139	0	
30271	486	57	139	0	
30272	485	56	139	0	
30273	486	56	139	0	
30274	486	56	139	0	
30275	486	56	139	0	
30276	486	56	139	0	
30277	486	56	139	0	
30278	486	56	139	0	
30279	486	56	139	0	
30280	486	56	139	0	
30281	486	56	139	0	
30282	486	56	139	0	
30283	486	56	139	0	
30284	486	56	139	0	
30285	486	56	139	0	
30286	486	56	139	0	
30287	486	56	139	0	
30288	486	56	139	0	
30289	486	56	139	0	
30290	486	56	139	0	
30291	486	56	139	0	
30292	486	56	139	0	
30293	486	56	139	0	
30294	486	56	139	0	
30295	486	56	139	0	
30296	486	56	139	0	
30297	486	56	139	0	
30298	486	56	139	0	
30299	486	56	139	0	
30300	486	56	139	0	
30301	486	56	139	0	
30302	486	56	139	0	
30303	486	56	139	0	
30304	486	56	139	0	
30305	486	56	139	0	
30306	486	56	139	0	
30307	486	56	139	0	
30308	486	56	139	0	
30309	486	56	139	0	
30310	486	56	139	0	
30311	486	56	139	0	
30312	486	56	139	0	
30313	486	56	139	0	
30314	486	56	139	0	
30315	486	56	139	0	
30316	486	56	139	0	
30317	486	56	139	0	
30318	486	56	139	0	
30319	486	56	139	0	
30320	486	56	139	0	
30321	486	56	139	0	
30322	486	56	139	0	
30323	486	56	139	0	
30324	486	56	139	0	
30325	486	56	139	0	
30326	486	56	139	0	
30327	486	56	139	0	
30328	486	56	139	0	
30329	486	56	139	0	
30330	486	56	139	0	
30331	486	56	139	0	
30332	486	56	139	0	
30333	486	56	139	0	
30334	486	56	139	0	
30335	486	56	139	0	
30336	486	56	139	0	
30337	486	56	139	0	
30338	486	56	139	0	
30339	486	56	139	0	
30340	486	56	139	0	
30341	486	56	139	0	
30342	486	56	139	0	
30343	486	56	139	0	
30344	486	56	139	0	
30345	486	56	139	0	
30346	486	56	139	0	
30347	486	56	139	0	
30348	486	56	139	0	
30349	486	56	139	0	
30350	486	56	139	0	
30351	486	56	139	0	
30352	486	56	139	0	
30353	486	56	139	0	
30354	486	56	139	0	
30355	485	55	139	0	
30356	485	54	139	0	
30357	485	53	139	0	
30358	484	52	139	0	
30359	483	51	139	0	
30360	482	51	139	0	
30361	481	50	139	0	
30362	481	50	139	0	
30363	481	50	138	0	
30364	481	50	137	0	
30365	481	49	137	0	
30366	480	48	137	0	
30367	479	47	137	0	
30368	478	47	136	0	
30369	477	46	136	0	
30370	476	45	136	0	
30371	475	45	135	0	
30372	474	44	135	0	
30373	473	44	135	0	
30374	472	43	135	0	
30375	471	43	135	0	
30376	470	42	135	0	
30377	469	42	135	0	
30378	468	41	135	0	
30379	470	43	136	0	
30380	469	42	136	0	
30381	468	41	136	0	
30382	467	40	136	0	
30383	466	39	136	0	
30384	465	38	136	0	
30385	468	40	137	0	
30386	467	39	137	0	
30387	466	38	137	0	
30388	468	40	138	0	
30389	470	42	138	0	
30390	472	44	138	0	
30391	474	45	138	0	
30392	476	46	138	0	
30393	477	47	138	0	
30394	478	48	138	0	
30395	479	49	138	0	
30396	480	50	138	0	
30397	481	51	138	0	
30398	482	52	138	0	
30399	483	53	138	0	
30400	484	53	138	0	
30401	485	53	138	0	
30402	486	53	138	0	
30403	486	53	138	0	
30404	486	53	138	0	
30405	486	53	138	0	
30406	486	53	138	0	
30407	486	53	138	0	
30408	486	53	138	0	
30409	486	53	138	0	
30410	486	53	138	0	
30411	486	53	138	0	
30412	486	53	138	0	
30413	486	53	138	0	
30414	486	53	138	0	
30415	486	53	138	0	
30416	486	53	138	0	
30417	486	53	138	0	
30418	486	53	138	0	
30419	486	53	138	0	
30420	486	53	138	0	
30421	486	53	138	0	
30422	486	53	138	0	
30423	486	53	138	0	
30424	486	53	138	0	
30425	486	53	138	0	
30426	486	53	138	0	
30427	485	52	138	0	
30428	485	52	137	0	
30429	485	52	136	0	
30430	485	51	135	0	
30431	486	52	136	0	
30432	486	53	137	0	
30433	485	52	137	0	
30434	485	52	136	0	
30435	486	53	137	0	
30436	485	52	137	0	
30437	485	52	136	0	
30438	486	53	137	0	
30439	486	53	138	0	
30440	486	53	138	0	
30441	486	53	138	0	
30442	486	53	138	0	
30443	486	53	138	0	
30444	486	53	138	0	
30445	486	53	138	0	
30446	486	53	138	0	
30447	486	53	138	0	
30448	486	53	138	0	
30449	486	54	138	0	
30450	486	55	138	0	
30451	486	55	138	0	
30452	486	55	138	0	
30453	486	55	138	0	
30454	486	56	138	0	
30455	486	56	138	0	
30456	485	55	138	0	
30457	485	55	137	0	
30458	485	55	136	0	
30459	484	55	135	0	
30460	485	55	136	0	
30461	486	55	137	0	
30462	485	54	137	0	
30463	484	53	137	0	
30464	485	53	138	0	
30465	486	53	138	0	
30466	486	53	138	0	
30467	486	53	138	0	
30468	486	53	138	0	
30469	486	53	138	0	
30470	486	53	138	0	
30471	485	52	138	0	
30472	485	51	138	0	
30473	485	50	138	0	
30474	485	50	137	0	
30475	486	51	138	0	
30476	486	52	138	0	
30477	485	51	138	0	
30478	486	52	138	0	
30479	486	53	138	0	
30480	486	53	138	0	
30481	486	52	138	0	
30482	486	52	137	0	
30483	486	52	136	0	
30484	485	51	136	0	
30485	486	52	137	0	
30486	485	51	137	0	
30487	486	52	138	0	
30488	486	53	138	0	
30489	486	53	138	0	
30490	486	53	138	0	
30491	486	53	138	0	
30492	486	53	138	0	
30493	486	53	138	0	
30494	486	53	138	0	
30495	486	53	138	0	
30496	486	53	138	0	
30497	486	53	138	0	
30498	486	53	138	0	
30499	486	53	138	0	
30500	486	53	138	0	
30501	486	53	138	0	
30502	486	53	138	0	
30503	486	53	138	0	
30504	486	53	138	0	
30505	486	53	138	0	
30506	486	53	138	0	
30507	485	52	138	0	
30508	484	51	138	0	
30509	485	52	138	0	
30510	486	53	138	0	
30511	486	53	138	0	
30512	486	53	138	0	
30513	485	52	138	0	
30514	486	53	138	0	
30515	485	52	138	0	
30516	486	54	138	0	
30517	486	54	138	0	
30518	486	54	138	0	
30519	486	55	138	0	
30520	485	54	138	0	
30521	486	54	138	0	
30522	486	54	138	0	
30523	486	54	138	0	
30524	486	54	138	0	
30525	486	54	138	0	
30526	485	53	138	0	
30527	486	53	138	0	
30528	486	53	138	0	
30529	486	53	138	0	
30530	486	53	138	0	
30531	486	55	138	0	
30532	485	54	138	0	
30533	485	53	137	0	
30534	486	53	138	0	
30535	486	53	138	0	
30536	486	53	138	0	
30537	486	53	138	0	
30538	486	53	138	0	
30539	486	53	138	0	
30540	486	53	138	0	
30541	486	53	138	0	
30542	486	53	138	0	
30543	486	53	138	0	
30544	486	53	138	0	
30545	486	53	138	0	
30546	486	53	138	0	
30547	486	53	138	0	
30548	486	53	138	0	
30549	486	53	138	0	
30550	486	53	138	0	
30551	486	53	138	0	
30552	486	53	138	0	
30553	486	53	138	0	
30554	486	53	138	0	
30555	486	53	138	0	
30556	486	53	138	0	
30557	486	53	138	0	
30558	486	53	138	0	
30559	486	53	138	0	
30560	486	53	138	0	
30561	486	53	138	0	
30562	486	53	138	0	
30563	486	53	138	0	
30564	486	53	138	0	
30565	486	53	138	0	
30566	486	53	138	0	
30567	486	53	138	0	
30568	486	53	138	0	
30569	486	53	138	0	
30570	486	53	138	0	
30571	486	53	138	0	
30572	486	53	138	0	
30573	486	53	138	0	
30574	486	53	138	0	
30575	486	53	138	0	
30576	486	53	138	0	
30577	486	53	138	0	
30578	486	53	138	0	
30579	486	53	138	0	
30580	486	53	138	0	
30581	486	53	138	0	
30582	486	53	138	0	
30583	486	53	138	0	
30584	486	53	138	0	
30585	486	53	138	0	
30586	486	53	138	0	
30587	486	53	138	0	
30588	486	53	138	0	
30589	486	53	138	0	
30590	486	53	138	0	
30591	486	53	138	0	
30592	486	53	138	0	
30593	486	53	138	0	
30594	486	53	138	0	
30595	486	53	138	0	
30596	486	53	138	0	
30597	486	53	138	0	
30598	486	53	138	0	
30599	486	53	138	0	
30600	486	53	138	0	
30601	486	53	138	0	
30602	486	53	138	0	
30603	486	53	138	0	
30604	486	53	138	0	
30605	486	53	138	0	
30606	486	53	138	0	
30607	486	53	138	0	
30608	486	53	138	0	
30609	486	53	138	0	
30610	486	53	138	0	
30611	486	53	138	0	
30612	486	53	138	0	
30613	486	53	138	0	
30614	486	53	138	0	
30615	486	53	138	0	
30616	486	53	138	0	
30617	486	53	138	0	
30618	486	53	138	0	
30619	486	53	138	0	
30620	486	53	138	0	
30621	486	53	138	0	
30622	486	53	138	0	
30623	486	53	138	0	
30624	486	53	138	0	
30625	486	53	138	0	
30626	486	53	138	0	
30627	486	53	138	0	
30628	486	53	138	0	
30629	486	53	138	0	
30630	486	53	138	0	
30631	486	53	138	0	
30632	486	53	138	0	
30633	486	53	138	0	
30634	486	53	138	0	
30635	486	53	138	0	
30636	486	53	138	0	
30637	486	53	138	0	
30638	486	53	138	0	
30639	486	53	138	0	
30640	486	53	138	0	
30641	486	53	138	0	
30642	486	53	138	0	
30643	486	53	138	0	
30644	486	53	138	0	
30645	486	53	138	0	
30646	486	53	138	0	
30647	486	53	138	0	
30648	486	53	138	0	
30649	486	53	138	0	
30650	486	53	138	0	
30651	486	53	138	0	
30652	486	53	138	0	
30653	486	53	138	0	
30654	486	53	138	0	
30655	486	53	138	0	
30656	486	53	138	0	
30657	486	53	138	0	
30658	486	53	138	0	
30659	486	53	138	0	
30660	486	53	138	0	
30661	486	53	138	0	
30662	486	53	138	0	
30663	486	53	138	0	
30664	486	53	138	0	
30665	486	53	138	0	
30666	486	53	138	0	
30667	486	53	138	0	
30668	486	53	138	0	
30669	486	53	138	0	
30670	486	53	138	0	
30671	486	53	138	0	
30672	486	53	138	0	
30673	486	53	138	0	
30674	486	53	138	0	
30675	486	53	138	0	
30676	486	53	138	0	
30677	486	53	138	0	
30678	486	53	138	0	
30679	486	53	138	0	
30680	486	53	138	0	
30681	486	53	138	0	
30682	486	53	138	0	
30683	486	53	138	0	
30684	486	53	138	0	
30685	486	53	138	0	
30686	486	53	138	0	
30687	486	53	138	0	
30688	486	53	138	0	
30689	486	53	138	0	
30690	486	53	138	0	
30691	486	53	138	0	
30692	486	53	138	0	
30693	486	53	138	0	
30694	486	53	138	0	
30695	486	53	138	0	
30696	486	53	138	0	
30697	486	53	138	0	
30698	486	53	138	0	
30699	486	53	138	0	
30700	486	53	138	0	
30701	486	53	138	0	
30702	486	53	138	0	
30703	486	53	138	0	
30704	486	53	138	0	
30705	486	53	138	0	
30706	486	53	138	0	
30707	486	53	138	0	
30708	486	53	138	0	
30709	486	53	138	0	
30710	486	53	138	0	
30711	486	53	138	0	
30712	486	53	138	0	
30713	486	53	138	0	
30714	486	53	138	0	
30715	486	53	138	0	
30716	486	53	138	0	
30717	486	53	138	0	
30718	486	53	138	0	
30719	486	53	138	0	
30720	486	53	138	0	
30721	486	53	138	0	
30722	486	53	138	0	
30723	486	53	138	0	
30724	486	53	138	0	
30725	486	53	138	0	
30726	486	53	138	0	
30727	486	53	138	0	
30728	486	53	138	0	
30729	486	53	138	0	
30730	486	53	138	0	
30731	486	53	138	0	
30732	486	53	138	0	
30733	485	52	138	0	
30734	485	51	138	0	
30735	485	51	138	0	
30736	486	52	138	0	
30737	485	51	138	0	
30738	486	52	138	0	
30739	486	53	138	0	
30740	486	53	138	0	
30741	486	53	138	0	
30742	485	52	138	0	
30743	484	51	138	0	
30744	484	50	137	0	
30745	484	49	137	0	
30746	485	50	138	0	
30747	484	49	138	0	
30748	485	50	138	0	
30749	486	51	138	0	
30750	486	52	138	0	
30751	486	53	138	0	
30752	486	53	138	0	
30753	486	53	138	0	
30754	486	53	138	0	
30755	486	53	138	0	
30756	486	53	138	0	
30757	486	53	138	0	
30758	486	53	138	0	
30759	486	53	138	0	
30760	486	53	138	0	
30761	486	53	138	0	
30762	486	53	138	0	
30763	486	53	138	0	
30764	486	53	138	0	
30765	486	53	138	0	
30766	486	53	138	0	
30767	486	53	138	0	
30768	486	53	138	0	
30769	486	53	138	0	
30770	486	53	138	0	
30771	486	53	138	0	
30772	486	53	138	0	
30773	486	53	138	0	
30774	486	53	138	0	
30775	486	53	138	0	
30776	486	53	138	0	
30777	486	53	138	0	
30778	486	53	138	0	
30779	486	53	138	0	
30780	486	53	138	0	
30781	486	53	138	0	
30782	486	53	138	0	
30783	486	53	138	0	
30784	486	53	138	0	
30785	486	53	138	0	
30786	486	53	138	0	
30787	486	53	138	0	
30788	486	53	138	0	
30789	486	53	138	0	
30790	486	53	138	0	
30791	486	53	138	0	
30792	486	53	138	0	
30793	486	53	138	0	
30794	486	53	138	0	
30795	486	53	138	0	
30796	486	53	138	0	
30797	486	53	138	0	
30798	486	53	138	0	
30799	486	53	138	0	
30800	486	53	138	0	
30801	486	53	138	0	
30802	486	53	138	0	
30803	485	52	138	0	
30804	486	53	138	0	
30805	486	53	138	0	
30806	486	53	138	0	
30807	485	52	138	0	
30808	484	52	137	0	
30809	483	52	136	0	
30810	483	52	135	0	
30811	482	52	134	0	
30812	481	52	133	0	
30813	480	51	133	0	
30814	481	52	134	0	
30815	482	53	135	0	
30816	483	53	136	0	
30817	484	53	137	0	
30818	485	53	138	0	
30819	486	53	138	0	
30820	486	53	138	0	
30821	486	53	138	0	
30822	486	53	138	0	
30823	486	53	138	0	
30824	486	53	138	0	
30825	486	53	138	0	
30826	486	53	138	0	
30827	486	53	138	0	
30828	486	53	138	0	
30829	486	53	138	0	
30830	486	53	138	0	
30831	486	53	138	0	
30832	486	53	138	0	
30833	486	53	138	0	
30834	486	53	138	0	
30835	486	53	138	0	
30836	486	53	138	0	
30837	486	53	138	0	
30838	486	53	138	0	
30839	486	53	138	0	
30840	486	53	138	0	
30841	486	53	138	0	
30842	486	53	138	0	
30843	486	53	138	0	
30844	486	53	138	0	
30845	486	53	138	0	
30846	486	53	138	0	
30847	486	53	138	0	
30848	486	53	138	0	
30849	486	53	138	0	
30850	486	53	138	0	
30851	486	53	138	0	
30852	485	52	138	0	
30853	486	53	138	0	
30854	486	53	138	0	
30855	486	53	138	0	
30856	486	53	138	0	
30857	486	53	138	0	
30858	485	52	138	0	
30859	484	52	137	0	
30860	483	52	136	0	
30861	482	52	135	0	
30862	482	52	134	0	
30863	481	52	133	0	
30864	481	52	132	0	
30865	481	52	131	0	
30866	481	52	130	0	
30867	481	52	129	0	
30868	481	52	128	0	
30869	481	52	127	0	
30870	482	53	129	0	
30871	483	53	130	0	
30872	484	53	131	0	
30873	485	53	132	0	
30874	486	53	133	0	
30875	486	53	134	0	
30876	486	53	135	0	
30877	486	53	136	0	
30878	485	52	136	0	
30879	486	53	137	0	
30880	486	53	138	0	
30881	486	53	138	0	
30882	486	53	138	0	
30883	486	53	138	0	
30884	486	53	138	0	
30885	486	53	138	0	
30886	486	53	138	0	
30887	486	53	138	0	
30888	485	52	138	0	
30889	486	53	138	0	
30890	485	52	138	0	
30891	486	53	138	0	
30892	486	53	138	0	
30893	486	53	138	0	
30894	486	53	138	0	
30895	486	53	138	0	
30896	486	53	138	0	
30897	486	53	138	0	
30898	486	53	138	0	
30899	486	53	138	0	
30900	486	53	138	0	
30901	486	53	138	0	
30902	486	53	138	0	
30903	486	53	138	0	
30904	486	53	138	0	
30905	486	53	138	0	
30906	486	53	138	0	
30907	486	53	138	0	
30908	486	53	138	0	
30909	486	53	138	0	
30910	486	53	138	0	
30911	486	53	138	0	
30912	486	53	138	0	
30913	486	53	138	0	
30914	486	53	138	0	
30915	485	52	138	0	
30916	485	52	137	0	
30917	484	52	137	0	
30918	484	52	136	0	
30919	485	53	137	0	
30920	484	52	137	0	
30921	484	52	136	0	
30922	484	52	135	0	
30923	484	51	135	0	
30924	483	50	135	0	
30925	482	50	134	0	
30926	481	50	133	0	
30927	480	50	132	0	
30928	479	50	132	0	
30929	479	49	131	0	
30930	478	48	131	0	
30931	478	48	130	0	
30932	477	48	129	0	
30933	477	47	128	0	
30934	477	46	128	0	
30935	477	45	128	0	
30936	477	45	127	0	
30937	477	44	126	0	
30938	477	44	125	0	
30939	477	44	124	0	
30940	476	43	124	0	
30941	475	42	124	0	
30942	474	41	124	0	
30943	473	40	124	0	
30944	472	39	124	0	
30945	471	38	124	0	
30946	471	37	124	0	
30947	470	37	123	0	
30948	470	37	122	0	
30949	472	39	124	0	
30950	474	41	126	0	
30951	473	40	126	0	
30952	472	39	126	0	
30953	474	41	128	0	
30954	476	43	130	0	
30955	477	44	131	0	
30956	478	45	132	0	
30957	477	44	132	0	
30958	478	45	133	0	
30959	479	46	134	0	
30960	480	47	135	0	
30961	479	46	135	0	
30962	480	47	136	0	
30963	481	48	137	0	
30964	480	47	137	0	
30965	481	48	138	0	
30966	482	49	138	0	
30967	483	50	138	0	
30968	484	51	138	0	
30969	483	50	138	0	
30970	484	51	138	0	
30971	485	52	138	0	
30972	486	53	138	0	
30973	485	52	138	0	
30974	486	53	138	0	
30975	486	53	138	0	
30976	486	53	138	0	
30977	486	53	138	0	
30978	486	53	138	0	
30979	486	53	138	0	
30980	486	53	138	0	
30981	486	53	138	0	
30982	486	53	138	0	
30983	486	53	138	0	
30984	486	53	138	0	
30985	486	53	138	0	
30986	486	53	138	0	
30987	486	53	138	0	
30988	486	53	138	0	
30989	486	53	138	0	
30990	486	53	138	0	
30991	486	53	138	0	
30992	486	53	138	0	
30993	486	53	138	0	
30994	486	53	138	0	
30995	486	53	138	0	
30996	485	52	138	0	
30997	486	53	138	0	
30998	486	53	138	0	
30999	486	53	138	0	
31000	486	53	138	0	
31001	486	53	138	0	
31002	486	53	138	0	
31003	486	53	138	0	
31004	486	53	138	0	
31005	486	53	138	0	
31006	486	53	138	0	
31007	486	53	138	0	
31008	486	53	138	0	
31009	486	53	138	0	
31010	486	53	138	0	
31011	486	53	138	0	
31012	486	53	138	0	
31013	486	53	138	0	
31014	486	53	138	0	
31015	486	53	138	0	
31016	486	53	138	0	
31017	486	53	138	0	
31018	486	53	138	0	
31019	486	53	138	0	
31020	486	53	138	0	
31021	486	53	138	0	
31022	485	52	138	0	
31023	486	53	138	0	
31024	486	53	138	0	
31025	486	53	138	0	
31026	486	53	138	0	
31027	486	53	138	0	
31028	486	53	138	0	
31029	486	53	138	0	
31030	486	53	138	0	
31031	486	53	138	0	
31032	485	52	138	0	
31033	486	53	138	0	
31034	486	53	138	0	
31035	486	53	138	0	
31036	486	53	138	0	
31037	486	53	138	0	
31038	486	53	138	0	
31039	486	53	138	0	
31040	486	53	138	0	
31041	486	53	138	0	
31042	486	53	138	0	
31043	486	53	138	0	
31044	486	53	138	0	
31045	486	53	138	0	
31046	486	53	138	0	
31047	486	53	138	0	
31048	486	53	138	0	
31049	486	53	138	0	
31050	486	53	138	0	
31051	486	53	138	0	
31052	486	53	138	0	
31053	486	53	138	0	
31054	486	53	138	0	
31055	486	53	138	0	
31056	485	52	138	0	
31057	486	53	138	0	
31058	486	53	138	0	
31059	486	53	138	0	
31060	486	53	138	0	
31061	486	53	138	0	
31062	486	53	138	0	
31063	486	53	138	0	
31064	486	53	138	0	
31065	486	53	138	0	
31066	486	53	138	0	
31067	486	53	138	0	
31068	485	52	138	0	
31069	486	53	138	0	
31070	486	53	138	0	
31071	486	53	138	0	
31072	486	53	138	0	
31073	486	53	138	0	
31074	486	53	138	0	
31075	486	53	138	0	
31076	486	53	138	0	
31077	486	53	138	0	
31078	486	53	138	0	
31079	486	53	138	0	
31080	486	53	138	0	
31081	486	53	138	0	
31082	486	53	138	0	
31083	486	53	138	0	
31084	486	53	138	0	
31085	486	53	138	0	
31086	486	53	138	0	
31087	486	53	138	0	
31088	486	53	138	0	
31089	486	53	138	0	
31090	486	53	138	0	
31091	486	53	138	0	
31092	486	53	138	0	
31093	486	53	138	0	
31094	486	53	138	0	
31095	486	53	138	0	
31096	486	53	138	0	
31097	486	53	138	0	
31098	486	53	138	0	
31099	486	53	138	0	
31100	486	53	138	0	
31101	486	53	138	0	
31102	486	53	138	0	
31103	486	53	138	0	
31104	486	53	138	0	
31105	486	53	138	0	
31106	486	53	138	0	
31107	486	53	138	0	
31108	486	53	138	0	
31109	486	53	138	0	
31110	486	53	138	0	
31111	486	53	138	0	
31112	486	53	138	0	
31113	486	53	138	0	
31114	486	53	138	0	
31115	486	53	138	0	
31116	486	53	138	0	
31117	486	53	138	0	
31118	486	53	138	0	
31119	486	53	138	0	
31120	486	53	138	0	
31121	486	53	138	0	
31122	486	53	138	0	
31123	486	53	138	0	
31124	486	53	138	0	
31125	486	53	138	0	
31126	486	53	138	0	
31127	486	53	138	0	
31128	486	53	138	0	
31129	486	53	138	0	
31130	486	53	138	0	
31131	486	53	138	0	
31132	486	53	138	0	
31133	486	53	138	0	
31134	486	53	138	0	
31135	486	53	138	0	
31136	486	53	138	0	
31137	486	53	138	0	
31138	486	53	138	0	
31139	486	53	138	0	
31140	486	53	138	0	
31141	486	53	138	0	
31142	486	53	138	0	
31143	485	53	137	0	
31144	484	53	136	0	
31145	483	52	136	0	
31146	482	51	136	0	
31147	485	53	135	0	
31148	488	54	134	0	
31149	490	55	133	0	
31150	490	55	134	0	
31151	490	55	135	0	
31152	490	55	136	0	
31153	490	56	137	0	
31154	490	56	138	0	
31155	490	56	138	0	
31156	490	57	138	0	
31157	490	57	138	0	
31158	490	58	138	0	
31159	490	58	138	0	
31160	491	57	138	0	
31161	491	58	138	0	
31162	493	61	128	0	
31163	493	61	130	0	
31164	496	56	134	0	
31165	490	56	134	0	
31166	484	57	134	0	
31167	485	57	135	0	
31168	485	57	136	0	
31169	485	57	138	0	
31170	485	57	138	0	
31171	485	57	138	0	
31172	484	57	138	0	
31173	482	57	140	0	
31174	480	57	142	0	
31175	479	57	142	0	
31176	477	56	144	0	
31177	475	55	146	0	
31178	474	54	148	0	
31179	473	53	150	0	
31180	472	52	151	0	
31181	471	52	151	0	
31182	471	52	151	0	
31183	471	52	151	0	
31184	471	52	151	0	
31185	471	52	151	0	
31186	471	52	151	0	
31187	471	52	151	0	
31188	471	52	151	0	
31189	472	52	151	0	
31190	473	53	150	0	
31191	474	44	162	0	
31192	473	43	163	0	
31193	475	44	161	0	
31194	476	45	159	0	
31195	477	46	157	0	
31196	478	47	156	0	
31197	479	48	155	0	
31198	480	49	154	0	
31199	481	50	153	0	
31200	482	51	152	0	
31201	481	50	154	0	
31202	480	49	154	0	
31203	479	48	154	0	
31204	478	47	154	0	
31205	477	46	154	0	
31206	476	45	154	0	
31207	475	44	154	0	
31208	474	43	154	0	
31209	474	43	154	0	
31210	474	42	153	0	
31211	474	42	152	0	
31212	474	42	151	0	
31213	474	42	150	0	
31214	474	42	149	0	
31215	474	42	148	0	
31216	474	42	147	0	
31217	474	42	146	0	
31218	474	42	145	0	
31219	474	42	144	0	
31220	474	42	143	0	
31221	474	42	142	0	
31222	474	42	141	0	
31223	473	42	140	0	
31224	473	42	139	0	
31225	473	41	139	0	
31226	473	41	138	0	
31227	473	40	138	0	
31228	473	39	138	0	
31229	472	38	138	0	
31230	471	37	138	0	
31231	470	37	138	0	
31232	469	36	138	0	
31233	469	35	138	0	
31234	469	34	138	0	
31235	469	33	138	0	
31236	469	32	138	0	
31237	469	31	138	0	
31238	469	30	138	0	
31239	469	29	138	0	
31240	469	28	138	0	
31241	469	27	138	0	
31242	469	26	138	0	
31243	469	25	138	0	
31244	469	24	138	0	
31245	469	23	138	0	
31246	469	22	138	0	
31247	468	21	138	0	
31248	468	20	138	0	
31249	467	19	138	0	
