60001	466	72	153	0	
60002	466	72	153	0	
60003	466	72	153	0	
60004	466	72	153	0	
60005	465	71	155	0	
60006	464	70	157	0	
60007	464	70	157	0	
60008	464	70	157	0	
60009	463	69	159	0	
60010	462	68	161	0	
60011	461	67	162	0	
60012	460	66	163	0	
60013	459	65	164	0	
60014	458	64	165	0	
60015	458	64	166	0	
60016	458	64	167	0	
60017	458	64	168	0	
60018	458	64	169	0	
60019	458	64	170	0	
60020	458	64	171	0	
60021	459	65	169	0	
60022	460	66	167	0	
60023	461	67	166	0	
60024	462	68	165	0	
60025	461	67	166	0	
60026	460	66	167	0	
60027	459	65	168	0	
60028	460	66	167	0	
60029	459	65	168	0	
60030	458	64	169	0	
60031	458	64	170	0	
60032	458	64	171	0	
60033	458	64	172	0	
60034	459	65	170	0	
60035	458	64	171	0	
60036	458	64	172	0	
60037	459	65	170	0	
60038	458	64	171	0	
60039	458	64	172	0	
60040	459	65	170	0	
60041	460	66	168	0	
60042	461	67	167	0	
60043	461	66	167	0	
60044	462	67	166	0	
60045	462	68	165	0	
60046	462	68	164	0	
60047	462	68	163	0	
60048	462	68	162	0	
60049	462	67	162	0	
60050	463	66	160	0	
60051	464	65	158	0	
60052	465	64	157	0	
60053	466	63	156	0	
60054	467	62	155	0	
60055	467	62	154	0	
60056	467	62	153	0	
60057	467	62	152	0	
60058	467	62	151	0	
60059	467	62	150	0	
60060	466	62	153	0	
60061	467	62	152	0	
60062	466	61	153	0	
60063	465	60	154	0	
60064	464	60	155	0	
60065	465	60	154	0	
60066	466	60	153	0	
60067	467	60	152	0	
60068	467	60	151	0	
60069	467	60	150	0	
60070	466	60	153	0	
60071	467	60	152	0	
60072	467	60	151	0	
60073	467	60	150	0	
60074	467	60	149	0	
60075	467	60	148	0	
60076	467	60	148	0	
60077	467	60	148	0	
60078	467	59	149	0	
60079	467	58	149	0	
60080	467	58	148	0	
60081	467	59	149	0	
60082	467	60	149	0	
60083	467	61	149	0	
60084	467	62	149	0	
60085	467	63	149	0	
60086	467	62	148	0	
60087	467	62	148	0	
60088	467	62	148	0	
60089	466	61	150	0	
60090	465	60	151	0	
60091	466	60	150	0	
60092	467	60	149	0	
60093	467	60	148	0	
60094	467	60	148	0	
60095	467	60	148	0	
60096	467	60	148	0	
60097	467	60	148	0	
60098	467	60	148	0	
60099	467	60	148	0	
60100	467	60	148	0	
60101	467	60	148	0	
60102	467	60	148	0	
60103	467	60	148	0	
60104	467	60	148	0	
60105	467	60	148	0	
60106	467	60	148	0	
60107	467	60	148	0	
60108	467	60	148	0	
60109	467	59	149	0	
60110	467	58	149	0	
60111	467	59	149	0	
60112	467	60	149	0	
60113	467	60	148	0	
60114	467	61	149	0	
60115	467	61	148	0	
60116	467	61	148	0	
60117	467	61	148	0	
60118	467	61	148	0	
60119	467	61	148	0	
60120	467	61	148	0	
60121	467	61	148	0	
60122	467	61	148	0	
60123	467	62	149	0	
60124	467	63	149	0	
60125	467	64	149	0	
60126	467	65	149	0	
60127	467	66	149	0	
60128	467	67	149	0	
60129	467	68	149	0	
60130	467	68	149	0	
60131	467	68	149	0	
60132	467	67	148	0	
60133	467	66	148	0	
60134	467	65	148	0	
60135	467	64	148	0	
60136	467	63	148	0	
60137	467	62	148	0	
60138	467	62	148	0	
60139	467	62	148	0	
60140	467	62	148	0	
60141	467	62	148	0	
60142	467	62	148	0	
60143	467	62	148	0	
60144	467	62	148	0	
60145	467	62	148	0	
60146	467	62	148	0	
60147	467	62	148	0	
60148	467	63	149	0	
60149	467	62	148	0	
60150	467	62	148	0	
60151	467	62	148	0	
60152	467	62	148	0	
60153	467	62	148	0	
60154	467	62	148	0	
60155	467	62	148	0	
60156	467	62	148	0	
60157	467	62	148	0	
60158	467	62	148	0	
60159	467	62	148	0	
60160	467	62	148	0	
60161	467	62	148	0	
60162	467	62	148	0	
60163	467	62	148	0	
60164	467	62	148	0	
60165	467	63	148	0	
60166	467	62	148	0	
60167	467	63	148	0	
60168	467	62	148	0	
60169	467	62	148	0	
60170	467	62	148	0	
60171	467	62	148	0	
60172	467	62	148	0	
60173	467	62	148	0	
60174	467	62	148	0	
60175	467	62	148	0	
60176	467	62	148	0	
60177	467	62	148	0	
60178	467	62	148	0	
60179	467	62	148	0	
60180	467	62	148	0	
60181	467	62	148	0	
60182	467	62	148	0	
60183	467	62	148	0	
60184	467	62	148	0	
60185	467	62	148	0	
60186	467	62	148	0	
60187	467	63	148	0	
60188	467	62	148	0	
60189	467	62	148	0	
60190	467	62	148	0	
60191	467	62	148	0	
60192	467	62	148	0	
60193	467	62	148	0	
60194	467	62	148	0	
60195	467	62	148	0	
60196	467	62	148	0	
60197	467	63	148	0	
60198	467	63	148	0	
60199	467	62	148	0	
60200	467	63	148	0	
60201	467	62	148	0	
60202	467	62	148	0	
60203	467	62	148	0	
60204	467	62	148	0	
60205	467	63	148	0	
60206	467	63	148	0	
60207	467	62	148	0	
60208	467	62	148	0	
60209	467	62	148	0	
60210	467	63	148	0	
60211	467	63	148	0	
60212	467	63	148	0	
60213	467	62	148	0	
60214	467	62	148	0	
60215	467	62	148	0	
60216	467	62	148	0	
60217	467	62	148	0	
60218	467	62	148	0	
60219	467	62	148	0	
60220	467	62	148	0	
60221	467	62	148	0	
60222	467	62	148	0	
60223	467	62	148	0	
60224	467	62	148	0	
60225	467	62	148	0	
60226	467	62	148	0	
60227	467	62	148	0	
60228	467	62	148	0	
60229	467	62	148	0	
60230	467	62	148	0	
60231	467	62	148	0	
60232	466	62	151	0	
60233	467	62	150	0	
60234	467	62	149	0	
60235	466	61	150	0	
60236	466	62	150	0	
60237	466	62	150	0	
60238	467	62	149	0	
60239	467	62	149	0	
60240	467	63	148	0	
60241	467	63	149	0	
60242	467	64	149	0	
60243	467	65	149	0	
60244	467	66	149	0	
60245	467	67	149	0	
60246	467	68	149	0	
60247	467	68	149	0	
60248	467	68	149	0	
60249	467	68	149	0	
60250	467	68	149	0	
60251	467	68	149	0	
60252	467	68	149	0	
60253	467	68	149	0	
60254	466	67	150	0	
60255	466	68	150	0	
60256	466	68	150	0	
60257	466	68	150	0	
60258	466	67	150	0	
60259	466	68	150	0	
60260	467	67	149	0	
60261	467	66	148	0	
60262	467	66	149	0	
60263	467	67	149	0	
60264	467	66	148	0	
60265	467	65	148	0	
60266	467	64	148	0	
60267	467	65	149	0	
60268	467	64	148	0	
60269	467	63	148	0	
60270	467	62	148	0	
60271	467	62	148	0	
60272	466	61	150	0	
60273	465	60	151	0	
60274	465	61	151	0	
60275	465	62	151	0	
60276	464	61	152	0	
60277	464	60	153	0	
60278	464	60	154	0	
60279	464	60	155	0	
60280	464	60	156	0	
60281	464	60	157	0	
60282	464	60	158	0	
60283	464	60	159	0	
60284	464	60	160	0	
60285	464	60	160	0	
60286	464	61	159	0	
60287	464	60	160	0	
60288	464	60	160	0	
60289	464	60	160	0	
60290	464	60	160	0	
60291	464	60	160	0	
60292	464	61	159	0	
60293	464	62	158	0	
60294	464	61	159	0	
60295	464	60	160	0	
60296	464	60	160	0	
60297	464	60	160	0	
60298	464	60	160	0	
60299	465	60	158	0	
60300	464	60	160	0	
60301	464	60	160	0	
60302	464	60	160	0	
60303	465	60	158	0	
60304	466	60	157	0	
60305	467	60	156	0	
60306	466	60	158	0	
60307	465	60	160	0	
60308	464	60	160	0	
60309	463	60	162	0	
60310	463	61	161	0	
60311	462	61	162	0	
60312	463	61	160	0	
60313	463	62	159	0	
60314	463	61	160	0	
60315	463	62	159	0	
60316	463	63	158	0	
60317	464	62	157	0	
60318	465	62	156	0	
60319	466	62	155	0	
60320	467	62	154	0	
60321	467	62	153	0	
60322	467	62	152	0	
60323	467	62	151	0	
60324	466	61	152	0	
60325	465	60	153	0	
60326	464	60	154	0	
60327	464	60	155	0	
60328	464	60	156	0	
60329	464	60	157	0	
60330	465	60	156	0	
60331	466	60	155	0	
60332	467	60	154	0	
60333	467	60	153	0	
60334	467	60	152	0	
60335	467	60	151	0	
60336	467	60	150	0	
60337	467	61	150	0	
60338	467	62	150	0	
60339	466	61	151	0	
60340	467	61	150	0	
60341	466	60	151	0	
60342	467	60	150	0	
60343	467	60	149	0	
60344	467	60	148	0	
60345	467	60	148	0	
60346	467	60	148	0	
60347	467	60	148	0	
60348	467	60	148	0	
60349	467	60	148	0	
60350	467	60	148	0	
60351	467	60	148	0	
60352	467	60	148	0	
60353	467	60	148	0	
60354	467	60	148	0	
60355	467	60	148	0	
60356	466	60	150	0	
60357	467	60	149	0	
60358	467	60	148	0	
60359	467	60	148	0	
60360	467	60	148	0	
60361	467	60	148	0	
60362	466	60	150	0	
60363	467	60	149	0	
60364	467	60	148	0	
60365	467	60	148	0	
60366	466	60	150	0	
60367	465	60	151	0	
60368	464	60	152	0	
60369	464	60	153	0	
60370	464	61	153	0	
60371	464	60	154	0	
60372	464	60	155	0	
60373	464	60	156	0	
60374	464	60	157	0	
60375	464	60	158	0	
60376	464	60	159	0	
60377	464	60	160	0	
60378	464	60	160	0	
60379	464	60	160	0	
60380	464	60	160	0	
60381	464	60	160	0	
60382	464	60	160	0	
60383	464	60	160	0	
60384	464	60	160	0	
60385	464	60	160	0	
60386	464	60	160	0	
60387	464	60	160	0	
60388	464	60	160	0	
60389	464	60	160	0	
60390	464	60	160	0	
60391	464	60	160	0	
60392	464	60	160	0	
60393	464	60	160	0	
60394	464	60	160	0	
60395	464	60	160	0	
60396	464	60	160	0	
60397	464	60	160	0	
60398	464	60	160	0	
60399	464	60	160	0	
60400	464	60	160	0	
60401	464	61	159	0	
60402	464	62	158	0	
60403	464	63	158	0	
60404	464	64	158	0	
60405	464	63	159	0	
60406	464	62	160	0	
60407	464	61	160	0	
60408	464	62	159	0	
60409	464	63	158	0	
60410	464	64	158	0	
60411	464	65	158	0	
60412	464	66	158	0	
60413	464	67	158	0	
60414	464	68	158	0	
60415	464	68	158	0	
60416	464	68	158	0	
60417	464	68	158	0	
60418	464	68	158	0	
60419	464	68	158	0	
60420	464	68	158	0	
60421	464	68	158	0	
60422	464	68	158	0	
60423	464	68	158	0	
60424	464	68	158	0	
60425	464	68	158	0	
60426	463	67	160	0	
60427	463	68	159	0	
60428	463	68	158	0	
60429	463	68	158	0	
60430	463	68	158	0	
60431	463	68	158	0	
60432	463	68	158	0	
60433	463	68	158	0	
60434	463	67	158	0	
60435	463	66	158	0	
60436	463	65	159	0	
60437	463	64	160	0	
60438	463	63	160	0	
60439	463	62	160	0	
60440	463	63	159	0	
60441	463	62	160	0	
60442	463	61	160	0	
60443	463	60	160	0	
60444	463	60	160	0	
60445	463	61	159	0	
60446	463	60	160	0	
60447	463	60	160	0	
60448	463	60	160	0	
60449	463	60	160	0	
60450	463	60	160	0	
60451	463	60	160	0	
60452	463	60	160	0	
60453	463	60	160	0	
60454	463	60	160	0	
60455	463	60	160	0	
60456	463	60	160	0	
60457	463	60	160	0	
60458	463	60	160	0	
60459	463	60	160	0	
60460	463	60	160	0	
60461	462	60	162	0	
60462	462	60	162	0	
60463	462	60	162	0	
60464	462	60	162	0	
60465	461	60	163	0	
60466	461	60	163	0	
60467	461	60	163	0	
60468	461	60	163	0	
60469	460	60	164	0	
60470	461	60	162	0	
60471	462	61	161	0	
60472	462	60	161	0	
60473	462	61	160	0	
60474	462	60	160	0	
60475	462	60	160	0	
60476	462	60	160	0	
60477	462	61	159	0	
60478	462	60	160	0	
60479	462	60	160	0	
60480	462	60	160	0	
60481	462	60	160	0	
60482	462	60	160	0	
60483	462	60	160	0	
60484	461	60	162	0	
60485	462	61	161	0	
60486	462	62	160	0	
60487	462	63	159	0	
60488	462	63	158	0	
60489	462	64	158	0	
60490	462	65	158	0	
60491	462	66	158	0	
60492	462	65	159	0	
60493	462	64	160	0	
60494	462	63	160	0	
60495	462	62	160	0	
60496	462	61	160	0	
60497	462	60	160	0	
60498	462	61	159	0	
60499	462	60	160	0	
60500	462	60	160	0	
60501	462	60	160	0	
60502	462	60	160	0	
60503	462	60	160	0	
60504	462	61	159	0	
60505	462	60	160	0	
60506	462	60	160	0	
60507	462	61	159	0	
60508	462	60	160	0	
60509	462	60	160	0	
60510	462	61	159	0	
60511	462	60	160	0	
60512	462	60	160	0	
60513	462	61	159	0	
60514	462	62	158	0	
60515	462	63	158	0	
60516	462	62	159	0	
60517	462	61	160	0	
60518	462	60	160	0	
60519	462	60	160	0	
60520	462	60	160	0	
60521	462	60	160	0	
60522	462	60	160	0	
60523	462	60	160	0	
60524	462	60	160	0	
60525	462	60	160	0	
60526	462	60	160	0	
60527	462	60	160	0	
60528	462	60	160	0	
60529	462	61	159	0	
60530	462	60	160	0	
60531	462	61	159	0	
60532	462	62	158	0	
60533	462	63	158	0	
60534	462	64	158	0	
60535	462	65	158	0	
60536	462	66	158	0	
60537	462	67	158	0	
60538	462	68	158	0	
60539	462	68	158	0	
60540	462	68	158	0	
60541	462	68	158	0	
60542	462	68	158	0	
60543	462	68	158	0	
60544	462	68	158	0	
60545	462	67	158	0	
60546	462	66	159	0	
60547	462	67	158	0	
60548	462	68	158	0	
60549	462	67	159	0	
60550	462	66	160	0	
60551	462	65	160	0	
60552	462	64	160	0	
60553	462	63	160	0	
60554	462	62	160	0	
60555	462	61	160	0	
60556	462	60	160	0	
60557	462	60	160	0	
60558	462	60	160	0	
60559	462	60	160	0	
60560	462	61	159	0	
60561	462	62	158	0	
60562	462	62	158	0	
60563	462	62	158	0	
60564	462	62	158	0	
60565	462	61	159	0	
60566	462	62	158	0	
60567	462	61	159	0	
60568	462	60	160	0	
60569	462	61	159	0	
60570	462	62	158	0	
60571	462	63	158	0	
60572	462	62	159	0	
60573	462	61	160	0	
60574	462	60	160	0	
60575	462	60	160	0	
60576	462	60	160	0	
60577	462	60	160	0	
60578	462	60	160	0	
60579	462	60	160	0	
60580	462	60	160	0	
60581	462	60	160	0	
60582	462	60	160	0	
60583	462	60	160	0	
60584	462	60	160	0	
60585	462	60	160	0	
60586	462	60	160	0	
60587	462	60	160	0	
60588	462	60	160	0	
60589	462	60	160	0	
60590	462	60	160	0	
60591	462	60	160	0	
60592	462	60	160	0	
60593	462	60	160	0	
60594	462	60	160	0	
60595	462	60	159	0	
60596	462	60	158	0	
60597	462	60	159	0	
60598	462	61	158	0	
60599	462	62	158	0	
60600	462	63	158	0	
60601	462	64	158	0	
60602	462	63	159	0	
60603	463	62	157	0	
60604	464	62	156	0	
60605	464	63	156	0	
60606	464	64	156	0	
60607	464	65	156	0	
60608	464	66	156	0	
60609	464	67	156	0	
60610	464	68	156	0	
60611	464	68	156	0	
60612	464	68	156	0	
60613	464	67	157	0	
60614	464	68	157	0	
60615	464	68	157	0	
60616	464	68	157	0	
60617	464	68	157	0	
60618	464	68	157	0	
60619	464	68	157	0	
60620	464	68	157	0	
60621	464	68	157	0	
60622	464	68	157	0	
60623	464	68	157	0	
60624	464	68	157	0	
60625	464	68	157	0	
60626	464	68	157	0	
60627	464	68	157	0	
60628	464	68	157	0	
60629	464	68	157	0	
60630	464	68	157	0	
60631	464	68	157	0	
60632	464	68	157	0	
60633	464	68	157	0	
60634	464	67	158	0	
60635	464	66	159	0	
60636	464	65	160	0	
60637	464	66	159	0	
60638	464	67	158	0	
60639	464	68	158	0	
60640	464	68	158	0	
60641	464	68	158	0	
60642	464	67	159	0	
60643	464	66	160	0	
60644	464	65	160	0	
60645	464	64	160	0	
60646	464	63	160	0	
60647	464	62	160	0	
60648	464	61	160	0	
60649	464	60	160	0	
60650	464	60	160	0	
60651	464	60	159	0	
60652	464	60	158	0	
60653	464	60	158	0	
60654	464	60	158	0	
60655	464	60	158	0	
60656	464	60	158	0	
60657	464	60	158	0	
60658	464	60	158	0	
60659	464	60	158	0	
60660	464	60	158	0	
60661	464	60	158	0	
60662	464	60	158	0	
60663	464	60	158	0	
60664	464	60	158	0	
60665	464	61	158	0	
60666	464	60	159	0	
60667	464	60	160	0	
60668	464	60	160	0	
60669	464	60	160	0	
60670	464	60	160	0	
60671	464	60	160	0	
60672	464	60	160	0	
60673	464	60	160	0	
60674	464	60	160	0	
60675	464	60	160	0	
60676	464	60	160	0	
60677	463	60	162	0	
60678	463	61	161	0	
60679	463	62	160	0	
60680	463	63	159	0	
60681	463	64	158	0	
60682	463	65	158	0	
60683	463	66	158	0	
60684	463	67	158	0	
60685	463	68	158	0	
60686	463	68	158	0	
60687	463	68	158	0	
60688	463	67	159	0	
60689	463	66	160	0	
60690	463	65	160	0	
60691	463	64	160	0	
60692	463	63	160	0	
60693	463	64	159	0	
60694	463	63	160	0	
60695	463	62	160	0	
60696	463	62	159	0	
60697	463	62	158	0	
60698	463	62	158	0	
60699	463	62	158	0	
60700	463	62	158	0	
60701	463	61	159	0	
60702	463	60	160	0	
60703	463	60	160	0	
60704	463	60	160	0	
60705	463	60	159	0	
60706	463	60	158	0	
60707	463	60	159	0	
60708	463	60	158	0	
60709	463	60	158	0	
60710	463	60	158	0	
60711	463	60	158	0	
60712	463	60	158	0	
60713	463	60	158	0	
60714	463	60	158	0	
60715	463	60	158	0	
60716	463	60	158	0	
60717	463	60	158	0	
60718	463	61	158	0	
60719	463	62	158	0	
60720	463	63	158	0	
60721	463	64	158	0	
60722	463	65	158	0	
60723	463	65	158	0	
60724	463	65	158	0	
60725	463	65	158	0	
60726	463	65	158	0	
60727	463	66	158	0	
60728	463	66	158	0	
60729	463	66	158	0	
60730	463	66	158	0	
60731	463	66	158	0	
60732	463	66	158	0	
60733	463	66	158	0	
60734	463	66	158	0	
60735	463	66	158	0	
60736	463	66	158	0	
60737	463	66	158	0	
60738	463	65	159	0	
60739	463	65	158	0	
60740	463	65	158	0	
60741	463	65	158	0	
60742	463	65	158	0	
60743	463	65	158	0	
60744	462	64	160	0	
60745	461	64	162	0	
60746	462	64	161	0	
60747	461	64	162	0	
60748	462	64	161	0	
60749	461	64	162	0	
60750	462	65	161	0	
60751	462	64	161	0	
60752	462	63	161	0	
60753	462	64	160	0	
60754	461	64	162	0	
60755	462	65	161	0	
60756	462	66	160	0	
60757	462	67	159	0	
60758	462	68	158	0	
60759	462	68	158	0	
60760	462	68	158	0	
60761	462	68	158	0	
60762	462	68	158	0	
60763	462	68	158	0	
60764	462	68	158	0	
60765	462	68	158	0	
60766	462	68	158	0	
60767	462	68	158	0	
60768	462	68	158	0	
60769	462	68	158	0	
60770	462	68	158	0	
60771	462	68	158	0	
60772	462	68	158	0	
60773	462	68	158	0	
60774	462	68	158	0	
60775	462	68	158	0	
60776	462	68	158	0	
60777	462	68	158	0	
60778	462	68	158	0	
60779	462	68	158	0	
60780	462	68	158	0	
60781	462	68	158	0	
60782	462	68	158	0	
60783	462	68	158	0	
60784	462	68	158	0	
60785	462	68	158	0	
60786	462	68	158	0	
60787	462	68	158	0	
60788	462	68	158	0	
60789	462	68	158	0	
60790	462	68	158	0	
60791	462	68	158	0	
60792	462	68	158	0	
60793	462	68	158	0	
60794	462	68	158	0	
60795	462	68	158	0	
60796	462	68	158	0	
60797	462	68	158	0	
60798	462	68	158	0	
60799	462	68	158	0	
60800	462	67	158	0	
60801	462	68	158	0	
60802	462	68	158	0	
60803	462	68	158	0	
60804	462	68	158	0	
60805	462	68	158	0	
60806	462	68	158	0	
60807	462	68	158	0	
60808	462	68	158	0	
60809	462	68	158	0	
60810	462	68	158	0	
60811	462	68	158	0	
60812	462	68	158	0	
60813	462	68	158	0	
60814	462	68	158	0	
60815	462	68	158	0	
60816	462	68	158	0	
60817	462	68	158	0	
60818	462	68	158	0	
60819	462	67	159	0	
60820	462	66	160	0	
60821	462	65	160	0	
60822	462	64	160	0	
60823	462	63	160	0	
60824	462	62	160	0	
60825	462	62	159	0	
60826	462	61	160	0	
60827	461	61	162	0	
60828	461	60	162	0	
60829	462	61	161	0	
60830	461	61	162	0	
60831	462	62	161	0	
60832	462	63	160	0	
60833	461	63	162	0	
60834	462	64	161	0	
60835	462	64	160	0	
60836	462	65	159	0	
60837	462	66	158	0	
60838	462	67	158	0	
60839	462	68	158	0	
60840	462	68	158	0	
60841	462	68	158	0	
60842	462	68	158	0	
60843	462	68	158	0	
60844	462	68	158	0	
60845	462	68	158	0	
60846	462	68	158	0	
60847	462	68	158	0	
60848	462	68	158	0	
60849	462	68	158	0	
60850	462	68	158	0	
60851	462	68	158	0	
60852	462	68	158	0	
60853	462	68	158	0	
60854	462	68	158	0	
60855	462	68	158	0	
60856	462	68	158	0	
60857	462	68	158	0	
60858	462	68	158	0	
60859	462	68	158	0	
60860	462	68	158	0	
60861	462	68	158	0	
60862	462	68	158	0	
60863	462	68	158	0	
60864	462	68	158	0	
60865	462	68	158	0	
60866	462	68	158	0	
60867	462	68	158	0	
60868	462	68	158	0	
60869	462	68	158	0	
60870	462	68	158	0	
60871	462	68	158	0	
60872	462	68	158	0	
60873	462	68	158	0	
60874	462	68	158	0	
60875	462	67	158	0	
60876	462	68	158	0	
60877	462	68	158	0	
60878	462	68	158	0	
60879	462	68	158	0	
60880	462	68	158	0	
60881	462	68	158	0	
60882	462	68	158	0	
60883	462	68	158	0	
60884	462	68	158	0	
60885	462	68	158	0	
60886	462	68	158	0	
60887	462	68	158	0	
60888	462	68	158	0	
60889	462	68	158	0	
60890	462	68	158	0	
60891	462	68	158	0	
60892	462	68	158	0	
60893	462	68	158	0	
60894	462	68	158	0	
60895	462	68	158	0	
60896	462	68	158	0	
60897	462	68	158	0	
60898	462	68	158	0	
60899	462	68	158	0	
60900	462	68	158	0	
60901	462	68	158	0	
60902	462	68	158	0	
60903	462	67	158	0	
60904	462	66	158	0	
60905	462	66	158	0	
60906	462	66	158	0	
60907	462	67	158	0	
60908	462	66	158	0	
60909	462	66	158	0	
60910	462	66	158	0	
60911	462	66	158	0	
60912	462	66	158	0	
60913	462	66	158	0	
60914	462	67	158	0	
60915	462	68	158	0	
60916	462	68	158	0	
60917	462	68	158	0	
60918	462	68	158	0	
60919	462	68	158	0	
60920	462	68	158	0	
60921	462	68	158	0	
60922	462	68	158	0	
60923	462	68	158	0	
60924	462	68	158	0	
60925	462	68	158	0	
60926	462	68	158	0	
60927	462	68	158	0	
60928	462	68	158	0	
60929	462	68	158	0	
60930	462	68	158	0	
60931	462	68	158	0	
60932	462	68	158	0	
60933	462	68	158	0	
60934	462	68	158	0	
60935	462	68	158	0	
60936	462	68	158	0	
60937	462	68	158	0	
60938	462	68	158	0	
60939	462	67	158	0	
60940	462	68	158	0	
60941	462	67	158	0	
60942	462	68	158	0	
60943	462	67	158	0	
60944	462	68	158	0	
60945	462	68	158	0	
60946	462	67	158	0	
60947	462	68	158	0	
60948	462	68	158	0	
60949	462	67	158	0	
60950	462	68	158	0	
60951	462	68	158	0	
60952	462	67	158	0	
60953	462	66	158	0	
60954	462	66	158	0	
60955	462	66	158	0	
60956	462	67	158	0	
60957	462	68	158	0	
60958	462	68	158	0	
60959	462	68	158	0	
60960	462	68	158	0	
60961	462	68	158	0	
60962	462	68	158	0	
60963	462	68	158	0	
60964	462	68	158	0	
60965	462	68	158	0	
60966	462	68	158	0	
60967	462	68	158	0	
60968	462	68	158	0	
60969	462	68	158	0	
60970	462	68	158	0	
60971	462	68	158	0	
60972	462	68	158	0	
60973	462	68	158	0	
60974	462	68	158	0	
60975	462	68	158	0	
60976	462	68	158	0	
60977	462	68	158	0	
60978	462	68	158	0	
60979	462	68	158	0	
60980	462	68	158	0	
60981	462	68	158	0	
60982	462	68	158	0	
60983	462	68	158	0	
60984	462	68	158	0	
60985	462	68	158	0	
60986	462	68	158	0	
60987	462	67	158	0	
60988	462	66	158	0	
60989	462	66	158	0	
60990	462	66	158	0	
60991	462	66	158	0	
60992	462	66	158	0	
60993	462	66	158	0	
60994	462	66	158	0	
60995	462	66	158	0	
60996	462	67	158	0	
60997	462	68	158	0	
60998	462	67	158	0	
60999	462	68	158	0	
61000	462	68	158	0	
61001	462	68	158	0	
61002	462	67	158	0	
61003	462	66	158	0	
61004	462	66	158	0	
61005	462	66	158	0	
61006	462	67	158	0	
61007	462	68	158	0	
61008	462	68	158	0	
61009	462	68	158	0	
61010	462	68	158	0	
61011	462	68	158	0	
61012	462	68	158	0	
61013	462	68	158	0	
61014	462	68	158	0	
61015	462	68	158	0	
61016	462	68	158	0	
61017	462	68	158	0	
61018	462	68	158	0	
61019	462	68	158	0	
61020	462	68	158	0	
61021	462	68	158	0	
61022	461	67	160	0	
61023	460	66	162	0	
61024	459	65	163	0	
61025	458	64	164	0	
61026	459	65	163	0	
61027	460	66	162	0	
61028	461	67	161	0	
61029	462	68	160	0	
61030	462	68	159	0	
61031	462	67	158	0	
61032	462	68	158	0	
61033	462	67	158	0	
61034	462	66	158	0	
61035	462	66	158	0	
61036	461	65	160	0	
61037	462	66	159	0	
61038	462	67	158	0	
61039	462	68	158	0	
61040	462	68	158	0	
61041	462	68	158	0	
61042	462	68	158	0	
61043	462	67	158	0	
61044	462	68	158	0	
61045	462	67	158	0	
61046	462	68	158	0	
61047	462	68	158	0	
61048	462	67	158	0	
61049	462	66	158	0	
61050	462	66	158	0	
61051	462	66	158	0	
61052	462	66	158	0	
61053	462	67	158	0	
61054	462	66	158	0	
61055	462	66	158	0	
61056	462	67	158	0	
61057	462	68	158	0	
61058	462	68	158	0	
61059	462	68	158	0	
61060	462	68	158	0	
61061	462	68	158	0	
61062	462	68	158	0	
61063	462	68	158	0	
61064	462	68	158	0	
61065	462	68	158	0	
61066	462	68	158	0	
61067	462	68	158	0	
61068	462	68	158	0	
61069	462	68	158	0	
61070	462	68	158	0	
61071	462	68	158	0	
61072	462	68	158	0	
61073	462	68	158	0	
61074	462	68	158	0	
61075	462	68	158	0	
61076	462	68	158	0	
61077	462	67	158	0	
61078	462	68	158	0	
61079	462	67	158	0	
61080	462	68	158	0	
61081	462	68	158	0	
61082	462	68	158	0	
61083	462	68	158	0	
61084	462	68	158	0	
61085	462	68	158	0	
61086	462	67	158	0	
61087	462	66	158	0	
61088	462	66	158	0	
61089	462	66	158	0	
61090	462	66	158	0	
61091	462	66	158	0	
61092	462	66	158	0	
61093	462	67	158	0	
61094	462	66	158	0	
61095	462	66	158	0	
61096	462	67	158	0	
61097	462	68	158	0	
61098	462	68	158	0	
61099	462	68	158	0	
61100	462	68	158	0	
61101	462	68	158	0	
61102	462	67	158	0	
61103	462	66	158	0	
61104	462	66	158	0	
61105	462	66	158	0	
61106	462	66	158	0	
61107	462	66	158	0	
61108	462	66	158	0	
61109	462	66	158	0	
61110	462	66	158	0	
61111	462	66	158	0	
61112	462	66	158	0	
61113	462	66	158	0	
61114	462	66	158	0	
61115	462	67	158	0	
61116	462	68	158	0	
61117	462	68	158	0	
61118	462	67	158	0	
61119	462	68	158	0	
61120	462	68	158	0	
61121	462	68	158	0	
61122	462	68	158	0	
61123	462	68	158	0	
61124	462	68	158	0	
61125	462	68	158	0	
61126	462	68	158	0	
61127	462	68	158	0	
61128	462	68	158	0	
61129	462	68	158	0	
61130	462	68	158	0	
61131	462	68	158	0	
61132	462	68	158	0	
61133	462	68	158	0	
61134	462	68	158	0	
61135	462	68	158	0	
61136	462	68	158	0	
61137	461	67	160	0	
61138	460	66	162	0	
61139	461	67	161	0	
61140	462	68	160	0	
61141	462	68	159	0	
61142	462	68	158	0	
61143	462	68	158	0	
61144	462	68	158	0	
61145	462	68	158	0	
61146	462	68	158	0	
61147	462	68	158	0	
61148	462	68	158	0	
61149	462	68	158	0	
61150	462	68	158	0	
61151	462	68	158	0	
61152	462	68	158	0	
61153	462	68	158	0	
61154	462	68	158	0	
61155	462	68	158	0	
61156	462	68	158	0	
61157	462	68	158	0	
61158	462	68	158	0	
61159	462	68	158	0	
61160	462	68	158	0	
61161	462	68	158	0	
61162	462	68	158	0	
61163	462	68	158	0	
61164	462	68	158	0	
61165	462	68	158	0	
61166	462	68	158	0	
61167	462	68	158	0	
61168	462	68	158	0	
61169	462	68	158	0	
61170	462	68	158	0	
61171	462	68	158	0	
61172	462	68	158	0	
61173	462	68	158	0	
61174	462	68	158	0	
61175	462	68	158	0	
61176	462	68	158	0	
61177	462	68	158	0	
61178	462	68	158	0	
61179	462	68	158	0	
61180	462	68	158	0	
61181	462	68	158	0	
61182	462	68	158	0	
61183	462	67	158	0	
61184	462	68	158	0	
61185	462	68	158	0	
61186	462	67	158	0	
61187	462	66	158	0	
61188	462	66	158	0	
61189	462	66	158	0	
61190	462	66	158	0	
61191	462	66	158	0	
61192	462	66	158	0	
61193	462	66	158	0	
61194	462	66	158	0	
61195	462	66	158	0	
61196	462	66	158	0	
61197	462	66	158	0	
61198	462	66	158	0	
61199	462	66	158	0	
61200	462	66	158	0	
61201	462	66	158	0	
61202	462	66	158	0	
61203	462	66	158	0	
61204	462	66	158	0	
61205	462	67	158	0	
61206	462	68	158	0	
61207	462	68	158	0	
61208	462	68	158	0	
61209	462	68	158	0	
61210	462	67	158	0	
61211	462	68	158	0	
61212	462	67	158	0	
61213	462	68	158	0	
61214	462	68	158	0	
61215	462	68	158	0	
61216	462	68	158	0	
61217	462	68	158	0	
61218	462	68	158	0	
61219	462	67	158	0	
61220	462	66	158	0	
61221	462	67	158	0	
61222	462	68	158	0	
61223	462	68	158	0	
61224	462	68	158	0	
61225	462	68	158	0	
61226	462	68	158	0	
61227	462	68	158	0	
61228	462	68	158	0	
61229	462	68	158	0	
61230	462	68	158	0	
61231	462	68	158	0	
61232	462	68	158	0	
61233	462	67	158	0	
61234	462	68	158	0	
61235	462	68	158	0	
61236	462	68	158	0	
61237	462	68	158	0	
61238	462	68	158	0	
61239	462	67	158	0	
61240	462	66	158	0	
61241	462	67	158	0	
61242	462	68	158	0	
61243	462	68	158	0	
61244	462	68	158	0	
61245	462	67	158	0	
61246	462	68	158	0	
61247	462	68	158	0	
61248	462	68	158	0	
61249	462	68	158	0	
61250	462	68	158	0	
61251	462	68	158	0	
61252	462	68	158	0	
61253	461	67	160	0	
61254	460	66	162	0	
61255	459	65	163	0	
61256	458	64	164	0	
61257	458	64	165	0	
61258	458	64	166	0	
61259	458	64	167	0	
61260	458	64	168	0	
61261	459	65	167	0	
61262	458	64	168	0	
61263	458	64	169	0	
61264	458	64	170	0	
61265	458	64	171	0	
61266	459	64	169	0	
61267	460	65	167	0	
61268	461	66	166	0	
61269	462	67	165	0	
61270	462	68	164	0	
61271	462	68	163	0	
61272	462	67	163	0	
61273	461	66	164	0	
61274	460	65	165	0	
61275	461	66	164	0	
61276	462	67	163	0	
61277	462	68	162	0	
61278	462	68	161	0	
61279	462	68	160	0	
61280	462	68	159	0	
61281	462	68	158	0	
61282	462	68	158	0	
61283	462	68	158	0	
61284	462	68	158	0	
61285	462	68	158	0	
61286	462	68	158	0	
61287	462	68	158	0	
61288	462	68	158	0	
61289	462	68	158	0	
61290	462	68	158	0	
61291	462	68	158	0	
61292	462	68	158	0	
61293	462	68	158	0	
61294	462	68	158	0	
61295	462	68	158	0	
61296	462	68	158	0	
61297	462	68	158	0	
61298	462	68	158	0	
61299	462	68	158	0	
61300	462	68	158	0	
61301	462	68	158	0	
61302	462	68	158	0	
61303	462	68	158	0	
61304	462	68	158	0	
61305	462	68	158	0	
61306	462	68	158	0	
61307	462	68	158	0	
61308	462	68	158	0	
61309	462	68	158	0	
61310	462	68	158	0	
61311	462	68	158	0	
61312	462	68	158	0	
61313	462	68	158	0	
61314	462	68	158	0	
61315	462	68	158	0	
61316	462	68	158	0	
61317	462	68	158	0	
61318	462	68	158	0	
61319	462	68	158	0	
61320	462	67	158	0	
61321	462	68	158	0	
61322	462	68	158	0	
61323	462	68	158	0	
61324	462	68	158	0	
61325	462	68	158	0	
61326	462	68	158	0	
61327	462	68	158	0	
61328	462	68	158	0	
61329	462	68	158	0	
61330	462	68	158	0	
61331	462	68	158	0	
61332	462	68	158	0	
61333	462	68	158	0	
61334	462	68	158	0	
61335	462	68	158	0	
61336	462	68	158	0	
61337	462	68	158	0	
61338	462	68	158	0	
61339	462	68	158	0	
61340	462	68	158	0	
61341	462	68	158	0	
61342	462	68	158	0	
61343	462	68	158	0	
61344	462	68	158	0	
61345	462	68	158	0	
61346	462	68	158	0	
61347	462	68	158	0	
61348	462	68	158	0	
61349	462	68	158	0	
61350	462	68	158	0	
61351	462	68	158	0	
61352	462	68	158	0	
61353	462	68	158	0	
61354	462	68	158	0	
61355	462	68	158	0	
61356	462	68	158	0	
61357	462	68	158	0	
61358	462	68	158	0	
61359	462	68	158	0	
61360	462	68	158	0	
61361	462	68	158	0	
61362	462	68	158	0	
61363	462	68	158	0	
61364	462	68	158	0	
61365	461	67	160	0	
61366	460	66	162	0	
61367	459	65	163	0	
61368	458	64	164	0	
61369	458	64	165	0	
61370	459	65	164	0	
61371	460	66	163	0	
61372	461	67	162	0	
61373	462	68	161	0	
61374	462	68	160	0	
61375	462	68	159	0	
61376	462	68	158	0	
61377	462	68	158	0	
61378	462	68	158	0	
61379	462	68	158	0	
61380	462	68	158	0	
61381	462	68	158	0	
61382	462	68	158	0	
61383	462	68	158	0	
61384	462	68	158	0	
61385	462	68	158	0	
61386	462	68	158	0	
61387	462	68	158	0	
61388	462	68	158	0	
61389	462	68	158	0	
61390	462	68	158	0	
61391	462	68	158	0	
61392	462	68	158	0	
61393	462	68	158	0	
61394	462	68	158	0	
61395	462	68	158	0	
61396	462	68	158	0	
61397	462	68	158	0	
61398	462	68	158	0	
61399	462	68	158	0	
61400	462	68	158	0	
61401	462	68	158	0	
61402	462	68	158	0	
61403	462	68	158	0	
61404	462	68	158	0	
61405	462	68	158	0	
61406	462	68	158	0	
61407	462	68	158	0	
61408	462	68	158	0	
61409	462	68	158	0	
61410	462	68	158	0	
61411	462	68	158	0	
61412	462	68	158	0	
61413	462	68	158	0	
61414	462	68	158	0	
61415	462	68	158	0	
61416	462	68	158	0	
61417	462	68	158	0	
61418	462	68	158	0	
61419	462	68	158	0	
61420	462	68	158	0	
61421	462	68	158	0	
61422	462	68	158	0	
61423	462	68	158	0	
61424	462	68	158	0	
61425	462	68	158	0	
61426	462	68	158	0	
61427	462	68	158	0	
61428	462	68	158	0	
61429	462	68	158	0	
61430	462	68	158	0	
61431	462	68	158	0	
61432	462	68	158	0	
61433	462	68	158	0	
61434	462	68	158	0	
61435	462	68	158	0	
61436	462	68	158	0	
61437	462	68	158	0	
61438	462	68	158	0	
61439	462	68	158	0	
61440	462	68	158	0	
61441	462	68	158	0	
61442	462	68	158	0	
61443	462	68	158	0	
61444	462	68	158	0	
61445	462	68	158	0	
61446	462	68	158	0	
61447	462	68	158	0	
61448	462	68	158	0	
61449	462	68	158	0	
61450	462	68	158	0	
61451	462	68	158	0	
61452	462	68	158	0	
61453	462	68	158	0	
61454	462	68	158	0	
61455	462	68	158	0	
61456	462	68	158	0	
61457	462	68	158	0	
61458	462	68	158	0	
61459	462	68	158	0	
61460	462	68	158	0	
61461	462	68	158	0	
61462	462	68	158	0	
61463	462	68	158	0	
61464	462	68	158	0	
61465	462	68	158	0	
61466	462	68	158	0	
61467	462	68	158	0	
61468	462	68	158	0	
61469	462	68	158	0	
61470	462	68	158	0	
61471	462	68	158	0	
61472	461	67	160	0	
61473	460	66	162	0	
61474	459	65	163	0	
61475	460	66	162	0	
61476	459	65	163	0	
61477	458	64	164	0	
61478	458	64	165	0	
61479	458	64	166	0	
61480	458	64	167	0	
61481	458	64	168	0	
61482	458	64	169	0	
61483	458	64	170	0	
61484	458	64	171	0	
61485	458	64	172	0	
61486	458	64	172	0	
61487	458	64	172	0	
61488	458	64	172	0	
61489	459	65	170	0	
61490	458	64	171	0	
61491	458	64	172	0	
61492	458	64	172	0	
61493	458	64	172	0	
61494	458	64	172	0	
61495	459	65	170	0	
61496	460	66	168	0	
61497	461	67	167	0	
61498	462	68	166	0	
61499	462	68	165	0	
61500	462	68	164	0	
61501	462	68	163	0	
61502	462	68	162	0	
61503	462	68	161	0	
61504	462	68	160	0	
61505	461	67	162	0	
61506	462	68	161	0	
61507	462	68	160	0	
61508	462	68	159	0	
61509	462	68	158	0	
61510	462	68	158	0	
61511	462	68	158	0	
61512	462	68	158	0	
61513	462	68	158	0	
61514	462	68	158	0	
61515	462	68	158	0	
61516	462	68	158	0	
61517	462	68	158	0	
61518	462	68	158	0	
61519	462	68	158	0	
61520	462	68	158	0	
61521	462	68	158	0	
61522	462	68	158	0	
61523	462	68	158	0	
61524	462	68	158	0	
61525	462	68	158	0	
61526	462	68	158	0	
61527	462	68	158	0	
61528	462	68	158	0	
61529	462	68	158	0	
61530	462	68	158	0	
61531	462	68	158	0	
61532	462	68	158	0	
61533	462	68	158	0	
61534	462	68	158	0	
61535	461	67	160	0	
61536	462	68	159	0	
61537	461	67	161	0	
61538	462	68	160	0	
61539	462	68	159	0	
61540	462	68	158	0	
61541	462	68	158	0	
61542	462	68	158	0	
61543	462	68	158	0	
61544	462	68	158	0	
61545	462	68	158	0	
61546	462	68	158	0	
61547	462	68	158	0	
61548	462	68	158	0	
61549	462	68	158	0	
61550	462	68	158	0	
61551	462	68	158	0	
61552	462	68	158	0	
61553	462	68	158	0	
61554	462	68	158	0	
61555	462	68	158	0	
61556	462	68	158	0	
61557	462	68	158	0	
61558	462	68	158	0	
61559	462	68	158	0	
61560	462	68	158	0	
61561	462	68	158	0	
61562	462	68	158	0	
61563	462	68	158	0	
61564	462	68	158	0	
61565	462	68	158	0	
61566	462	68	158	0	
61567	462	68	158	0	
61568	462	68	158	0	
61569	462	68	158	0	
61570	461	67	160	0	
61571	460	66	162	0	
61572	459	65	163	0	
61573	458	64	164	0	
61574	458	64	165	0	
61575	458	64	166	0	
61576	458	64	167	0	
61577	458	64	168	0	
61578	458	64	169	0	
61579	458	64	170	0	
61580	458	64	171	0	
61581	458	64	172	0	
61582	458	64	172	0	
61583	458	64	172	0	
61584	458	64	172	0	
61585	458	64	172	0	
61586	458	64	172	0	
61587	458	64	172	0	
61588	459	65	170	0	
61589	460	66	168	0	
61590	461	67	167	0	
61591	462	66	166	0	
61592	462	67	165	0	
61593	462	68	164	0	
61594	462	68	163	0	
61595	462	68	162	0	
61596	462	68	161	0	
61597	462	68	160	0	
61598	462	68	159	0	
61599	462	67	158	0	
61600	462	66	158	0	
61601	462	66	158	0	
61602	462	66	158	0	
61603	461	65	160	0	
61604	462	66	159	0	
61605	462	67	158	0	
61606	462	68	158	0	
61607	462	68	158	0	
61608	462	68	158	0	
61609	462	68	158	0	
61610	461	67	160	0	
61611	460	66	162	0	
61612	461	66	161	0	
61613	462	66	160	0	
61614	462	66	159	0	
61615	462	67	158	0	
61616	462	68	158	0	
61617	462	68	158	0	
61618	462	67	158	0	
61619	462	68	158	0	
61620	462	68	158	0	
61621	462	68	158	0	
61622	462	68	158	0	
61623	462	68	158	0	
61624	462	68	158	0	
61625	462	68	158	0	
61626	462	67	158	0	
61627	462	66	158	0	
61628	462	66	158	0	
61629	462	67	158	0	
61630	462	68	158	0	
61631	462	68	158	0	
61632	462	67	158	0	
61633	462	66	158	0	
61634	462	66	158	0	
61635	462	66	158	0	
61636	461	65	160	0	
61637	462	66	159	0	
61638	462	67	158	0	
61639	462	68	158	0	
61640	462	68	158	0	
61641	462	68	158	0	
61642	462	68	158	0	
61643	462	68	158	0	
61644	462	68	158	0	
61645	462	68	158	0	
61646	462	68	158	0	
61647	462	68	158	0	
61648	462	68	158	0	
61649	462	68	158	0	
61650	462	67	158	0	
61651	462	66	158	0	
61652	462	66	158	0	
61653	462	67	158	0	
61654	462	68	158	0	
61655	462	68	158	0	
61656	462	68	158	0	
61657	462	67	158	0	
61658	462	66	158	0	
61659	462	66	158	0	
61660	462	66	158	0	
61661	462	66	158	0	
61662	462	66	158	0	
61663	462	67	158	0	
61664	462	66	158	0	
61665	462	67	158	0	
61666	462	68	158	0	
61667	462	67	158	0	
61668	462	66	158	0	
61669	462	66	158	0	
61670	462	66	158	0	
61671	462	66	158	0	
61672	462	66	158	0	
61673	462	66	158	0	
61674	462	66	158	0	
61675	462	66	158	0	
61676	462	67	158	0	
61677	462	66	158	0	
61678	462	67	158	0	
61679	462	68	158	0	
61680	462	67	158	0	
61681	462	68	158	0	
61682	462	67	158	0	
61683	462	68	158	0	
61684	462	68	158	0	
61685	462	68	158	0	
61686	462	68	158	0	
61687	462	68	158	0	
61688	462	67	158	0	
61689	462	68	158	0	
61690	462	68	158	0	
61691	461	67	160	0	
61692	462	68	159	0	
61693	461	67	161	0	
61694	462	68	160	0	
61695	462	68	159	0	
61696	462	68	158	0	
61697	461	67	160	0	
61698	460	66	162	0	
61699	459	65	163	0	
61700	458	64	164	0	
61701	459	64	163	0	
61702	460	64	162	0	
61703	461	64	161	0	
61704	462	64	160	0	
61705	462	64	159	0	
61706	461	64	161	0	
61707	462	64	160	0	
61708	461	64	162	0	
61709	460	64	163	0	
61710	459	64	164	0	
61711	458	64	165	0	
61712	458	64	166	0	
61713	458	64	167	0	
61714	458	64	168	0	
61715	459	64	167	0	
61716	460	64	166	0	
61717	461	64	165	0	
61718	462	64	164	0	
61719	462	64	163	0	
61720	462	64	162	0	
61721	462	64	161	0	
61722	462	64	160	0	
61723	462	64	159	0	
61724	462	64	158	0	
61725	462	64	158	0	
61726	462	65	158	0	
61727	462	66	158	0	
61728	461	65	160	0	
61729	462	66	159	0	
61730	462	67	158	0	
61731	462	68	158	0	
61732	462	68	158	0	
61733	462	68	158	0	
61734	462	68	158	0	
61735	462	68	158	0	
61736	462	68	158	0	
61737	461	67	160	0	
61738	462	68	159	0	
61739	462	68	158	0	
61740	461	67	160	0	
61741	460	66	162	0	
61742	459	65	163	0	
61743	460	66	162	0	
61744	461	67	161	0	
61745	462	68	160	0	
61746	462	68	159	0	
61747	462	67	158	0	
61748	462	66	158	0	
61749	462	66	158	0	
61750	462	67	158	0	
61751	462	68	158	0	
61752	462	68	158	0	
61753	462	68	158	0	
61754	462	67	158	0	
61755	462	68	158	0	
61756	462	68	158	0	
61757	462	68	158	0	
61758	462	68	158	0	
61759	462	68	158	0	
61760	462	68	158	0	
61761	462	68	158	0	
61762	462	68	158	0	
61763	462	68	158	0	
61764	462	68	158	0	
61765	462	68	158	0	
61766	462	68	158	0	
61767	462	68	158	0	
61768	462	68	158	0	
61769	462	68	158	0	
61770	462	68	158	0	
61771	461	67	160	0	
61772	462	68	159	0	
61773	462	68	158	0	
61774	462	68	158	0	
61775	462	68	158	0	
61776	461	67	160	0	
61777	462	68	159	0	
61778	462	68	158	0	
61779	462	68	158	0	
61780	462	68	158	0	
61781	461	67	160	0	
61782	462	68	159	0	
61783	462	68	158	0	
61784	462	68	158	0	
61785	462	68	158	0	
61786	462	68	158	0	
61787	462	68	158	0	
61788	462	68	158	0	
61789	461	67	160	0	
61790	462	66	159	0	
61791	462	67	158	0	
61792	462	68	158	0	
61793	462	68	158	0	
61794	462	68	158	0	
61795	462	68	158	0	
61796	461	67	160	0	
61797	462	66	158	0	
61798	463	65	157	0	
61799	461	66	157	0	
61800	460	67	157	0	
