60001	209	52	153	1	
60002	209	52	153	1	
60003	209	52	153	1	
60004	209	52	153	1	
60005	209	52	153	1	
60006	209	52	153	1	
60007	209	52	153	1	
60008	209	52	153	1	
60009	209	52	153	1	
60010	209	52	153	1	
60011	209	52	153	1	
60012	209	52	153	1	
60013	209	52	153	1	
60014	209	52	153	1	
60015	209	52	153	1	
60016	209	52	153	1	
60017	209	52	153	1	
60018	209	52	153	1	
60019	209	52	153	1	
60020	209	52	153	1	
60021	209	52	153	1	
60022	209	52	153	1	
60023	209	52	153	1	
60024	209	52	153	1	
60025	209	52	153	1	
60026	209	52	153	1	
60027	209	52	153	1	
60028	209	52	153	1	
60029	209	52	153	1	
60030	209	52	153	1	
60031	209	52	153	1	
60032	209	52	153	1	
60033	209	52	153	1	
60034	209	52	153	1	
60035	210	53	152	1	
60036	210	53	152	1	
60037	210	53	152	1	
60038	210	53	152	1	
60039	210	53	152	1	
60040	210	53	152	1	
60041	210	53	152	1	
60042	210	53	152	1	
60043	209	53	153	1	
60044	209	53	153	1	
60045	209	53	153	1	
60046	209	53	153	1	
60047	209	53	153	1	
60048	209	53	153	1	
60049	210	54	152	1	
60050	210	54	151	1	
60051	210	54	151	1	
60052	210	54	151	1	
60053	210	54	151	1	
60054	210	54	151	1	
60055	210	54	151	1	
60056	210	54	151	1	
60057	210	54	151	1	
60058	210	54	151	1	
60059	210	54	151	1	
60060	210	54	151	1	
60061	210	54	151	1	
60062	210	53	150	1	
60063	210	52	149	1	
60064	210	52	148	1	
60065	210	52	149	1	
60066	210	52	149	1	
60067	210	52	149	1	
60068	210	52	149	1	
60069	210	52	149	1	
60070	210	52	149	1	
60071	210	52	149	1	
60072	210	52	149	1	
60073	210	52	149	1	
60074	210	52	149	1	
60075	210	52	149	1	
60076	210	52	149	1	
60077	210	52	149	1	
60078	210	52	149	1	
60079	210	52	149	1	
60080	210	52	149	1	
60081	210	52	149	1	
60082	210	52	149	1	
60083	210	52	149	1	
60084	210	52	149	1	
60085	210	52	149	1	
60086	210	52	149	1	
60087	210	52	149	1	
60088	210	52	149	1	
60089	210	52	148	1	
60090	210	52	148	1	
60091	210	52	149	1	
60092	210	52	149	1	
60093	210	52	149	1	
60094	208	52	149	1	
60095	206	52	149	1	
60096	204	52	149	1	
60097	203	52	149	1	
60098	202	52	149	1	
60099	201	52	149	1	
60100	200	52	149	1	
60101	199	52	149	1	
60102	198	52	149	1	
60103	197	52	149	1	
60104	196	52	149	1	
60105	195	52	149	1	
60106	194	52	149	1	
60107	196	52	149	1	
60108	197	52	149	1	
60109	198	52	149	1	
60110	199	52	149	1	
60111	200	52	149	1	
60112	201	52	149	1	
60113	202	52	149	1	
60114	203	52	149	1	
60115	204	52	149	1	
60116	204	52	149	1	
60117	204	52	149	1	
60118	204	52	149	1	
60119	204	52	149	1	
60120	204	52	149	1	
60121	204	52	149	1	
60122	204	52	149	1	
60123	204	52	149	1	
60124	204	52	149	1	
60125	204	52	149	1	
60126	204	52	149	1	
60127	204	52	149	1	
60128	204	52	149	1	
60129	204	52	149	1	
60130	204	52	149	1	
60131	204	52	149	1	
60132	204	52	149	1	
60133	204	52	149	1	
60134	204	52	149	1	
60135	204	52	149	1	
60136	204	52	149	1	
60137	204	52	149	1	
60138	204	52	149	1	
60139	204	52	149	1	
60140	204	52	149	1	
60141	204	52	149	1	
60142	204	52	149	1	
60143	204	52	149	1	
60144	204	52	149	1	
60145	204	52	149	1	
60146	204	52	149	1	
60147	204	52	149	1	
60148	204	52	149	1	
60149	204	52	149	1	
60150	204	52	149	1	
60151	204	52	149	1	
60152	204	52	149	1	
60153	204	52	149	1	
60154	204	52	149	1	
60155	204	52	149	1	
60156	204	52	149	1	
60157	204	52	149	1	
60158	204	52	149	1	
60159	204	52	149	1	
60160	204	52	149	1	
60161	204	52	149	1	
60162	204	52	149	1	
60163	204	52	149	1	
60164	204	52	149	1	
60165	204	52	150	1	
60166	204	52	150	1	
60167	204	52	151	1	
60168	204	52	151	1	
60169	204	52	151	1	
60170	204	52	151	1	
60171	204	52	151	1	
60172	204	52	151	1	
60173	204	52	151	1	
60174	204	52	151	1	
60175	204	52	151	1	
60176	204	52	151	1	
60177	204	52	151	1	
60178	204	52	151	1	
60179	204	52	151	1	
60180	204	52	151	1	
60181	204	52	151	1	
60182	204	52	151	1	
60183	204	52	151	1	
60184	204	52	151	1	
60185	204	52	151	1	
60186	204	52	151	1	
60187	204	52	152	1	
60188	204	52	152	1	
60189	204	52	152	1	
60190	204	52	152	1	
60191	204	52	152	1	
60192	204	52	152	1	
60193	204	52	152	1	
60194	204	52	152	1	
60195	204	52	152	1	
60196	204	52	152	1	
60197	204	52	153	1	
60198	204	52	154	1	
60199	204	52	154	1	
60200	204	52	155	1	
60201	204	52	155	1	
60202	204	52	155	1	
60203	204	52	155	1	
60204	204	52	155	1	
60205	204	52	156	1	
60206	204	52	157	1	
60207	204	52	157	1	
60208	204	52	157	1	
60209	204	52	157	1	
60210	204	52	158	1	
60211	204	52	159	1	
60212	204	52	160	1	
60213	206	52	159	1	
60214	208	52	158	1	
60215	210	52	158	1	
60216	212	52	158	1	
60217	214	52	158	1	
60218	216	52	158	1	
60219	217	52	158	1	
60220	218	52	158	1	
60221	219	52	158	1	
60222	220	52	158	1	
60223	221	52	158	1	
60224	222	52	158	1	
60225	223	52	158	1	
60226	224	52	158	1	
60227	224	52	158	1	
60228	224	52	158	1	
60229	224	52	158	1	
60230	224	52	158	1	
60231	224	52	158	1	
60232	224	52	158	1	
60233	224	52	158	1	
60234	224	52	158	1	
60235	224	52	159	1	
60236	224	52	158	1	
60237	225	54	157	1	
60238	225	54	157	1	
60239	226	55	156	1	
60240	227	56	155	1	
60241	228	57	154	1	
60242	228	59	154	1	
60243	228	60	154	1	
60244	228	61	154	1	
60245	228	62	154	1	
60246	228	63	154	1	
60247	228	64	154	1	
60248	228	65	154	1	
60249	228	66	154	1	
60250	228	67	154	1	
60251	228	66	154	1	
60252	228	65	154	1	
60253	228	64	154	1	
60254	227	63	155	1	
60255	227	62	155	1	
60256	227	61	155	1	
60257	227	60	155	1	
60258	226	60	156	1	
60259	226	59	156	1	
60260	226	58	156	1	
60261	226	57	156	1	
60262	227	58	155	1	
60263	227	57	155	1	
60264	227	57	155	1	
60265	227	57	155	1	
60266	227	57	155	1	
60267	227	57	155	1	
60268	227	57	155	1	
60269	227	57	155	1	
60270	227	57	155	1	
60271	227	57	155	1	
60272	228	58	154	1	
60273	228	59	153	1	
60274	228	58	153	1	
60275	228	57	153	1	
60276	228	58	152	1	
60277	228	59	151	1	
60278	228	60	150	1	
60279	228	61	149	1	
60280	228	62	148	1	
60281	228	63	148	1	
60282	228	63	148	1	
60283	228	63	148	1	
60284	228	63	148	1	
60285	228	63	148	1	
60286	228	62	149	1	
60287	228	63	148	1	
60288	228	63	148	1	
60289	228	63	148	1	
60290	226	62	150	1	
60291	227	63	149	1	
60292	227	62	149	1	
60293	227	61	149	1	
60294	228	62	148	1	
60295	228	63	148	1	
60296	228	63	148	1	
60297	228	63	148	1	
60298	228	63	148	1	
60299	228	62	149	1	
60300	228	61	149	1	
60301	228	62	148	1	
60302	228	63	148	1	
60303	228	62	149	1	
60304	228	61	149	1	
60305	228	60	149	1	
60306	228	59	149	1	
60307	228	58	149	1	
60308	228	59	148	1	
60309	228	58	149	1	
60310	228	57	149	1	
60311	228	57	149	1	
60312	228	57	149	1	
60313	228	57	149	1	
60314	228	58	148	1	
60315	228	57	149	1	
60316	228	57	149	1	
60317	228	57	149	1	
60318	228	57	149	1	
60319	228	57	149	1	
60320	228	57	149	1	
60321	228	57	149	1	
60322	228	57	149	1	
60323	228	57	149	1	
60324	228	58	148	1	
60325	228	59	148	1	
60326	228	60	148	1	
60327	228	61	148	1	
60328	228	62	148	1	
60329	228	63	148	1	
60330	228	62	149	1	
60331	228	61	149	1	
60332	228	60	149	1	
60333	228	59	149	1	
60334	228	58	149	1	
60335	228	57	149	1	
60336	228	57	149	1	
60337	228	57	149	1	
60338	228	57	149	1	
60339	227	57	150	1	
60340	227	57	150	1	
60341	228	58	149	1	
60342	228	57	149	1	
60343	228	57	149	1	
60344	228	57	149	1	
60345	228	57	149	1	
60346	228	57	149	1	
60347	228	57	149	1	
60348	228	57	149	1	
60349	228	57	149	1	
60350	228	57	149	1	
60351	228	57	149	1	
60352	228	57	149	1	
60353	228	57	149	1	
60354	228	57	149	1	
60355	228	57	149	1	
60356	228	58	148	1	
60357	228	57	149	1	
60358	228	57	149	1	
60359	228	57	149	1	
60360	228	57	149	1	
60361	228	57	149	1	
60362	228	58	148	1	
60363	228	57	149	1	
60364	228	57	149	1	
60365	228	57	149	1	
60366	228	58	148	1	
60367	228	59	148	1	
60368	228	60	148	1	
60369	228	61	148	1	
60370	228	60	149	1	
60371	227	60	150	1	
60372	226	60	151	1	
60373	226	60	152	1	
60374	226	60	153	1	
60375	226	60	154	1	
60376	226	60	155	1	
60377	226	60	156	1	
60378	226	60	157	1	
60379	226	60	158	1	
60380	226	60	159	1	
60381	226	60	160	1	
60382	226	60	160	1	
60383	226	60	160	1	
60384	226	60	160	1	
60385	226	60	160	1	
60386	226	60	160	1	
60387	226	60	160	1	
60388	226	60	160	1	
60389	226	60	160	1	
60390	226	60	160	1	
60391	226	60	160	1	
60392	226	60	160	1	
60393	226	60	160	1	
60394	226	60	160	1	
60395	226	60	160	1	
60396	226	60	160	1	
60397	226	60	160	1	
60398	226	60	160	1	
60399	226	60	160	1	
60400	226	60	160	1	
60401	226	59	159	1	
60402	226	58	158	1	
60403	226	57	158	1	
60404	226	57	158	1	
60405	226	57	159	1	
60406	226	57	160	1	
60407	226	57	160	1	
60408	226	57	159	1	
60409	226	57	158	1	
60410	226	57	158	1	
60411	226	57	158	1	
60412	226	57	158	1	
60413	226	57	158	1	
60414	226	57	158	1	
60415	226	57	158	1	
60416	226	57	158	1	
60417	226	57	158	1	
60418	226	57	158	1	
60419	226	57	158	1	
60420	226	57	158	1	
60421	226	57	158	1	
60422	226	57	158	1	
60423	226	57	158	1	
60424	226	57	158	1	
60425	226	57	158	1	
60426	226	57	158	1	
60427	226	57	158	1	
60428	226	57	158	1	
60429	226	57	158	1	
60430	226	57	158	1	
60431	226	57	158	1	
60432	226	57	158	1	
60433	226	57	158	1	
60434	227	58	157	1	
60435	228	59	156	1	
60436	228	60	155	1	
60437	228	61	154	1	
60438	228	62	153	1	
60439	228	63	152	1	
60440	226	62	152	1	
60441	227	63	151	1	
60442	228	63	150	1	
60443	228	63	149	1	
60444	228	63	148	1	
60445	226	62	149	1	
60446	224	61	150	1	
60447	222	60	151	1	
60448	220	60	152	1	
60449	221	61	151	1	
60450	222	62	150	1	
60451	223	63	149	1	
60452	224	63	148	1	
60453	225	63	148	1	
60454	225	62	150	1	
60455	225	61	151	1	
60456	225	60	152	1	
60457	225	60	153	1	
60458	225	60	154	1	
60459	225	60	155	1	
60460	225	60	156	1	
60461	225	59	156	1	
60462	225	59	157	1	
60463	225	59	158	1	
60464	225	59	159	1	
60465	225	58	158	1	
60466	225	58	159	1	
60467	225	58	160	1	
60468	225	58	160	1	
60469	225	57	159	1	
60470	225	57	158	1	
60471	225	57	158	1	
60472	225	57	159	1	
60473	225	57	158	1	
60474	225	57	159	1	
60475	225	57	160	1	
60476	225	57	160	1	
60477	225	57	159	1	
60478	225	57	160	1	
60479	225	57	160	1	
60480	225	57	160	1	
60481	225	57	160	1	
60482	225	57	160	1	
60483	225	57	160	1	
60484	225	57	159	1	
60485	225	57	158	1	
60486	225	57	158	1	
60487	225	57	158	1	
60488	226	58	157	1	
60489	226	57	157	1	
60490	226	57	157	1	
60491	226	57	157	1	
60492	227	57	155	1	
60493	226	57	156	1	
60494	226	57	157	1	
60495	226	57	158	1	
60496	226	57	159	1	
60497	226	57	160	1	
60498	226	57	159	1	
60499	227	57	156	1	
60500	228	57	154	1	
60501	229	57	152	1	
60502	230	57	150	1	
60503	231	57	148	1	
60504	231	57	149	1	
60505	230	57	150	1	
60506	231	57	148	1	
60507	231	57	149	1	
60508	232	57	147	1	
60509	231	57	149	1	
60510	231	57	148	1	
60511	230	57	150	1	
60512	229	57	151	1	
60513	230	57	150	1	
60514	230	57	149	1	
60515	230	57	148	1	
60516	229	57	150	1	
60517	228	57	151	1	
60518	227	57	152	1	
60519	226	57	153	1	
60520	226	57	154	1	
60521	226	57	155	1	
60522	226	57	156	1	
60523	226	57	157	1	
60524	226	57	158	1	
60525	226	57	159	1	
60526	226	57	160	1	
60527	226	57	160	1	
60528	226	57	160	1	
60529	226	57	159	1	
60530	227	58	157	1	
60531	227	57	157	1	
60532	227	57	157	1	
60533	227	57	157	1	
60534	227	57	157	1	
60535	227	57	157	1	
60536	227	57	157	1	
60537	227	57	157	1	
60538	227	57	157	1	
60539	227	57	157	1	
60540	227	57	157	1	
60541	227	57	157	1	
60542	227	57	157	1	
60543	227	57	157	1	
60544	227	57	157	1	
60545	228	58	156	1	
60546	228	59	155	1	
60547	228	58	155	1	
60548	228	57	155	1	
60549	228	58	154	1	
60550	228	59	153	1	
60551	228	60	152	1	
60552	228	61	151	1	
60553	228	62	150	1	
60554	228	63	149	1	
60555	228	63	148	1	
60556	228	63	148	1	
60557	228	63	148	1	
60558	228	63	148	1	
60559	228	63	148	1	
60560	228	62	149	1	
60561	228	61	149	1	
60562	226	60	150	1	
60563	224	60	151	1	
60564	222	60	152	1	
60565	223	61	151	1	
60566	222	62	151	1	
60567	223	63	150	1	
60568	224	63	149	1	
60569	222	64	149	1	
60570	221	65	149	1	
60571	220	66	149	1	
60572	218	65	150	1	
60573	217	64	151	1	
60574	216	63	152	1	
60575	215	62	153	1	
60576	217	63	152	1	
60577	218	63	151	1	
60578	219	63	150	1	
60579	220	63	149	1	
60580	221	63	148	1	
60581	222	63	148	1	
60582	223	63	148	1	
60583	224	63	148	1	
60584	225	63	148	1	
60585	226	63	148	1	
60586	227	63	148	1	
60587	228	63	148	1	
60588	228	63	148	1	
60589	228	63	148	1	
60590	228	63	148	1	
60591	228	63	148	1	
60592	228	63	148	1	
60593	228	63	148	1	
60594	228	63	148	1	
60595	228	63	148	1	
60596	228	63	148	1	
60597	228	63	148	1	
60598	228	62	149	1	
60599	228	61	149	1	
60600	228	60	149	1	
60601	228	59	149	1	
60602	228	60	148	1	
60603	228	59	149	1	
60604	228	58	149	1	
60605	228	57	149	1	
60606	228	57	149	1	
60607	228	57	149	1	
60608	228	57	149	1	
60609	228	57	149	1	
60610	228	57	149	1	
60611	228	57	149	1	
60612	228	57	149	1	
60613	228	58	148	1	
60614	228	57	149	1	
60615	228	57	149	1	
60616	228	57	149	1	
60617	228	57	149	1	
60618	228	57	149	1	
60619	228	57	149	1	
60620	228	57	149	1	
60621	228	57	149	1	
60622	228	57	149	1	
60623	228	57	149	1	
60624	228	57	149	1	
60625	228	57	149	1	
60626	228	57	149	1	
60627	228	57	149	1	
60628	228	57	149	1	
60629	228	57	149	1	
60630	228	57	149	1	
60631	228	57	149	1	
60632	228	57	149	1	
60633	228	57	149	1	
60634	227	57	150	1	
60635	226	57	151	1	
60636	226	57	152	1	
60637	226	57	152	1	
60638	226	57	152	1	
60639	226	57	152	1	
60640	226	57	152	1	
60641	226	57	152	1	
60642	226	57	153	1	
60643	226	57	154	1	
60644	226	57	155	1	
60645	226	57	156	1	
60646	226	57	157	1	
60647	226	57	158	1	
60648	226	57	159	1	
60649	226	57	160	1	
60650	226	57	160	1	
60651	226	57	160	1	
60652	226	57	160	1	
60653	226	57	160	1	
60654	226	57	160	1	
60655	226	57	160	1	
60656	226	57	160	1	
60657	226	57	160	1	
60658	226	57	160	1	
60659	226	57	160	1	
60660	226	57	160	1	
60661	226	57	160	1	
60662	226	57	160	1	
60663	226	57	160	1	
60664	226	57	160	1	
60665	226	57	159	1	
60666	226	57	160	1	
60667	226	57	160	1	
60668	226	57	160	1	
60669	226	57	160	1	
60670	226	57	160	1	
60671	226	57	160	1	
60672	226	57	160	1	
60673	226	57	160	1	
60674	226	57	160	1	
60675	226	57	160	1	
60676	226	57	160	1	
60677	226	57	159	1	
60678	226	57	158	1	
60679	226	57	158	1	
60680	226	57	158	1	
60681	226	57	158	1	
60682	226	57	158	1	
60683	226	57	158	1	
60684	226	57	158	1	
60685	226	57	158	1	
60686	226	57	158	1	
60687	226	57	158	1	
60688	227	58	157	1	
60689	228	59	156	1	
60690	228	60	155	1	
60691	228	61	154	1	
60692	228	62	153	1	
60693	228	61	153	1	
60694	228	62	152	1	
60695	228	63	151	1	
60696	228	63	150	1	
60697	228	63	149	1	
60698	228	63	148	1	
60699	228	63	148	1	
60700	228	63	148	1	
60701	228	63	148	1	
60702	228	63	148	1	
60703	228	63	148	1	
60704	228	63	148	1	
60705	228	63	148	1	
60706	228	63	148	1	
60707	228	63	148	1	
60708	228	63	148	1	
60709	228	63	148	1	
60710	228	63	148	1	
60711	228	63	148	1	
60712	228	63	148	1	
60713	228	63	148	1	
60714	228	63	148	1	
60715	228	63	148	1	
60716	228	63	148	1	
60717	228	63	148	1	
60718	226	64	149	1	
60719	224	63	149	1	
60720	222	62	149	1	
60721	221	63	149	1	
60722	220	62	149	1	
60723	221	63	148	1	
60724	222	63	148	1	
60725	223	63	148	1	
60726	224	63	148	1	
60727	224	62	149	1	
60728	222	61	150	1	
60729	220	60	151	1	
60730	218	60	152	1	
60731	217	60	153	1	
60732	216	60	154	1	
60733	215	60	155	1	
60734	214	60	156	1	
60735	213	60	157	1	
60736	212	60	158	1	
60737	211	60	159	1	
60738	210	60	160	1	
60739	209	60	160	1	
60740	208	60	160	1	
60741	208	60	160	1	
60742	208	60	160	1	
60743	208	60	160	1	
60744	209	60	158	1	
60745	210	60	157	1	
60746	209	60	158	1	
60747	210	60	157	1	
60748	209	60	158	1	
60749	210	60	157	1	
60750	210	60	156	1	
60751	209	60	157	1	
60752	208	60	158	1	
60753	209	60	157	1	
60754	210	60	156	1	
60755	210	60	155	1	
60756	210	59	155	1	
60757	210	58	155	1	
60758	210	57	155	1	
60759	210	59	155	1	
60760	210	60	155	1	
60761	210	59	155	1	
60762	210	60	155	1	
60763	210	59	155	1	
60764	210	58	155	1	
60765	210	57	155	1	
60766	210	57	155	1	
60767	210	57	155	1	
60768	210	57	155	1	
60769	210	57	155	1	
60770	210	57	155	1	
60771	210	57	155	1	
60772	210	57	155	1	
60773	210	57	155	1	
60774	210	57	155	1	
60775	210	57	155	1	
60776	210	57	155	1	
60777	210	57	155	1	
60778	210	57	155	1	
60779	212	57	155	1	
60780	214	57	155	1	
60781	216	57	155	1	
60782	217	57	155	1	
60783	218	57	155	1	
60784	219	57	155	1	
60785	220	57	155	1	
60786	221	57	155	1	
60787	222	57	155	1	
60788	223	57	155	1	
60789	224	57	155	1	
60790	224	57	155	1	
60791	224	57	155	1	
60792	224	57	155	1	
60793	224	57	155	1	
60794	224	57	155	1	
60795	224	57	155	1	
60796	224	57	155	1	
60797	224	57	155	1	
60798	224	57	155	1	
60799	224	57	155	1	
60800	225	58	154	1	
60801	225	57	154	1	
60802	225	57	154	1	
60803	225	57	154	1	
60804	225	57	154	1	
60805	225	57	154	1	
60806	225	57	154	1	
60807	225	57	154	1	
60808	225	57	154	1	
60809	225	57	154	1	
60810	225	57	154	1	
60811	225	57	154	1	
60812	225	57	154	1	
60813	225	57	154	1	
60814	225	57	154	1	
60815	225	57	154	1	
60816	225	57	154	1	
60817	225	57	154	1	
60818	225	57	154	1	
60819	226	58	153	1	
60820	227	59	152	1	
60821	228	60	151	1	
60822	228	61	150	1	
60823	228	62	149	1	
60824	228	63	148	1	
60825	228	63	148	1	
60826	228	63	148	1	
60827	228	62	149	1	
60828	228	63	148	1	
60829	228	62	149	1	
60830	228	61	149	1	
60831	228	60	149	1	
60832	228	59	149	1	
60833	228	58	149	1	
60834	228	57	149	1	
60835	228	58	148	1	
60836	228	57	149	1	
60837	228	57	149	1	
60838	228	57	149	1	
60839	228	57	149	1	
60840	228	57	149	1	
60841	228	57	149	1	
60842	228	57	149	1	
60843	228	57	149	1	
60844	228	57	149	1	
60845	228	57	149	1	
60846	228	57	149	1	
60847	228	57	149	1	
60848	228	57	149	1	
60849	228	57	149	1	
60850	228	57	149	1	
60851	228	57	149	1	
60852	228	57	149	1	
60853	228	57	149	1	
60854	228	57	149	1	
60855	228	57	149	1	
60856	228	57	149	1	
60857	228	57	149	1	
60858	228	57	149	1	
60859	228	57	149	1	
60860	228	57	149	1	
60861	228	57	149	1	
60862	228	57	149	1	
60863	228	57	149	1	
60864	228	57	149	1	
60865	228	57	149	1	
60866	228	57	149	1	
60867	228	57	149	1	
60868	228	57	149	1	
60869	228	57	149	1	
60870	228	57	149	1	
60871	228	57	149	1	
60872	228	57	149	1	
60873	228	57	149	1	
60874	228	57	149	1	
60875	228	58	148	1	
60876	228	57	149	1	
60877	228	57	149	1	
60878	228	57	149	1	
60879	228	57	149	1	
60880	228	57	149	1	
60881	228	57	149	1	
60882	228	57	149	1	
60883	228	57	149	1	
60884	228	57	149	1	
60885	228	57	149	1	
60886	228	57	149	1	
60887	228	57	149	1	
60888	228	57	149	1	
60889	228	57	149	1	
60890	228	57	149	1	
60891	228	57	149	1	
60892	228	57	149	1	
60893	228	57	149	1	
60894	228	57	149	1	
60895	228	57	149	1	
60896	228	57	149	1	
60897	228	57	149	1	
60898	228	57	149	1	
60899	228	57	149	1	
60900	228	57	149	1	
60901	228	57	149	1	
60902	228	57	149	1	
60903	228	58	148	1	
60904	228	59	148	1	
60905	227	59	150	1	
60906	226	59	151	1	
60907	226	58	151	1	
60908	227	59	150	1	
60909	228	60	149	1	
60910	228	61	148	1	
60911	228	62	148	1	
60912	228	63	148	1	
60913	228	63	148	1	
60914	228	62	149	1	
60915	228	61	149	1	
60916	228	60	149	1	
60917	228	59	149	1	
60918	228	58	149	1	
60919	228	57	149	1	
60920	228	57	149	1	
60921	228	57	149	1	
60922	228	57	149	1	
60923	228	57	149	1	
60924	228	57	149	1	
60925	228	57	149	1	
60926	228	57	149	1	
60927	228	57	149	1	
60928	228	57	149	1	
60929	228	57	149	1	
60930	228	57	149	1	
60931	228	57	149	1	
60932	228	57	149	1	
60933	228	57	149	1	
60934	228	57	149	1	
60935	228	57	149	1	
60936	228	57	149	1	
60937	228	57	149	1	
60938	228	57	149	1	
60939	228	58	148	1	
60940	228	57	149	1	
60941	228	58	148	1	
60942	228	57	149	1	
60943	228	58	148	1	
60944	228	57	149	1	
60945	228	57	149	1	
60946	228	58	148	1	
60947	228	57	149	1	
60948	228	57	149	1	
60949	228	58	148	1	
60950	228	57	149	1	
60951	228	57	149	1	
60952	228	58	148	1	
60953	228	59	148	1	
60954	228	60	148	1	
60955	228	61	148	1	
60956	228	60	149	1	
60957	228	59	149	1	
60958	228	58	149	1	
60959	228	57	149	1	
60960	228	57	149	1	
60961	228	57	149	1	
60962	228	57	149	1	
60963	228	57	149	1	
60964	228	57	149	1	
60965	228	57	149	1	
60966	228	57	149	1	
60967	228	57	149	1	
60968	228	57	149	1	
60969	228	57	149	1	
60970	228	57	149	1	
60971	228	57	149	1	
60972	228	57	149	1	
60973	228	57	149	1	
60974	228	57	149	1	
60975	228	57	149	1	
60976	228	57	149	1	
60977	228	57	149	1	
60978	228	57	149	1	
60979	228	57	149	1	
60980	228	57	149	1	
60981	228	57	149	1	
60982	228	57	149	1	
60983	228	57	149	1	
60984	228	57	149	1	
60985	228	57	149	1	
60986	228	57	149	1	
60987	228	58	148	1	
60988	228	59	148	1	
60989	228	60	148	1	
60990	227	60	150	1	
60991	226	60	151	1	
60992	227	61	150	1	
60993	228	62	149	1	
60994	228	63	148	1	
60995	228	63	148	1	
60996	228	62	149	1	
60997	228	61	149	1	
60998	228	62	148	1	
60999	228	61	149	1	
61000	228	60	149	1	
61001	228	59	149	1	
61002	228	60	148	1	
61003	228	61	148	1	
61004	228	62	148	1	
61005	228	63	148	1	
61006	228	62	149	1	
61007	228	61	149	1	
61008	228	60	149	1	
61009	228	59	149	1	
61010	228	58	149	1	
61011	228	57	149	1	
61012	228	57	149	1	
61013	228	57	149	1	
61014	228	57	149	1	
61015	228	57	149	1	
61016	228	57	149	1	
61017	228	57	149	1	
61018	228	57	149	1	
61019	228	57	149	1	
61020	228	57	149	1	
61021	228	57	149	1	
61022	228	57	149	1	
61023	228	57	149	1	
61024	228	57	149	1	
61025	228	57	149	1	
61026	228	57	149	1	
61027	228	57	149	1	
61028	228	57	149	1	
61029	228	57	149	1	
61030	228	57	149	1	
61031	228	58	148	1	
61032	228	57	149	1	
61033	228	58	148	1	
61034	228	59	148	1	
61035	228	60	148	1	
61036	228	59	149	1	
61037	228	58	149	1	
61038	228	57	149	1	
61039	228	57	149	1	
61040	228	57	149	1	
61041	228	57	149	1	
61042	228	57	149	1	
61043	228	58	148	1	
61044	228	57	149	1	
61045	228	58	148	1	
61046	228	57	149	1	
61047	228	57	149	1	
61048	228	58	148	1	
61049	228	59	148	1	
61050	228	60	148	1	
61051	228	61	148	1	
61052	228	62	148	1	
61053	228	61	149	1	
61054	228	62	148	1	
61055	228	63	148	1	
61056	228	62	149	1	
61057	228	61	149	1	
61058	228	60	149	1	
61059	228	59	149	1	
61060	228	58	149	1	
61061	228	57	149	1	
61062	228	57	149	1	
61063	228	57	149	1	
61064	228	57	149	1	
61065	228	57	149	1	
61066	228	57	149	1	
61067	228	57	149	1	
61068	228	57	149	1	
61069	228	57	149	1	
61070	228	57	149	1	
61071	228	57	149	1	
61072	228	57	149	1	
61073	228	57	149	1	
61074	228	57	149	1	
61075	228	57	149	1	
61076	228	57	149	1	
61077	228	58	148	1	
61078	228	57	149	1	
61079	228	58	148	1	
61080	228	57	149	1	
61081	228	57	149	1	
61082	228	57	149	1	
61083	228	57	149	1	
61084	228	57	149	1	
61085	228	57	149	1	
61086	228	58	148	1	
61087	228	59	148	1	
61088	228	60	148	1	
61089	228	61	148	1	
61090	228	62	148	1	
61091	228	63	148	1	
61092	228	63	148	1	
61093	228	62	149	1	
61094	228	63	148	1	
61095	228	63	148	1	
61096	228	62	149	1	
61097	228	61	149	1	
61098	228	60	149	1	
61099	228	59	149	1	
61100	228	58	149	1	
61101	228	57	149	1	
61102	228	58	148	1	
61103	228	59	148	1	
61104	228	60	148	1	
61105	228	61	148	1	
61106	228	62	148	1	
61107	228	63	148	1	
61108	228	63	148	1	
61109	228	63	148	1	
61110	228	63	148	1	
61111	228	63	148	1	
61112	228	63	148	1	
61113	228	63	148	1	
61114	228	63	148	1	
61115	228	62	149	1	
61116	228	61	149	1	
61117	228	60	149	1	
61118	228	61	148	1	
61119	228	60	149	1	
61120	228	59	149	1	
61121	228	58	149	1	
61122	228	57	149	1	
61123	228	57	149	1	
61124	228	57	149	1	
61125	228	57	149	1	
61126	228	57	149	1	
61127	228	57	149	1	
61128	228	57	149	1	
61129	228	57	149	1	
61130	228	57	149	1	
61131	228	57	149	1	
61132	228	57	149	1	
61133	228	57	149	1	
61134	228	57	149	1	
61135	228	57	149	1	
61136	228	57	149	1	
61137	228	57	149	1	
61138	228	57	149	1	
61139	228	57	149	1	
61140	228	57	149	1	
61141	228	57	149	1	
61142	228	57	149	1	
61143	228	57	149	1	
61144	228	57	149	1	
61145	228	57	149	1	
61146	228	57	149	1	
61147	228	57	149	1	
61148	228	57	149	1	
61149	228	57	149	1	
61150	228	57	149	1	
61151	228	57	149	1	
61152	228	57	149	1	
61153	228	57	149	1	
61154	228	57	149	1	
61155	228	57	149	1	
61156	228	57	149	1	
61157	228	57	149	1	
61158	228	57	149	1	
61159	228	57	149	1	
61160	228	57	149	1	
61161	228	57	149	1	
61162	228	57	149	1	
61163	228	57	149	1	
61164	228	57	149	1	
61165	228	57	149	1	
61166	228	57	149	1	
61167	228	57	149	1	
61168	228	57	149	1	
61169	228	57	149	1	
61170	228	57	149	1	
61171	228	57	149	1	
61172	228	57	149	1	
61173	228	57	149	1	
61174	228	57	149	1	
61175	228	57	149	1	
61176	228	57	149	1	
61177	228	57	149	1	
61178	228	57	149	1	
61179	228	57	149	1	
61180	228	57	149	1	
61181	228	57	149	1	
61182	228	57	149	1	
61183	228	58	148	1	
61184	228	57	149	1	
61185	228	57	149	1	
61186	228	58	148	1	
61187	228	59	148	1	
61188	228	60	148	1	
61189	228	61	148	1	
61190	228	62	148	1	
61191	228	63	148	1	
61192	228	63	148	1	
61193	228	63	148	1	
61194	228	63	148	1	
61195	228	63	148	1	
61196	228	63	148	1	
61197	228	63	148	1	
61198	228	63	148	1	
61199	228	63	148	1	
61200	228	63	148	1	
61201	228	63	148	1	
61202	228	63	148	1	
61203	228	63	148	1	
61204	228	63	148	1	
61205	228	62	149	1	
61206	228	61	149	1	
61207	228	60	149	1	
61208	228	59	149	1	
61209	228	58	149	1	
61210	228	59	148	1	
61211	228	58	149	1	
61212	228	59	148	1	
61213	228	58	149	1	
61214	228	57	149	1	
61215	228	57	149	1	
61216	228	57	149	1	
61217	228	57	149	1	
61218	228	57	149	1	
61219	227	57	150	1	
61220	226	57	151	1	
61221	226	57	151	1	
61222	226	57	151	1	
61223	226	57	151	1	
61224	226	57	151	1	
61225	226	57	151	1	
61226	226	57	151	1	
61227	226	57	151	1	
61228	226	57	151	1	
61229	226	57	151	1	
61230	226	57	151	1	
61231	226	57	151	1	
61232	226	57	151	1	
61233	226	57	152	1	
61234	226	57	152	1	
61235	226	57	152	1	
61236	226	57	152	1	
61237	226	57	152	1	
61238	226	57	152	1	
61239	226	57	153	1	
61240	226	57	154	1	
61241	226	57	154	1	
61242	226	57	154	1	
61243	226	57	154	1	
61244	226	57	154	1	
61245	227	58	153	1	
61246	227	57	153	1	
61247	227	57	153	1	
61248	227	57	153	1	
61249	227	57	153	1	
61250	227	57	153	1	
61251	227	57	153	1	
61252	227	57	153	1	
61253	227	57	153	1	
61254	227	57	153	1	
61255	227	57	153	1	
61256	227	57	153	1	
61257	227	57	153	1	
61258	227	57	153	1	
61259	227	57	153	1	
61260	227	57	153	1	
61261	227	57	153	1	
61262	227	57	153	1	
61263	227	57	153	1	
61264	227	57	153	1	
61265	227	57	153	1	
61266	226	57	154	1	
61267	226	57	154	1	
61268	226	57	154	1	
61269	226	57	154	1	
61270	226	57	154	1	
61271	226	57	154	1	
61272	226	57	155	1	
61273	226	57	155	1	
61274	226	57	155	1	
61275	226	57	155	1	
61276	226	57	155	1	
61277	226	57	155	1	
61278	226	57	155	1	
61279	226	57	155	1	
61280	226	57	155	1	
61281	226	57	155	1	
61282	226	57	155	1	
61283	226	57	155	1	
61284	226	57	155	1	
61285	226	57	155	1	
61286	226	57	155	1	
61287	226	57	155	1	
61288	226	57	155	1	
61289	226	57	155	1	
61290	226	57	155	1	
61291	226	57	155	1	
61292	226	57	155	1	
61293	226	57	155	1	
61294	226	57	155	1	
61295	226	57	155	1	
61296	226	57	155	1	
61297	226	57	155	1	
61298	226	57	155	1	
61299	226	57	155	1	
61300	226	57	155	1	
61301	226	57	155	1	
61302	226	57	155	1	
61303	226	57	155	1	
61304	226	57	155	1	
61305	226	57	155	1	
61306	226	57	155	1	
61307	226	57	155	1	
61308	226	57	155	1	
61309	226	57	155	1	
61310	226	57	155	1	
61311	226	57	155	1	
61312	226	57	155	1	
61313	226	57	155	1	
61314	226	57	155	1	
61315	226	57	155	1	
61316	226	57	155	1	
61317	226	57	155	1	
61318	226	57	155	1	
61319	226	57	155	1	
61320	226	57	156	1	
61321	226	57	156	1	
61322	226	57	156	1	
61323	226	57	156	1	
61324	226	57	156	1	
61325	226	57	156	1	
61326	226	57	156	1	
61327	226	57	156	1	
61328	226	57	156	1	
61329	226	57	156	1	
61330	226	57	156	1	
61331	226	57	156	1	
61332	226	57	156	1	
61333	226	57	156	1	
61334	226	57	156	1	
61335	226	57	156	1	
61336	226	57	156	1	
61337	226	57	156	1	
61338	226	57	156	1	
61339	226	57	156	1	
61340	226	57	156	1	
61341	226	57	156	1	
61342	226	57	156	1	
61343	226	57	156	1	
61344	226	57	156	1	
61345	226	57	156	1	
61346	226	57	156	1	
61347	226	57	156	1	
61348	226	57	156	1	
61349	226	57	156	1	
61350	226	57	156	1	
61351	226	57	156	1	
61352	226	57	156	1	
61353	226	57	156	1	
61354	226	57	156	1	
61355	226	57	156	1	
61356	226	57	156	1	
61357	226	57	156	1	
61358	226	57	156	1	
61359	226	57	156	1	
61360	226	57	156	1	
61361	226	57	156	1	
61362	226	57	156	1	
61363	226	57	156	1	
61364	226	57	156	1	
61365	226	57	156	1	
61366	226	57	156	1	
61367	226	57	156	1	
61368	226	57	156	1	
61369	226	57	156	1	
61370	226	57	156	1	
61371	226	57	156	1	
61372	226	57	156	1	
61373	226	57	156	1	
61374	226	57	156	1	
61375	226	57	156	1	
61376	226	57	156	1	
61377	226	57	156	1	
61378	226	57	156	1	
61379	226	57	156	1	
61380	226	57	156	1	
61381	226	57	156	1	
61382	226	57	156	1	
61383	226	57	156	1	
61384	226	57	156	1	
61385	226	57	156	1	
61386	226	57	156	1	
61387	226	57	156	1	
61388	226	57	156	1	
61389	226	57	156	1	
61390	226	57	156	1	
61391	226	57	156	1	
61392	226	57	156	1	
61393	226	57	156	1	
61394	226	57	156	1	
61395	226	57	156	1	
61396	226	57	156	1	
61397	226	57	156	1	
61398	226	57	156	1	
61399	226	57	156	1	
61400	226	57	156	1	
61401	226	57	156	1	
61402	226	57	156	1	
61403	226	57	156	1	
61404	226	57	156	1	
61405	226	57	156	1	
61406	226	57	156	1	
61407	226	57	156	1	
61408	226	57	156	1	
61409	226	57	156	1	
61410	226	57	156	1	
61411	226	57	156	1	
61412	226	57	156	1	
61413	226	57	156	1	
61414	226	57	156	1	
61415	226	57	156	1	
61416	226	57	156	1	
61417	226	57	156	1	
61418	226	57	156	1	
61419	226	57	156	1	
61420	226	57	156	1	
61421	226	57	156	1	
61422	226	57	156	1	
61423	226	57	156	1	
61424	226	57	156	1	
61425	226	57	156	1	
61426	226	57	156	1	
61427	226	57	156	1	
61428	226	57	156	1	
61429	226	57	156	1	
61430	226	57	156	1	
61431	226	57	156	1	
61432	226	57	156	1	
61433	226	57	156	1	
61434	226	57	156	1	
61435	226	57	156	1	
61436	226	57	156	1	
61437	226	57	156	1	
61438	226	57	156	1	
61439	226	57	156	1	
61440	226	57	156	1	
61441	226	57	156	1	
61442	226	57	156	1	
61443	226	57	156	1	
61444	226	57	156	1	
61445	226	57	156	1	
61446	226	57	156	1	
61447	226	57	156	1	
61448	226	57	156	1	
61449	226	57	156	1	
61450	226	57	156	1	
61451	226	57	156	1	
61452	226	57	156	1	
61453	226	57	156	1	
61454	226	57	156	1	
61455	226	57	156	1	
61456	226	57	156	1	
61457	226	57	156	1	
61458	226	57	156	1	
61459	226	57	156	1	
61460	226	57	156	1	
61461	226	57	156	1	
61462	226	57	156	1	
61463	226	57	156	1	
61464	226	57	156	1	
61465	226	57	156	1	
61466	226	57	156	1	
61467	226	57	156	1	
61468	226	57	156	1	
61469	226	57	156	1	
61470	226	57	156	1	
61471	226	57	156	1	
61472	226	57	156	1	
61473	226	57	156	1	
61474	226	57	156	1	
61475	226	57	156	1	
61476	226	57	156	1	
61477	226	57	156	1	
61478	226	57	156	1	
61479	226	57	156	1	
61480	226	57	156	1	
61481	226	57	156	1	
61482	226	57	156	1	
61483	226	57	156	1	
61484	226	57	156	1	
61485	226	57	156	1	
61486	226	57	156	1	
61487	226	57	156	1	
61488	226	57	156	1	
61489	226	57	156	1	
61490	226	57	156	1	
61491	226	57	156	1	
61492	226	57	156	1	
61493	226	57	156	1	
61494	226	57	156	1	
61495	226	57	156	1	
61496	226	57	156	1	
61497	226	57	156	1	
61498	226	57	156	1	
61499	226	57	156	1	
61500	226	57	156	1	
61501	226	57	156	1	
61502	226	57	156	1	
61503	226	57	156	1	
61504	226	57	156	1	
61505	226	57	156	1	
61506	226	57	156	1	
61507	226	57	156	1	
61508	226	57	156	1	
61509	226	57	156	1	
61510	226	57	156	1	
61511	226	57	156	1	
61512	226	57	156	1	
61513	226	57	156	1	
61514	226	57	156	1	
61515	226	57	156	1	
61516	226	57	156	1	
61517	226	57	156	1	
61518	226	57	156	1	
61519	226	57	156	1	
61520	226	57	156	1	
61521	226	57	156	1	
61522	226	57	156	1	
61523	226	57	156	1	
61524	226	57	156	1	
61525	226	57	156	1	
61526	226	57	156	1	
61527	226	57	156	1	
61528	226	57	156	1	
61529	226	57	156	1	
61530	226	57	156	1	
61531	226	57	156	1	
61532	226	57	156	1	
61533	226	57	156	1	
61534	226	57	156	1	
61535	226	57	156	1	
61536	226	57	156	1	
61537	226	57	156	1	
61538	226	57	156	1	
61539	226	57	156	1	
61540	226	57	156	1	
61541	226	57	156	1	
61542	226	57	156	1	
61543	226	57	156	1	
61544	226	57	156	1	
61545	226	57	156	1	
61546	226	57	156	1	
61547	226	57	156	1	
61548	226	57	156	1	
61549	226	57	156	1	
61550	226	57	156	1	
61551	226	57	156	1	
61552	226	57	156	1	
61553	226	57	156	1	
61554	226	57	156	1	
61555	226	57	156	1	
61556	226	57	156	1	
61557	226	57	156	1	
61558	226	57	156	1	
61559	226	57	156	1	
61560	226	57	156	1	
61561	226	57	156	1	
61562	226	57	156	1	
61563	226	57	156	1	
61564	226	57	156	1	
61565	226	57	156	1	
61566	226	57	156	1	
61567	226	57	156	1	
61568	226	57	156	1	
61569	226	57	156	1	
61570	226	57	156	1	
61571	226	57	156	1	
61572	226	57	156	1	
61573	226	57	156	1	
61574	226	57	156	1	
61575	226	57	156	1	
61576	226	57	156	1	
61577	226	57	156	1	
61578	226	57	156	1	
61579	226	57	156	1	
61580	226	57	156	1	
61581	226	57	156	1	
61582	226	57	156	1	
61583	226	57	156	1	
61584	226	57	156	1	
61585	226	57	156	1	
61586	226	57	156	1	
61587	226	57	156	1	
61588	226	57	156	1	
61589	226	57	156	1	
61590	226	57	156	1	
61591	226	57	157	1	
61592	226	57	157	1	
61593	226	57	157	1	
61594	226	57	157	1	
61595	226	57	157	1	
61596	226	57	157	1	
61597	226	57	157	1	
61598	226	57	157	1	
61599	226	57	158	1	
61600	226	57	159	1	
61601	226	57	160	1	
61602	226	57	160	1	
61603	226	57	159	1	
61604	226	57	158	1	
61605	226	57	158	1	
61606	226	57	158	1	
61607	226	57	158	1	
61608	226	57	158	1	
61609	226	57	158	1	
61610	226	57	158	1	
61611	226	57	158	1	
61612	227	58	157	1	
61613	226	58	158	1	
61614	226	58	159	1	
61615	226	57	158	1	
61616	226	57	158	1	
61617	226	57	158	1	
61618	226	57	159	1	
61619	226	57	158	1	
61620	226	57	158	1	
61621	226	57	158	1	
61622	226	57	158	1	
61623	226	57	158	1	
61624	226	57	158	1	
61625	226	57	158	1	
61626	226	57	159	1	
61627	226	57	160	1	
61628	226	57	160	1	
61629	226	57	159	1	
61630	226	57	158	1	
61631	226	57	158	1	
61632	226	57	159	1	
61633	226	57	160	1	
61634	226	57	160	1	
61635	226	57	160	1	
61636	226	57	159	1	
61637	226	57	158	1	
61638	226	57	158	1	
61639	226	57	158	1	
61640	226	57	158	1	
61641	226	57	158	1	
61642	226	57	158	1	
61643	226	57	158	1	
61644	226	57	158	1	
61645	226	57	158	1	
61646	226	57	158	1	
61647	226	57	158	1	
61648	226	57	158	1	
61649	226	57	158	1	
61650	226	57	159	1	
61651	226	57	160	1	
61652	226	57	160	1	
61653	226	57	159	1	
61654	226	57	158	1	
61655	226	57	158	1	
61656	226	57	158	1	
61657	227	58	157	1	
61658	228	59	156	1	
61659	228	60	155	1	
61660	228	61	154	1	
61661	228	62	153	1	
61662	228	63	152	1	
61663	228	62	152	1	
61664	228	63	151	1	
61665	228	62	151	1	
61666	228	61	151	1	
61667	227	60	152	1	
61668	228	61	151	1	
61669	227	60	152	1	
61670	228	61	151	1	
61671	228	62	150	1	
61672	228	63	149	1	
61673	228	63	148	1	
61674	228	63	148	1	
61675	228	63	148	1	
61676	228	62	149	1	
61677	227	61	150	1	
61678	227	60	150	1	
61679	227	59	150	1	
61680	226	59	151	1	
61681	226	58	151	1	
61682	227	59	150	1	
61683	227	58	150	1	
61684	227	57	150	1	
61685	227	57	150	1	
61686	227	57	150	1	
61687	227	57	150	1	
61688	226	57	151	1	
61689	226	57	151	1	
61690	226	57	151	1	
61691	226	57	151	1	
61692	226	57	151	1	
61693	226	57	151	1	
61694	226	57	151	1	
61695	226	57	151	1	
61696	226	57	151	1	
61697	226	57	151	1	
61698	226	57	151	1	
61699	226	57	151	1	
61700	226	57	151	1	
61701	226	57	152	1	
61702	226	57	153	1	
61703	226	57	154	1	
61704	226	57	155	1	
61705	227	58	154	1	
61706	227	57	154	1	
61707	226	57	155	1	
61708	226	57	155	1	
61709	226	57	155	1	
61710	226	57	155	1	
61711	226	57	155	1	
61712	226	57	155	1	
61713	226	57	155	1	
61714	226	57	155	1	
61715	227	58	154	1	
61716	226	58	155	1	
61717	227	59	154	1	
61718	226	59	155	1	
61719	226	59	156	1	
61720	226	59	157	1	
61721	226	59	158	1	
61722	226	59	159	1	
61723	226	59	160	1	
61724	226	59	160	1	
61725	226	59	160	1	
61726	226	58	159	1	
61727	226	57	158	1	
61728	226	57	158	1	
61729	226	57	158	1	
61730	226	57	158	1	
61731	226	57	158	1	
61732	226	57	158	1	
61733	226	57	158	1	
61734	226	57	158	1	
61735	226	57	158	1	
61736	226	57	158	1	
61737	226	57	158	1	
61738	226	57	158	1	
61739	226	57	158	1	
61740	226	57	158	1	
61741	226	57	158	1	
61742	226	57	158	1	
61743	226	57	158	1	
61744	226	57	158	1	
61745	226	57	158	1	
61746	226	57	158	1	
61747	227	58	157	1	
61748	228	59	156	1	
61749	228	60	155	1	
61750	228	59	155	1	
61751	228	58	155	1	
61752	228	57	155	1	
61753	228	57	155	1	
61754	228	58	154	1	
61755	228	57	154	1	
61756	228	57	154	1	
61757	226	57	154	1	
61758	226	57	154	1	
61759	226	57	154	1	
61760	226	57	154	1	
61761	226	57	154	1	
61762	226	57	154	1	
61763	226	57	154	1	
61764	226	57	154	1	
61765	226	57	154	1	
61766	226	57	154	1	
61767	226	57	154	1	
61768	226	57	154	1	
61769	226	57	154	1	
61770	226	57	154	1	
61771	226	57	154	1	
61772	226	57	154	1	
61773	226	57	154	1	
61774	226	57	154	1	
61775	226	57	154	1	
61776	226	57	154	1	
61777	226	57	154	1	
61778	226	57	154	1	
61779	226	57	154	1	
61780	226	57	154	1	
61781	226	57	154	1	
61782	226	57	154	1	
61783	226	57	154	1	
61784	226	57	154	1	
61785	226	57	154	1	
61786	226	57	154	1	
61787	226	57	154	1	
61788	226	57	154	1	
61789	226	57	154	1	
61790	227	58	153	1	
61791	227	57	153	1	
61792	227	57	153	1	
61793	225	57	153	1	
61794	223	57	153	1	
61795	222	57	153	1	
61796	221	57	153	1	
61797	220	57	152	1	
61798	220	57	151	1	
61799	220	57	150	1	
61800	220	57	149	1	
