146380	209	52	153	1	
146381	209	52	153	1	
146382	208	52	154	1	
146383	208	52	155	1	
146384	209	54	154	1	
146385	210	55	153	1	
146386	210	56	152	1	
146387	210	57	151	1	
146388	210	58	150	1	
146389	209	58	151	1	
146390	209	57	151	1	
146391	209	57	151	1	
146392	209	57	151	1	
146393	210	57	150	1	
146394	210	57	149	1	
146395	210	57	148	1	
146396	210	57	148	1	
146397	210	57	149	1	
146398	210	57	149	1	
146399	210	57	149	1	
146400	210	57	149	1	
146401	210	57	149	1	
146402	210	57	149	1	
146403	210	57	149	1	
146404	210	57	149	1	
146405	210	57	149	1	
146406	210	57	149	1	
146407	210	57	149	1	
146408	210	57	149	1	
146409	210	57	149	1	
146410	210	57	149	1	
146411	210	57	149	1	
146412	210	57	149	1	
146413	210	57	149	1	
146414	210	57	149	1	
146415	210	57	149	1	
146416	210	57	149	1	
146417	210	57	149	1	
146418	210	57	149	1	
146419	210	57	149	1	
146420	210	57	149	1	
146421	210	57	149	1	
146422	210	57	149	1	
146423	210	57	149	1	
146424	210	57	149	1	
146425	210	57	149	1	
146426	210	57	149	1	
146427	210	57	149	1	
146428	210	57	149	1	
146429	210	57	149	1	
146430	209	55	152	1	
146431	209	55	152	1	
146432	209	55	152	1	
146433	209	55	152	1	
146434	209	55	152	1	
146435	209	55	152	1	
146436	209	55	152	1	
146437	209	55	152	1	
146438	209	55	152	1	
146439	209	55	152	1	
146440	209	55	152	1	
146441	209	55	152	1	
146442	209	55	152	1	
146443	209	55	152	1	
146444	209	55	152	1	
146445	209	55	152	1	
146446	209	55	152	1	
146447	209	55	152	1	
146448	209	55	152	1	
146449	209	55	152	1	
146450	209	55	152	1	
146451	209	55	152	1	
146452	209	55	152	1	
146453	209	55	152	1	
146454	209	55	152	1	
146455	209	55	152	1	
146456	209	55	152	1	
146457	209	55	152	1	
146458	209	55	152	1	
146459	209	55	152	1	
146460	209	55	152	1	
146461	209	55	152	1	
146462	209	55	152	1	
146463	209	55	152	1	
146464	209	55	152	1	
146465	209	55	152	1	
146466	209	55	152	1	
146467	209	55	152	1	
146468	209	55	152	1	
146469	209	55	152	1	
146470	209	55	152	1	
146471	209	55	152	1	
146472	209	55	152	1	
146473	209	55	152	1	
146474	209	55	152	1	
146475	209	55	152	1	
146476	209	55	152	1	
146477	209	55	152	1	
146478	209	55	152	1	
146479	209	55	152	1	
146480	209	55	152	1	
146481	209	55	152	1	
146482	209	55	152	1	
146483	209	55	152	1	
146484	209	55	152	1	
146485	209	55	152	1	
146486	209	55	152	1	
146487	209	55	152	1	
146488	209	55	152	1	
146489	209	55	152	1	
146490	209	55	152	1	
146491	209	55	152	1	
146492	209	55	152	1	
146493	209	55	152	1	
146494	209	55	152	1	
146495	209	55	152	1	
146496	209	55	152	1	
146497	209	55	152	1	
146498	209	55	152	1	
146499	209	55	152	1	
146500	209	55	152	1	
146501	209	55	152	1	
146502	209	55	152	1	
146503	209	55	152	1	
146504	209	55	152	1	
146505	209	55	152	1	
146506	209	55	152	1	
146507	209	55	152	1	
146508	209	55	152	1	
146509	209	55	152	1	
146510	209	55	152	1	
146511	209	55	152	1	
146512	209	55	152	1	
146513	209	55	152	1	
146514	209	55	152	1	
146515	209	55	152	1	
146516	209	55	152	1	
146517	209	55	152	1	
146518	209	55	152	1	
146519	209	55	152	1	
146520	209	55	152	1	
146521	208	55	153	1	
146522	208	55	153	1	
146523	208	55	153	1	
146524	208	55	153	1	
146525	208	55	153	1	
146526	208	55	153	1	
146527	208	55	153	1	
146528	208	55	154	1	
146529	208	55	154	1	
146530	208	55	154	1	
146531	208	55	154	1	
146532	208	55	154	1	
146533	208	55	154	1	
146534	208	55	154	1	
146535	208	55	154	1	
146536	208	55	154	1	
146537	208	55	154	1	
146538	208	55	154	1	
146539	208	55	154	1	
146540	208	55	154	1	
146541	208	55	154	1	
146542	208	55	154	1	
146543	208	55	154	1	
146544	208	55	154	1	
146545	208	55	154	1	
146546	208	55	154	1	
146547	208	55	154	1	
146548	208	55	154	1	
146549	208	55	154	1	
146550	208	55	154	1	
146551	208	55	154	1	
146552	208	55	154	1	
146553	208	55	154	1	
146554	208	55	154	1	
146555	208	55	154	1	
146556	208	55	154	1	
146557	208	55	154	1	
146558	208	55	154	1	
146559	207	54	156	1	
146560	206	53	158	1	
146561	205	52	160	1	
146562	204	51	162	1	
146563	203	50	163	1	
146564	203	49	164	1	
146565	203	48	165	1	
146566	203	47	166	1	
146567	203	46	167	1	
146568	203	45	168	1	
146569	203	44	169	1	
146570	203	44	170	1	
146571	203	44	171	1	
146572	203	44	172	1	
146573	203	44	172	1	
146574	203	44	172	1	
146575	203	44	172	1	
146576	203	44	172	1	
146577	203	44	172	1	
146578	203	44	172	1	
146579	203	44	172	1	
146580	203	44	172	1	
146581	203	44	172	1	
146582	203	44	172	1	
146583	203	45	170	1	
146584	203	44	171	1	
146585	203	44	172	1	
146586	203	44	172	1	
146587	203	44	172	1	
146588	204	45	170	1	
146589	204	46	168	1	
146590	203	45	169	1	
146591	203	44	170	1	
146592	203	44	171	1	
146593	203	45	170	1	
146594	203	46	168	1	
146595	203	47	167	1	
146596	203	48	166	1	
146597	203	48	165	1	
146598	203	48	164	1	
146599	203	48	163	1	
146600	203	48	162	1	
146601	203	48	161	1	
146602	203	48	160	1	
146603	203	48	159	1	
146604	203	48	158	1	
146605	203	48	158	1	
146606	203	48	158	1	
146607	203	48	158	1	
146608	203	48	158	1	
146609	203	48	158	1	
146610	203	48	158	1	
146611	203	48	158	1	
146612	203	48	158	1	
146613	203	48	158	1	
146614	203	48	158	1	
146615	203	48	158	1	
146616	203	48	158	1	
146617	203	48	158	1	
146618	203	48	158	1	
146619	203	48	158	1	
146620	203	48	158	1	
146621	203	48	158	1	
146622	203	48	158	1	
146623	203	48	158	1	
146624	203	48	158	1	
146625	204	48	158	1	
146626	204	48	158	1	
146627	204	48	158	1	
146628	202	49	159	1	
146629	200	50	160	1	
146630	201	50	159	1	
146631	202	50	158	1	
146632	203	50	158	1	
146633	203	50	158	1	
146634	204	50	158	1	
146635	204	50	158	1	
146636	204	50	158	1	
146637	204	50	158	1	
146638	204	50	158	1	
146639	204	50	158	1	
146640	202	51	159	1	
146641	200	52	160	1	
146642	199	52	159	1	
146643	198	52	160	1	
146644	197	52	159	1	
146645	196	52	160	1	
146646	195	52	160	1	
146647	194	52	160	1	
146648	193	52	160	1	
146649	193	52	159	1	
146650	192	52	160	1	
146651	192	52	159	1	
146652	192	52	158	1	
146653	191	52	159	1	
146654	190	52	160	1	
146655	190	52	160	1	
146656	189	52	160	1	
146657	188	52	160	1	
146658	187	52	160	1	
146659	187	52	159	1	
146660	187	52	158	1	
146661	186	52	159	1	
146662	186	52	158	1	
146663	186	52	158	1	
146664	186	52	158	1	
146665	186	52	158	1	
146666	186	52	158	1	
146667	186	52	158	1	
146668	185	51	160	1	
146669	186	51	159	1	
146670	186	52	160	1	
146671	186	52	160	1	
146672	186	52	160	1	
146673	186	52	160	1	
146674	186	52	160	1	
146675	186	52	160	1	
146676	186	52	160	1	
146677	186	52	160	1	
146678	186	52	160	1	
146679	186	52	160	1	
146680	186	52	160	1	
146681	186	52	160	1	
146682	186	52	160	1	
146683	186	52	160	1	
146684	186	52	159	1	
146685	186	52	160	1	
146686	185	51	162	1	
146687	185	52	162	1	
146688	185	52	162	1	
146689	184	51	163	1	
146690	183	50	164	1	
146691	183	49	165	1	
146692	183	48	166	1	
146693	184	48	165	1	
146694	185	48	164	1	
146695	184	47	165	1	
146696	183	46	166	1	
146697	183	45	167	1	
146698	184	46	166	1	
146699	185	47	165	1	
146700	186	48	164	1	
146701	186	48	163	1	
146702	188	48	162	1	
146703	190	48	161	1	
146704	192	48	160	1	
146705	194	48	159	1	
146706	196	48	158	1	
146707	197	48	158	1	
146708	198	48	158	1	
146709	199	48	158	1	
146710	200	48	158	1	
146711	201	48	158	1	
146712	202	48	158	1	
146713	203	48	158	1	
146714	204	48	158	1	
146715	204	48	158	1	
146716	204	48	158	1	
146717	202	49	159	1	
146718	203	49	158	1	
146719	204	49	158	1	
146720	204	49	158	1	
146721	204	49	158	1	
146722	204	49	158	1	
146723	204	49	158	1	
146724	204	49	158	1	
146725	204	49	158	1	
146726	204	49	158	1	
146727	204	49	158	1	
146728	204	49	158	1	
146729	204	49	158	1	
146730	204	49	158	1	
146731	202	50	159	1	
146732	200	51	160	1	
146733	201	51	159	1	
146734	199	52	160	1	
146735	198	52	160	1	
146736	196	51	162	1	
146737	194	50	163	1	
146738	192	49	164	1	
146739	191	48	165	1	
146740	190	47	166	1	
146741	189	46	167	1	
146742	188	45	168	1	
146743	187	44	169	1	
146744	187	45	167	1	
146745	187	46	166	1	
146746	187	47	165	1	
146747	187	48	164	1	
146748	187	48	163	1	
146749	187	49	163	1	
146750	187	50	163	1	
146751	187	51	163	1	
146752	186	52	163	1	
146753	186	52	163	1	
146754	186	52	163	1	
146755	186	52	163	1	
146756	186	52	163	1	
146757	186	52	163	1	
146758	186	52	163	1	
146759	188	52	162	1	
146760	188	52	162	1	
146761	188	52	162	1	
146762	188	52	162	1	
146763	188	52	162	1	
146764	188	52	162	1	
146765	188	52	162	1	
146766	188	52	162	1	
146767	188	52	162	1	
146768	188	52	162	1	
146769	188	52	162	1	
146770	188	52	162	1	
146771	188	52	162	1	
146772	187	52	162	1	
146773	187	52	161	1	
146774	186	52	161	1	
146775	186	52	161	1	
146776	186	52	161	1	
146777	186	52	160	1	
146778	186	52	160	1	
146779	186	52	160	1	
146780	186	52	160	1	
146781	186	52	160	1	
146782	186	52	160	1	
146783	186	52	160	1	
146784	186	52	160	1	
146785	186	52	160	1	
146786	186	52	160	1	
146787	186	52	160	1	
146788	186	52	160	1	
146789	188	52	159	1	
146790	188	52	160	1	
146791	190	52	159	1	
146792	192	52	158	1	
146793	194	52	158	1	
146794	196	52	158	1	
146795	197	52	158	1	
146796	198	52	158	1	
146797	199	52	158	1	
146798	200	52	158	1	
146799	201	52	158	1	
146800	202	52	158	1	
146801	203	52	158	1	
146802	204	52	158	1	
146803	204	52	158	1	
146804	204	52	158	1	
146805	204	52	158	1	
146806	204	52	158	1	
146807	204	52	158	1	
146808	204	52	158	1	
146809	204	52	158	1	
146810	204	52	158	1	
146811	204	52	158	1	
146812	204	52	158	1	
146813	204	52	158	1	
146814	204	52	158	1	
146815	201	51	160	1	
146816	199	50	162	1	
146817	197	49	163	1	
146818	198	49	162	1	
146819	196	48	163	1	
146820	194	47	164	1	
146821	192	46	165	1	
146822	191	45	166	1	
146823	190	44	167	1	
146824	189	44	168	1	
146825	191	45	167	1	
146826	193	46	166	1	
146827	195	47	165	1	
146828	193	46	166	1	
146829	192	45	167	1	
146830	191	44	168	1	
146831	190	44	169	1	
146832	189	44	170	1	
146833	188	44	171	1	
146834	190	45	169	1	
146835	192	46	167	1	
146836	194	47	166	1	
146837	196	48	165	1	
146838	197	48	164	1	
146839	198	48	163	1	
146840	199	48	162	1	
146841	200	48	161	1	
146842	201	48	160	1	
146843	202	48	159	1	
146844	203	48	158	1	
146845	204	48	158	1	
146846	204	48	158	1	
146847	204	48	158	1	
146848	204	48	158	1	
146849	204	48	158	1	
146850	204	48	158	1	
146851	204	48	158	1	
146852	204	48	158	1	
146853	204	48	158	1	
146854	204	48	158	1	
146855	204	48	158	1	
146856	204	48	158	1	
146857	204	48	158	1	
146858	204	48	158	1	
146859	204	48	158	1	
146860	204	48	158	1	
146861	204	48	158	1	
146862	204	48	158	1	
146863	204	48	158	1	
146864	204	48	158	1	
146865	204	48	158	1	
146866	204	48	158	1	
146867	204	48	158	1	
146868	204	48	158	1	
146869	204	48	158	1	
146870	204	48	158	1	
146871	204	48	158	1	
146872	204	48	158	1	
146873	204	48	158	1	
146874	204	48	158	1	
146875	204	48	158	1	
146876	204	48	158	1	
146877	204	48	158	1	
146878	204	48	158	1	
146879	204	48	158	1	
146880	204	48	158	1	
146881	204	48	158	1	
146882	204	48	158	1	
146883	204	48	158	1	
146884	204	48	158	1	
146885	204	48	158	1	
146886	204	48	158	1	
146887	204	48	158	1	
146888	204	48	158	1	
146889	204	48	158	1	
146890	204	48	158	1	
146891	204	48	158	1	
146892	204	48	158	1	
146893	204	48	158	1	
146894	204	48	158	1	
146895	204	48	158	1	
146896	204	48	158	1	
146897	204	48	158	1	
146898	204	48	158	1	
146899	204	48	158	1	
146900	204	48	158	1	
146901	204	48	158	1	
146902	204	48	158	1	
146903	204	48	158	1	
146904	204	48	158	1	
146905	204	48	158	1	
146906	204	48	158	1	
146907	203	47	160	1	
146908	203	46	162	1	
146909	204	47	161	1	
146910	204	48	160	1	
146911	204	48	159	1	
146912	204	48	158	1	
146913	204	48	158	1	
146914	204	48	158	1	
146915	204	48	158	1	
146916	204	48	158	1	
146917	204	48	158	1	
146918	204	48	158	1	
146919	201	47	160	1	
146920	199	46	162	1	
146921	197	45	163	1	
146922	198	46	162	1	
146923	199	47	161	1	
146924	200	48	160	1	
146925	201	48	159	1	
146926	202	48	158	1	
146927	203	48	158	1	
146928	204	48	158	1	
146929	204	48	158	1	
146930	205	48	157	1	
146931	205	48	157	1	
146932	205	48	157	1	
146933	205	48	157	1	
146934	202	47	159	1	
146935	203	48	158	1	
146936	201	47	160	1	
146937	199	46	162	1	
146938	197	45	163	1	
146939	198	46	162	1	
146940	196	45	163	1	
146941	194	44	164	1	
146942	192	44	165	1	
146943	191	44	166	1	
146944	190	44	167	1	
146945	189	44	168	1	
146946	188	44	169	1	
146947	187	44	170	1	
146948	187	45	168	1	
146949	186	44	169	1	
146950	185	44	170	1	
146951	184	44	171	1	
146952	183	44	172	1	
146953	184	45	170	1	
146954	184	46	169	1	
146955	184	47	168	1	
146956	184	48	168	1	
146957	184	49	168	1	
146958	184	50	168	1	
146959	184	51	168	1	
146960	184	52	168	1	
146961	184	52	168	1	
146962	184	52	168	1	
146963	184	52	168	1	
146964	184	52	168	1	
146965	185	52	167	1	
146966	186	52	166	1	
146967	186	52	165	1	
146968	186	52	165	1	
146969	186	52	165	1	
146970	186	52	165	1	
146971	186	52	164	1	
146972	186	52	163	1	
146973	186	52	163	1	
146974	186	52	163	1	
146975	186	52	162	1	
146976	186	52	161	1	
146977	186	52	160	1	
146978	186	52	159	1	
146979	186	52	158	1	
146980	186	52	158	1	
146981	186	52	158	1	
146982	186	52	159	1	
146983	186	52	160	1	
146984	186	52	160	1	
146985	186	52	159	1	
146986	186	52	158	1	
146987	186	52	159	1	
146988	186	52	160	1	
146989	186	52	160	1	
146990	186	52	160	1	
146991	186	52	159	1	
146992	186	52	160	1	
146993	186	52	159	1	
146994	186	52	158	1	
146995	186	52	158	1	
146996	186	52	158	1	
146997	186	52	158	1	
146998	186	52	158	1	
146999	185	51	160	1	
147000	184	50	162	1	
147001	183	49	163	1	
147002	183	48	164	1	
147003	183	47	165	1	
147004	183	46	166	1	
147005	183	45	167	1	
147006	183	44	168	1	
147007	183	44	169	1	
147008	185	45	167	1	
147009	184	44	168	1	
147010	183	44	169	1	
147011	183	44	170	1	
147012	183	44	171	1	
147013	183	44	172	1	
147014	183	44	172	1	
147015	183	44	172	1	
147016	183	44	172	1	
147017	183	44	172	1	
147018	183	44	172	1	
147019	183	44	172	1	
147020	183	44	172	1	
147021	183	44	172	1	
147022	183	44	172	1	
147023	183	44	172	1	
147024	183	44	172	1	
147025	183	44	172	1	
147026	184	45	170	1	
147027	183	44	171	1	
147028	183	44	172	1	
147029	184	45	170	1	
147030	185	46	168	1	
147031	184	45	169	1	
147032	186	46	167	1	
147033	186	47	166	1	
147034	186	48	165	1	
147035	188	48	164	1	
147036	190	48	163	1	
147037	190	48	162	1	
147038	192	48	161	1	
147039	191	47	162	1	
147040	193	48	161	1	
147041	194	48	160	1	
147042	195	48	159	1	
147043	196	48	158	1	
147044	197	48	158	1	
147045	198	48	158	1	
147046	199	48	158	1	
147047	197	47	160	1	
147048	198	48	159	1	
147049	199	48	158	1	
147050	200	48	158	1	
147051	198	47	160	1	
147052	199	48	159	1	
147053	197	47	161	1	
147054	195	46	162	1	
147055	196	47	161	1	
147056	197	48	160	1	
147057	198	48	159	1	
147058	196	47	161	1	
147059	197	48	160	1	
147060	195	47	162	1	
147061	196	47	160	1	
147062	197	47	158	1	
147063	195	46	160	1	
147064	196	46	158	1	
147065	197	47	158	1	
147066	198	48	158	1	
147067	199	48	158	1	
147068	200	48	158	1	
147069	201	48	158	1	
147070	202	48	158	1	
147071	202	48	158	1	
147072	202	48	158	1	
147073	202	48	158	1	
147074	202	48	158	1	
147075	202	48	158	1	
147076	202	48	158	1	
147077	200	47	160	1	
147078	198	46	162	1	
147079	199	47	161	1	
147080	200	48	160	1	
147081	198	47	162	1	
147082	196	46	163	1	
147083	197	47	162	1	
147084	195	46	163	1	
147085	194	47	162	1	
147086	192	46	163	1	
147087	191	45	164	1	
147088	190	44	165	1	
147089	190	45	164	1	
147090	189	44	165	1	
147091	188	44	166	1	
147092	188	45	165	1	
147093	187	44	166	1	
147094	187	45	165	1	
147095	187	46	164	1	
147096	186	45	165	1	
147097	185	44	166	1	
147098	186	45	165	1	
147099	186	46	164	1	
147100	186	47	163	1	
147101	186	48	162	1	
147102	186	48	161	1	
147103	186	48	160	1	
147104	186	48	159	1	
147105	186	48	158	1	
147106	186	48	158	1	
147107	185	47	160	1	
147108	186	48	159	1	
147109	186	48	158	1	
147110	186	48	158	1	
147111	185	47	160	1	
147112	186	48	159	1	
147113	186	48	158	1	
147114	186	48	158	1	
147115	186	48	158	1	
147116	185	47	160	1	
147117	186	48	159	1	
147118	186	48	158	1	
147119	185	47	160	1	
147120	186	48	159	1	
147121	186	47	160	1	
147122	186	46	160	1	
147123	186	45	160	1	
147124	186	44	160	1	
147125	186	43	160	1	
147126	185	43	162	1	
147127	184	43	163	1	
147128	184	42	163	1	
147129	184	42	163	1	
147130	184	42	163	1	
147131	183	42	164	1	
147132	183	42	165	1	
147133	183	42	166	1	
147134	183	42	167	1	
147135	183	42	168	1	
147136	183	42	169	1	
147137	183	42	168	1	
147138	183	42	168	1	
147139	183	42	168	1	
147140	183	42	169	1	
147141	183	42	170	1	
147142	183	42	171	1	
147143	183	42	172	1	
147144	183	42	172	1	
147145	183	42	172	1	
147146	183	42	172	1	
147147	183	42	172	1	
147148	183	42	172	1	
147149	183	42	172	1	
147150	183	42	172	1	
147151	183	42	172	1	
147152	183	42	172	1	
147153	183	42	172	1	
147154	183	42	172	1	
147155	183	42	172	1	
147156	183	42	172	1	
147157	183	42	172	1	
147158	183	42	172	1	
147159	183	42	172	1	
147160	183	42	172	1	
147161	183	42	172	1	
147162	183	42	172	1	
147163	183	42	172	1	
147164	184	43	170	1	
147165	185	44	168	1	
147166	184	44	169	1	
147167	183	44	170	1	
147168	183	44	171	1	
147169	183	44	172	1	
147170	183	44	172	1	
147171	183	44	172	1	
147172	183	44	172	1	
147173	183	44	172	1	
147174	183	44	172	1	
147175	183	44	172	1	
147176	183	44	172	1	
147177	183	44	172	1	
147178	183	44	172	1	
147179	183	44	172	1	
147180	183	44	172	1	
147181	183	44	172	1	
147182	183	44	172	1	
147183	183	44	172	1	
147184	183	44	172	1	
147185	183	44	172	1	
147186	183	44	172	1	
147187	183	44	172	1	
147188	183	44	172	1	
147189	183	44	172	1	
147190	183	44	172	1	
147191	184	45	170	1	
147192	183	44	171	1	
147193	183	44	172	1	
147194	184	45	170	1	
147195	183	44	171	1	
147196	183	44	172	1	
147197	183	44	172	1	
147198	184	45	170	1	
147199	183	44	171	1	
147200	183	44	172	1	
147201	183	44	172	1	
147202	183	44	172	1	
147203	183	44	172	1	
147204	183	44	172	1	
147205	183	44	172	1	
147206	183	44	172	1	
147207	183	44	172	1	
147208	183	44	172	1	
147209	184	45	170	1	
147210	183	44	171	1	
147211	184	45	169	1	
147212	185	46	167	1	
147213	186	47	166	1	
147214	185	46	167	1	
147215	186	47	166	1	
147216	185	46	167	1	
147217	184	45	168	1	
147218	183	44	169	1	
147219	183	44	170	1	
147220	184	45	168	1	
147221	185	46	167	1	
147222	186	47	166	1	
147223	185	46	167	1	
147224	186	47	166	1	
147225	186	48	165	1	
147226	186	48	164	1	
147227	185	47	165	1	
147228	184	46	166	1	
147229	185	47	165	1	
147230	186	48	164	1	
147231	185	47	165	1	
147232	184	46	166	1	
147233	185	47	165	1	
147234	186	48	164	1	
147235	186	48	163	1	
147236	185	47	164	1	
147237	186	48	163	1	
147238	186	48	162	1	
147239	186	48	161	1	
147240	186	48	160	1	
147241	186	48	159	1	
147242	186	48	158	1	
147243	185	47	160	1	
147244	184	46	162	1	
147245	183	45	163	1	
147246	183	44	164	1	
147247	183	44	165	1	
147248	183	44	166	1	
147249	183	44	167	1	
147250	183	44	168	1	
147251	183	44	169	1	
147252	183	44	170	1	
147253	183	44	171	1	
147254	184	45	169	1	
147255	183	44	170	1	
147256	183	44	171	1	
147257	183	44	172	1	
147258	183	44	172	1	
147259	183	44	172	1	
147260	183	44	172	1	
147261	184	45	170	1	
147262	185	46	168	1	
147263	186	47	167	1	
147264	186	48	166	1	
147265	186	48	165	1	
147266	186	48	164	1	
147267	186	48	163	1	
147268	186	48	162	1	
147269	186	48	161	1	
147270	186	48	160	1	
147271	186	48	159	1	
147272	186	48	158	1	
147273	186	48	158	1	
147274	186	48	158	1	
147275	186	48	158	1	
147276	186	48	158	1	
147277	186	48	158	1	
147278	186	48	158	1	
147279	186	48	158	1	
147280	186	48	158	1	
147281	186	48	158	1	
147282	186	48	158	1	
147283	186	48	158	1	
147284	186	48	158	1	
147285	186	48	158	1	
147286	186	48	158	1	
147287	185	47	160	1	
147288	186	48	159	1	
147289	185	47	161	1	
147290	184	46	162	1	
147291	185	47	161	1	
147292	186	48	160	1	
147293	186	48	159	1	
147294	186	48	158	1	
147295	186	48	158	1	
147296	186	48	158	1	
147297	186	48	158	1	
147298	185	47	160	1	
147299	184	46	162	1	
147300	185	47	161	1	
147301	186	48	160	1	
147302	186	47	160	1	
147303	186	46	160	1	
147304	186	45	160	1	
147305	186	44	160	1	
147306	185	44	162	1	
147307	184	44	163	1	
147308	183	44	164	1	
147309	183	44	165	1	
147310	183	44	166	1	
147311	183	44	167	1	
147312	184	45	166	1	
147313	185	46	165	1	
147314	186	47	164	1	
147315	186	48	163	1	
147316	186	48	162	1	
147317	185	47	163	1	
147318	184	46	164	1	
147319	183	45	165	1	
147320	183	44	166	1	
147321	183	44	167	1	
147322	184	45	166	1	
147323	183	44	167	1	
147324	184	45	166	1	
147325	183	44	167	1	
147326	184	45	166	1	
147327	183	44	167	1	
147328	184	45	166	1	
147329	185	46	165	1	
147330	186	47	164	1	
147331	185	46	165	1	
147332	184	45	166	1	
147333	183	44	167	1	
147334	184	45	166	1	
147335	185	46	165	1	
147336	186	47	164	1	
147337	186	48	163	1	
147338	186	48	162	1	
147339	186	48	161	1	
147340	186	48	160	1	
147341	186	48	159	1	
147342	186	48	158	1	
147343	186	48	158	1	
147344	186	48	158	1	
147345	186	48	158	1	
147346	186	48	158	1	
147347	186	48	158	1	
147348	186	48	158	1	
147349	186	48	158	1	
147350	186	48	158	1	
147351	186	48	158	1	
147352	186	48	158	1	
147353	186	48	158	1	
147354	186	48	158	1	
147355	186	48	158	1	
147356	186	48	158	1	
147357	186	48	158	1	
147358	186	48	158	1	
147359	185	47	160	1	
147360	184	46	162	1	
147361	183	45	163	1	
147362	183	44	164	1	
147363	183	44	165	1	
147364	183	44	166	1	
147365	183	44	167	1	
147366	183	44	168	1	
147367	183	44	169	1	
147368	183	44	170	1	
147369	183	44	171	1	
147370	183	44	172	1	
147371	183	44	172	1	
147372	183	44	172	1	
147373	183	44	172	1	
147374	183	44	172	1	
147375	183	45	171	1	
147376	183	46	170	1	
147377	183	45	171	1	
147378	183	44	172	1	
147379	183	44	172	1	
147380	183	44	172	1	
147381	183	44	172	1	
147382	183	44	172	1	
147383	183	44	172	1	
147384	183	44	172	1	
147385	183	44	172	1	
147386	183	44	172	1	
147387	183	44	172	1	
147388	183	44	172	1	
147389	183	44	172	1	
147390	183	44	172	1	
147391	183	44	172	1	
147392	183	44	172	1	
147393	183	44	172	1	
147394	183	44	172	1	
147395	183	44	172	1	
147396	183	44	172	1	
147397	183	44	172	1	
147398	183	44	172	1	
147399	183	44	172	1	
147400	183	44	172	1	
147401	183	44	172	1	
147402	183	44	172	1	
147403	184	45	170	1	
147404	185	46	168	1	
147405	186	47	167	1	
147406	186	48	166	1	
147407	186	48	165	1	
147408	185	47	166	1	
147409	184	46	167	1	
147410	183	45	168	1	
147411	184	46	167	1	
147412	185	47	166	1	
147413	186	48	165	1	
147414	186	48	164	1	
147415	186	48	163	1	
147416	186	48	162	1	
147417	186	48	161	1	
147418	186	48	160	1	
147419	186	48	159	1	
147420	188	48	158	1	
147421	190	48	158	1	
147422	192	48	158	1	
147423	194	48	158	1	
147424	196	48	158	1	
147425	197	48	158	1	
147426	198	48	158	1	
147427	199	48	158	1	
147428	200	48	158	1	
147429	201	48	158	1	
147430	199	47	160	1	
147431	200	48	159	1	
147432	198	47	161	1	
147433	196	46	162	1	
147434	194	45	163	1	
147435	192	44	164	1	
147436	194	45	163	1	
147437	196	46	162	1	
147438	194	45	163	1	
147439	196	46	162	1	
147440	194	45	163	1	
147441	192	44	164	1	
147442	194	45	163	1	
147443	196	46	162	1	
147444	197	47	161	1	
147445	198	48	160	1	
147446	199	48	159	1	
147447	200	48	158	1	
147448	201	48	158	1	
147449	202	48	158	1	
147450	203	48	158	1	
147451	201	47	160	1	
147452	199	46	162	1	
147453	197	45	163	1	
147454	195	44	164	1	
147455	193	44	165	1	
147456	192	44	166	1	
147457	191	44	167	1	
147458	191	45	166	1	
147459	190	44	167	1	
147460	189	44	168	1	
147461	188	44	169	1	
147462	187	44	170	1	
147463	186	44	171	1	
147464	185	44	172	1	
147465	184	44	172	1	
147466	183	44	172	1	
147467	183	44	172	1	
147468	183	44	172	1	
147469	183	44	172	1	
147470	183	44	172	1	
147471	184	45	170	1	
147472	185	46	168	1	
147473	186	47	167	1	
147474	185	46	168	1	
147475	184	45	169	1	
147476	184	46	168	1	
147477	184	47	168	1	
147478	185	48	167	1	
147479	185	49	167	1	
147480	184	48	168	1	
147481	183	47	169	1	
147482	183	46	170	1	
147483	183	45	171	1	
147484	183	44	172	1	
147485	183	44	172	1	
147486	183	44	172	1	
147487	183	44	172	1	
147488	183	44	172	1	
147489	183	45	171	1	
147490	183	46	170	1	
147491	183	47	169	1	
147492	183	48	168	1	
147493	183	49	168	1	
147494	183	48	169	1	
147495	183	47	170	1	
147496	184	48	168	1	
147497	184	49	168	1	
147498	185	49	167	1	
147499	186	49	166	1	
147500	186	49	165	1	
147501	185	48	166	1	
147502	184	47	167	1	
147503	183	46	168	1	
147504	183	45	169	1	
147505	183	46	168	1	
147506	183	47	168	1	
147507	183	48	168	1	
147508	183	49	168	1	
147509	183	50	168	1	
147510	183	51	168	1	
147511	184	51	167	1	
147512	185	51	166	1	
147513	186	51	165	1	
147514	186	51	164	1	
147515	186	51	163	1	
147516	186	52	163	1	
147517	186	52	163	1	
147518	185	51	164	1	
147519	185	52	164	1	
147520	184	51	165	1	
147521	183	50	166	1	
147522	184	50	165	1	
147523	185	50	164	1	
147524	184	49	165	1	
147525	183	48	166	1	
147526	183	47	167	1	
147527	183	46	168	1	
147528	183	45	169	1	
147529	183	44	170	1	
147530	183	44	171	1	
147531	184	45	169	1	
147532	185	46	167	1	
147533	185	47	167	1	
147534	186	48	166	1	
147535	186	48	165	1	
147536	186	48	164	1	
147537	185	47	165	1	
147538	184	46	166	1	
147539	183	45	167	1	
147540	183	44	168	1	
147541	184	45	167	1	
147542	185	46	166	1	
147543	185	47	166	1	
147544	185	48	166	1	
147545	187	48	165	1	
147546	187	49	165	1	
147547	187	50	165	1	
147548	187	51	165	1	
147549	189	51	164	1	
147550	191	51	163	1	
147551	190	52	163	1	
147552	192	52	162	1	
147553	191	52	162	1	
147554	190	51	163	1	
147555	190	52	163	1	
147556	190	52	163	1	
147557	190	52	163	1	
147558	190	52	162	1	
147559	192	52	161	1	
147560	194	52	160	1	
147561	195	52	159	1	
147562	196	52	157	1	
147563	197	52	157	1	
147564	198	52	156	1	
147565	199	52	156	1	
147566	200	52	156	1	
147567	201	52	156	1	
147568	202	52	156	1	
147569	202	52	156	1	
147570	202	52	156	1	
147571	202	52	156	1	
147572	202	52	156	1	
147573	202	52	156	1	
147574	202	52	156	1	
147575	202	52	156	1	
147576	202	52	156	1	
147577	202	52	156	1	
147578	202	52	156	1	
147579	202	52	156	1	
147580	202	52	156	1	
147581	200	51	158	1	
147582	201	51	158	1	
147583	199	50	160	1	
147584	198	50	159	1	
147585	199	52	157	1	
147586	198	52	157	1	
147587	197	52	157	1	
147588	198	53	156	1	
147589	196	52	158	1	
147590	197	53	157	1	
147591	198	54	156	1	
147592	199	55	155	1	
147593	197	54	157	1	
147594	195	53	159	1	
147595	193	52	161	1	
147596	192	51	162	1	
147597	191	50	163	1	
147598	190	49	164	1	
147599	189	48	165	1	
147600	188	47	166	1	
147601	187	46	167	1	
147602	186	45	168	1	
147603	185	44	169	1	
147604	184	44	170	1	
147605	183	44	171	1	
147606	183	44	172	1	
147607	183	44	172	1	
147608	183	44	172	1	
147609	183	44	172	1	
147610	183	44	172	1	
147611	183	44	172	1	
147612	183	44	172	1	
147613	183	44	172	1	
147614	183	44	172	1	
147615	183	44	172	1	
147616	183	44	172	1	
147617	183	44	172	1	
147618	183	44	172	1	
147619	183	44	172	1	
147620	183	44	172	1	
147621	183	44	172	1	
147622	183	44	172	1	
147623	183	44	172	1	
147624	183	44	172	1	
147625	183	44	172	1	
147626	183	44	172	1	
147627	183	44	172	1	
147628	183	44	172	1	
147629	183	44	172	1	
147630	183	44	172	1	
147631	183	44	172	1	
147632	183	44	172	1	
147633	183	44	172	1	
147634	183	44	172	1	
147635	183	44	172	1	
147636	183	44	172	1	
147637	184	45	170	1	
147638	183	44	171	1	
147639	184	45	169	1	
147640	183	44	170	1	
147641	183	44	171	1	
147642	183	44	172	1	
147643	183	44	172	1	
147644	183	44	172	1	
147645	183	44	172	1	
147646	183	44	172	1	
147647	183	44	172	1	
147648	183	44	172	1	
147649	183	44	172	1	
147650	183	44	172	1	
147651	183	44	172	1	
147652	183	44	172	1	
147653	183	44	172	1	
147654	184	45	170	1	
147655	183	44	171	1	
147656	183	44	172	1	
147657	184	45	170	1	
147658	185	46	168	1	
147659	184	45	169	1	
147660	183	44	170	1	
147661	183	44	171	1	
147662	183	44	172	1	
147663	183	44	172	1	
147664	184	45	170	1	
147665	183	44	171	1	
147666	184	45	169	1	
147667	185	46	167	1	
147668	186	47	166	1	
147669	186	48	165	1	
147670	186	48	164	1	
147671	186	48	163	1	
147672	186	48	162	1	
147673	185	47	163	1	
147674	184	46	164	1	
147675	183	45	165	1	
147676	183	44	166	1	
147677	183	44	167	1	
147678	183	44	168	1	
147679	183	44	169	1	
147680	183	44	170	1	
147681	184	45	168	1	
147682	183	44	169	1	
147683	183	44	170	1	
147684	183	44	171	1	
147685	183	44	172	1	
147686	183	44	172	1	
147687	183	44	172	1	
147688	183	44	172	1	
147689	183	44	172	1	
147690	183	44	172	1	
147691	183	44	172	1	
147692	183	44	172	1	
147693	183	44	172	1	
147694	183	44	172	1	
147695	184	45	170	1	
147696	185	46	168	1	
147697	184	45	169	1	
147698	183	44	170	1	
147699	183	44	171	1	
147700	183	44	172	1	
147701	183	44	172	1	
147702	183	44	172	1	
147703	183	44	172	1	
147704	183	44	172	1	
147705	183	44	172	1	
147706	183	44	172	1	
147707	183	44	172	1	
147708	183	44	172	1	
147709	183	44	172	1	
147710	183	44	172	1	
147711	184	45	170	1	
147712	183	44	171	1	
147713	183	44	172	1	
147714	183	44	172	1	
147715	183	44	172	1	
147716	183	44	172	1	
147717	183	44	172	1	
147718	183	44	172	1	
147719	183	44	172	1	
147720	183	44	172	1	
147721	183	44	172	1	
147722	183	44	172	1	
147723	183	44	172	1	
147724	183	44	172	1	
147725	183	44	172	1	
147726	184	45	170	1	
147727	183	44	171	1	
147728	183	44	172	1	
147729	183	44	172	1	
147730	183	44	172	1	
147731	183	44	172	1	
147732	183	44	172	1	
147733	183	44	172	1	
147734	183	44	172	1	
147735	183	44	172	1	
147736	183	44	172	1	
147737	183	44	172	1	
147738	183	44	172	1	
147739	183	44	172	1	
147740	183	44	172	1	
147741	183	44	172	1	
147742	183	44	172	1	
147743	183	44	172	1	
147744	183	44	172	1	
147745	183	44	172	1	
147746	183	44	172	1	
147747	183	44	172	1	
147748	183	44	172	1	
147749	183	44	172	1	
147750	183	44	172	1	
147751	183	44	172	1	
147752	183	44	172	1	
147753	183	44	172	1	
147754	183	44	172	1	
147755	183	44	172	1	
147756	183	44	172	1	
147757	183	44	172	1	
147758	183	44	172	1	
147759	183	44	172	1	
147760	183	44	172	1	
147761	183	44	172	1	
147762	184	45	170	1	
147763	183	44	171	1	
147764	183	44	172	1	
147765	183	44	172	1	
147766	183	44	172	1	
147767	183	44	172	1	
147768	183	44	172	1	
147769	183	44	172	1	
147770	183	44	172	1	
147771	183	44	172	1	
147772	183	44	172	1	
147773	183	44	172	1	
147774	183	44	172	1	
147775	183	44	172	1	
147776	183	44	172	1	
147777	183	44	172	1	
147778	183	44	172	1	
147779	183	44	172	1	
147780	183	44	172	1	
147781	183	44	172	1	
147782	183	45	171	1	
147783	183	46	170	1	
147784	183	47	169	1	
147785	183	46	170	1	
147786	184	47	168	1	
147787	185	48	167	1	
147788	186	48	166	1	
147789	186	48	165	1	
147790	186	48	164	1	
147791	186	48	163	1	
147792	186	48	162	1	
147793	186	48	161	1	
147794	186	48	160	1	
147795	186	48	159	1	
147796	186	48	158	1	
147797	186	48	158	1	
147798	186	48	158	1	
147799	186	48	158	1	
