149670	241	81	143	1	
149671	241	81	143	1	
149672	241	81	143	1	
149673	241	81	143	1	
149674	241	81	143	1	
149675	241	81	143	1	
149676	241	81	143	1	
149677	239	80	145	1	
149678	237	78	148	1	
149679	237	77	148	1	
149680	235	75	151	1	
149681	233	74	154	1	
149682	232	73	156	1	
149683	231	72	158	1	
149684	230	71	160	1	
149685	229	70	162	1	
149686	230	70	160	1	
149687	231	70	158	1	
149688	232	70	157	1	
149689	233	70	156	1	
149690	234	70	155	1	
149691	235	70	154	1	
149692	236	70	153	1	
149693	234	69	155	1	
149694	232	68	157	1	
149695	231	67	159	1	
149696	230	66	161	1	
149697	229	65	162	1	
149698	228	64	163	1	
149699	227	64	164	1	
149700	226	64	165	1	
149701	225	64	166	1	
149702	224	64	167	1	
149703	223	64	168	1	
149704	223	64	169	1	
149705	223	64	170	1	
149706	223	64	171	1	
149707	223	64	172	1	
149708	223	64	172	1	
149709	223	64	172	1	
149710	223	64	172	1	
149711	223	64	172	1	
149712	223	64	172	1	
149713	223	64	172	1	
149714	223	64	172	1	
149715	223	64	172	1	
149716	223	64	172	1	
149717	223	64	172	1	
149718	223	64	172	1	
149719	223	64	172	1	
149720	223	64	172	1	
149721	225	65	170	1	
149722	227	66	168	1	
149723	228	66	167	1	
149724	229	66	166	1	
149725	230	66	165	1	
149726	231	66	164	1	
149727	232	66	163	1	
149728	233	66	162	1	
149729	234	66	160	1	
149730	235	66	159	1	
149731	236	66	158	1	
149732	236	66	157	1	
149733	236	66	156	1	
149734	236	66	156	1	
149735	236	66	155	1	
149736	234	65	157	1	
149737	232	64	159	1	
149738	233	64	157	1	
149739	234	64	156	1	
149740	235	64	155	1	
149741	236	64	154	1	
149742	236	64	153	1	
149743	236	64	152	1	
149744	236	65	152	1	
149745	237	65	152	1	
149746	237	66	152	1	
149747	235	65	154	1	
149748	236	65	154	1	
149749	236	66	154	1	
149750	236	66	154	1	
149751	236	66	154	1	
149752	236	66	154	1	
149753	236	66	154	1	
149754	236	66	154	1	
149755	236	66	154	1	
149756	236	66	154	1	
149757	236	66	154	1	
149758	236	66	154	1	
149759	236	66	154	1	
149760	236	66	154	1	
149761	237	66	154	1	
149762	237	66	154	1	
149763	237	66	154	1	
149764	237	66	154	1	
149765	237	66	154	1	
149766	238	66	155	1	
149767	238	66	155	1	
149768	238	66	155	1	
149769	238	66	155	1	
149770	238	66	155	1	
149771	238	66	155	1	
149772	238	68	154	1	
149773	238	68	153	1	
149774	238	68	152	1	
149775	238	68	151	1	
149776	238	68	150	1	
149777	238	68	150	1	
149778	238	68	150	1	
149779	238	68	150	1	
149780	238	68	150	1	
149781	238	68	150	1	
149782	238	68	150	1	
149783	238	68	150	1	
149784	238	68	150	1	
149785	238	68	150	1	
149786	238	68	150	1	
149787	238	68	150	1	
149788	238	68	150	1	
149789	238	68	150	1	
149790	238	68	150	1	
149791	238	68	150	1	
149792	238	68	150	1	
149793	238	68	150	1	
149794	238	68	150	1	
149795	238	68	150	1	
149796	238	68	150	1	
149797	238	68	150	1	
149798	238	68	150	1	
149799	238	68	150	1	
149800	239	67	150	1	
149801	239	67	150	1	
149802	239	66	153	1	
149803	239	65	155	1	
149804	239	64	156	1	
149805	239	63	157	1	
149806	239	63	159	1	
149807	239	63	161	1	
149808	239	63	162	1	
149809	239	63	163	1	
149810	239	63	164	1	
149811	239	63	165	1	
149812	239	63	166	1	
149813	239	63	167	1	
149814	239	63	168	1	
149815	239	63	169	1	
149816	239	63	170	1	
149817	239	63	171	1	
149818	239	63	172	1	
149819	239	63	172	1	
149820	239	63	172	1	
149821	239	63	172	1	
149822	239	63	172	1	
149823	239	63	172	1	
149824	239	63	172	1	
149825	239	63	172	1	
149826	239	63	172	1	
149827	239	63	172	1	
149828	239	63	172	1	
149829	239	63	172	1	
149830	239	63	172	1	
149831	239	63	172	1	
149832	239	63	172	1	
149833	239	63	172	1	
149834	239	63	172	1	
149835	239	63	172	1	
149836	241	63	169	1	
149837	241	63	170	1	
149838	243	63	167	1	
149839	243	63	168	1	
149840	243	63	169	1	
149841	243	63	170	1	
149842	243	63	171	1	
149843	243	62	170	1	
149844	243	61	169	1	
149845	243	61	170	1	
149846	243	61	171	1	
149847	243	61	172	1	
149848	243	61	172	1	
149849	243	60	171	1	
149850	243	60	170	1	
149851	243	60	169	1	
149852	243	60	168	1	
149853	243	60	168	1	
149854	243	60	168	1	
149855	243	60	168	1	
149856	242	60	169	1	
149857	242	60	170	1	
149858	242	60	171	1	
149859	242	60	172	1	
149860	242	60	172	1	
149861	242	60	172	1	
149862	242	60	172	1	
149863	242	60	172	1	
149864	242	60	172	1	
149865	242	60	172	1	
149866	242	60	172	1	
149867	242	60	172	1	
149868	242	60	172	1	
149869	242	60	172	1	
149870	242	60	172	1	
149871	242	60	172	1	
149872	242	60	172	1	
149873	242	60	172	1	
149874	242	60	172	1	
149875	242	60	172	1	
149876	242	60	172	1	
149877	242	60	172	1	
149878	242	60	172	1	
149879	242	60	172	1	
149880	242	60	171	1	
149881	242	60	172	1	
149882	242	60	172	1	
149883	242	60	172	1	
149884	242	60	172	1	
149885	242	60	172	1	
149886	242	60	172	1	
149887	242	60	171	1	
149888	242	60	170	1	
149889	242	60	171	1	
149890	242	60	170	1	
149891	242	60	171	1	
149892	242	60	172	1	
149893	242	60	172	1	
149894	242	60	172	1	
149895	242	60	172	1	
149896	242	60	172	1	
149897	242	60	172	1	
149898	242	60	172	1	
149899	242	60	172	1	
149900	242	60	172	1	
149901	242	60	172	1	
149902	242	60	172	1	
149903	242	60	172	1	
149904	242	60	172	1	
149905	242	60	172	1	
149906	242	60	172	1	
149907	242	60	172	1	
149908	242	60	172	1	
149909	242	60	172	1	
149910	242	60	172	1	
149911	242	60	172	1	
149912	242	60	172	1	
149913	242	60	172	1	
149914	242	60	172	1	
149915	242	60	172	1	
149916	242	60	172	1	
149917	242	60	172	1	
149918	242	60	172	1	
149919	242	60	172	1	
149920	242	60	172	1	
149921	242	60	172	1	
149922	242	60	172	1	
149923	242	60	172	1	
149924	242	60	172	1	
149925	242	60	172	1	
149926	242	60	172	1	
149927	242	60	172	1	
149928	242	60	172	1	
149929	242	60	172	1	
149930	242	60	172	1	
149931	242	60	172	1	
149932	242	60	172	1	
149933	242	60	172	1	
149934	242	60	172	1	
149935	242	60	172	1	
149936	242	60	172	1	
149937	242	60	172	1	
149938	242	60	172	1	
149939	242	60	171	1	
149940	242	60	172	1	
149941	242	60	172	1	
149942	242	60	171	1	
149943	242	60	172	1	
149944	242	60	172	1	
149945	242	60	172	1	
149946	242	60	172	1	
149947	242	60	172	1	
149948	242	60	172	1	
149949	242	60	172	1	
149950	242	60	172	1	
149951	242	60	172	1	
149952	242	60	172	1	
149953	242	60	172	1	
149954	242	60	172	1	
149955	242	60	172	1	
149956	242	60	172	1	
149957	242	60	172	1	
149958	242	60	172	1	
149959	242	60	172	1	
149960	242	60	172	1	
149961	242	60	172	1	
149962	242	60	172	1	
149963	242	60	172	1	
149964	242	60	171	1	
149965	242	60	170	1	
149966	242	60	169	1	
149967	242	60	170	1	
149968	242	60	171	1	
149969	242	60	172	1	
149970	242	60	172	1	
149971	242	60	172	1	
149972	242	60	172	1	
149973	242	60	172	1	
149974	242	60	172	1	
149975	242	60	172	1	
149976	242	60	172	1	
149977	242	60	172	1	
149978	242	60	172	1	
149979	242	60	172	1	
149980	242	60	172	1	
149981	242	60	172	1	
149982	242	60	172	1	
149983	242	60	172	1	
149984	242	60	172	1	
149985	242	60	172	1	
149986	242	60	172	1	
149987	242	60	172	1	
149988	242	60	172	1	
149989	242	60	172	1	
149990	242	60	172	1	
149991	242	60	172	1	
149992	242	60	172	1	
149993	242	60	172	1	
149994	242	60	172	1	
149995	242	60	172	1	
149996	242	60	172	1	
149997	242	60	172	1	
149998	242	60	172	1	
149999	242	60	172	1	
150000	242	60	172	1	
150001	242	60	172	1	
150002	242	60	172	1	
150003	242	60	172	1	
150004	242	60	172	1	
150005	242	60	172	1	
150006	242	60	172	1	
150007	242	60	172	1	
150008	242	60	172	1	
150009	242	60	172	1	
150010	242	60	172	1	
150011	242	60	171	1	
150012	242	60	172	1	
150013	242	60	172	1	
150014	242	60	172	1	
150015	242	60	172	1	
150016	242	60	172	1	
150017	242	60	171	1	
150018	242	60	170	1	
150019	242	60	169	1	
150020	242	60	168	1	
150021	242	60	168	1	
150022	242	60	168	1	
150023	242	60	169	1	
150024	242	60	170	1	
150025	242	60	171	1	
150026	242	60	172	1	
150027	242	60	172	1	
150028	242	60	172	1	
150029	242	60	172	1	
150030	242	60	172	1	
150031	242	60	172	1	
150032	242	60	172	1	
150033	242	60	172	1	
150034	242	60	172	1	
150035	242	60	172	1	
150036	242	60	171	1	
150037	242	60	170	1	
150038	242	60	169	1	
150039	242	60	168	1	
150040	242	60	168	1	
150041	242	60	168	1	
150042	242	60	168	1	
150043	242	60	168	1	
150044	242	60	168	1	
150045	242	60	169	1	
150046	242	60	168	1	
150047	242	60	168	1	
150048	242	60	169	1	
150049	242	60	168	1	
150050	242	60	168	1	
150051	242	60	168	1	
150052	242	60	168	1	
150053	242	60	168	1	
150054	242	60	168	1	
150055	242	60	168	1	
150056	242	60	168	1	
150057	242	60	169	1	
150058	242	60	168	1	
150059	242	60	168	1	
150060	242	60	169	1	
150061	242	60	170	1	
150062	242	60	171	1	
150063	242	60	172	1	
150064	242	60	172	1	
150065	242	60	172	1	
150066	242	60	172	1	
150067	242	60	172	1	
150068	242	60	172	1	
150069	242	60	172	1	
150070	242	60	172	1	
150071	242	60	172	1	
150072	242	60	172	1	
150073	242	60	172	1	
150074	242	60	172	1	
150075	242	60	172	1	
150076	242	60	172	1	
150077	242	60	172	1	
150078	242	60	172	1	
150079	242	60	172	1	
150080	242	60	172	1	
150081	242	60	172	1	
150082	242	60	172	1	
150083	242	60	172	1	
150084	242	60	172	1	
150085	242	60	172	1	
150086	242	60	172	1	
150087	242	60	172	1	
150088	242	60	172	1	
150089	242	60	172	1	
150090	242	60	172	1	
150091	242	60	172	1	
150092	242	60	172	1	
150093	242	60	172	1	
150094	242	60	172	1	
150095	242	60	172	1	
150096	242	60	171	1	
150097	242	60	172	1	
150098	242	60	172	1	
150099	242	60	172	1	
150100	242	60	172	1	
150101	242	60	172	1	
150102	242	60	172	1	
150103	242	60	172	1	
150104	242	60	172	1	
150105	242	60	172	1	
150106	242	60	172	1	
150107	242	60	172	1	
150108	242	60	172	1	
150109	242	60	172	1	
150110	242	60	172	1	
150111	242	60	172	1	
150112	242	60	172	1	
150113	242	60	171	1	
150114	242	60	170	1	
150115	242	60	169	1	
150116	242	60	168	1	
150117	242	60	168	1	
150118	242	60	168	1	
150119	242	60	168	1	
150120	242	60	168	1	
150121	242	60	168	1	
150122	242	60	168	1	
150123	242	60	168	1	
150124	242	60	168	1	
150125	242	60	168	1	
150126	242	60	168	1	
150127	242	60	168	1	
150128	242	60	168	1	
150129	242	60	167	1	
150130	242	60	167	1	
150131	242	60	167	1	
150132	242	60	167	1	
150133	242	60	167	1	
150134	242	60	167	1	
150135	242	60	167	1	
150136	242	60	167	1	
150137	242	60	167	1	
150138	242	60	167	1	
150139	242	60	167	1	
150140	242	60	167	1	
150141	242	61	166	1	
150142	242	61	164	1	
150143	242	60	164	1	
150144	242	60	165	1	
150145	242	60	166	1	
150146	242	61	165	1	
150147	242	60	165	1	
150148	242	60	166	1	
150149	242	60	167	1	
150150	242	60	168	1	
150151	242	60	169	1	
150152	242	60	170	1	
150153	242	60	169	1	
150154	242	60	170	1	
150155	242	60	169	1	
150156	242	60	168	1	
150157	242	60	168	1	
150158	242	60	169	1	
150159	242	60	168	1	
150160	242	60	168	1	
150161	242	60	168	1	
150162	242	60	168	1	
150163	242	60	168	1	
150164	242	60	168	1	
150165	242	60	168	1	
150166	242	60	168	1	
150167	242	60	168	1	
150168	242	60	168	1	
150169	242	60	168	1	
150170	242	60	168	1	
150171	242	60	168	1	
150172	242	60	168	1	
150173	242	60	168	1	
150174	242	60	168	1	
150175	242	60	168	1	
150176	242	59	167	1	
150177	242	58	166	1	
150178	240	56	167	1	
150179	237	55	169	1	
150180	235	54	170	1	
150181	233	54	171	1	
150182	231	53	173	1	
150183	230	52	173	1	
150184	229	51	173	1	
150185	228	51	173	1	
150186	227	50	173	1	
150187	226	50	173	1	
150188	225	50	173	1	
150189	225	51	172	1	
150190	224	50	172	1	
150191	223	50	172	1	
150192	222	50	172	1	
150193	222	50	170	1	
150194	222	51	169	1	
150195	221	50	170	1	
150196	221	50	168	1	
150197	221	50	167	1	
150198	221	50	166	1	
150199	220	50	167	1	
150200	220	50	166	1	
150201	220	50	167	1	
150202	220	50	168	1	
150203	220	50	169	1	
150204	220	50	170	1	
150205	220	51	169	1	
150206	220	50	170	1	
150207	220	50	171	1	
150208	220	50	172	1	
150209	220	50	172	1	
150210	220	50	172	1	
150211	219	49	174	1	
150212	218	48	176	1	
150213	217	47	177	1	
150214	217	47	177	1	
150215	217	47	177	1	
150216	218	48	176	1	
150217	218	48	176	1	
150218	218	48	176	1	
150219	218	48	176	1	
150220	218	48	176	1	
150221	218	48	176	1	
150222	218	48	176	1	
150223	219	48	174	1	
150224	220	48	172	1	
150225	220	48	172	1	
150226	220	47	171	1	
150227	220	47	172	1	
150228	220	47	172	1	
150229	220	47	172	1	
150230	220	47	172	1	
150231	220	47	172	1	
150232	220	47	172	1	
150233	220	47	172	1	
150234	220	47	172	1	
150235	220	47	172	1	
150236	220	47	172	1	
150237	220	47	172	1	
150238	220	47	172	1	
150239	220	47	172	1	
150240	220	47	172	1	
150241	220	47	172	1	
150242	220	47	172	1	
150243	220	47	172	1	
150244	220	47	172	1	
150245	220	47	172	1	
150246	220	47	172	1	
150247	220	47	172	1	
150248	220	47	172	1	
150249	220	47	172	1	
150250	220	47	172	1	
150251	220	47	172	1	
150252	220	47	172	1	
150253	220	47	172	1	
150254	220	47	172	1	
150255	220	47	172	1	
150256	220	47	172	1	
150257	220	47	172	1	
150258	220	47	172	1	
150259	220	47	172	1	
150260	220	47	172	1	
150261	220	46	172	1	
150262	220	45	172	1	
150263	220	44	172	1	
150264	220	44	172	1	
150265	220	44	172	1	
150266	220	44	172	1	
150267	220	44	172	1	
150268	220	44	172	1	
150269	220	44	172	1	
150270	220	44	172	1	
150271	220	44	172	1	
150272	220	44	172	1	
150273	220	44	172	1	
150274	220	44	172	1	
150275	220	44	172	1	
150276	220	44	172	1	
150277	220	44	172	1	
150278	220	44	172	1	
150279	220	44	172	1	
150280	220	44	172	1	
150281	220	44	172	1	
150282	220	44	172	1	
150283	220	44	172	1	
150284	220	44	172	1	
150285	220	44	172	1	
150286	220	44	172	1	
150287	220	44	172	1	
150288	220	44	172	1	
150289	220	44	172	1	
150290	220	44	172	1	
150291	220	44	172	1	
150292	222	44	169	1	
150293	222	44	170	1	
150294	222	44	171	1	
150295	221	44	172	1	
150296	221	44	172	1	
150297	220	44	172	1	
150298	220	44	172	1	
150299	220	44	172	1	
150300	220	44	172	1	
150301	220	44	172	1	
150302	220	44	172	1	
150303	220	44	172	1	
150304	220	44	172	1	
150305	220	44	172	1	
150306	220	44	172	1	
150307	220	44	172	1	
150308	220	44	172	1	
150309	220	44	172	1	
150310	220	44	172	1	
150311	220	44	172	1	
150312	220	44	172	1	
150313	220	44	172	1	
150314	220	44	172	1	
150315	220	44	172	1	
150316	220	44	172	1	
150317	220	44	172	1	
150318	220	44	172	1	
150319	220	44	172	1	
150320	220	44	172	1	
150321	220	44	172	1	
150322	220	44	172	1	
150323	220	44	172	1	
150324	220	44	172	1	
150325	220	44	172	1	
150326	220	44	172	1	
150327	219	44	174	1	
150328	219	44	174	1	
150329	219	44	174	1	
150330	219	44	174	1	
150331	219	44	174	1	
150332	219	44	174	1	
150333	219	44	174	1	
150334	219	44	174	1	
150335	218	44	176	1	
150336	218	44	176	1	
150337	218	44	176	1	
150338	218	44	176	1	
150339	219	45	174	1	
150340	220	46	172	1	
150341	220	46	172	1	
150342	220	47	170	1	
150343	220	48	168	1	
150344	220	48	169	1	
150345	220	48	170	1	
150346	220	47	171	1	
150347	220	46	172	1	
150348	220	46	172	1	
150349	220	46	172	1	
150350	220	45	171	1	
150351	220	44	169	1	
150352	220	43	167	1	
150353	220	42	166	1	
150354	220	41	165	1	
150355	220	40	164	1	
150356	220	40	163	1	
150357	220	40	162	1	
150358	220	40	161	1	
150359	220	40	160	1	
150360	220	40	159	1	
150361	220	40	158	1	
150362	220	40	158	1	
150363	220	40	159	1	
150364	220	40	158	1	
150365	220	40	158	1	
150366	220	40	158	1	
150367	220	40	159	1	
150368	220	40	158	1	
150369	220	40	158	1	
150370	220	40	159	1	
150371	220	40	158	1	
150372	220	40	158	1	
150373	220	40	158	1	
150374	220	40	158	1	
150375	220	40	158	1	
150376	220	40	158	1	
150377	220	40	158	1	
150378	220	40	158	1	
150379	220	40	158	1	
150380	220	40	158	1	
150381	220	40	159	1	
150382	220	40	160	1	
150383	220	40	160	1	
150384	220	40	160	1	
150385	220	40	160	1	
150386	220	40	160	1	
150387	220	40	160	1	
150388	220	40	160	1	
150389	220	40	160	1	
150390	220	40	160	1	
150391	220	40	160	1	
150392	220	40	160	1	
150393	220	40	160	1	
150394	220	40	160	1	
150395	220	40	160	1	
150396	220	40	160	1	
150397	220	40	160	1	
150398	220	40	160	1	
150399	220	40	160	1	
150400	220	40	160	1	
150401	220	40	160	1	
150402	220	40	160	1	
150403	220	40	160	1	
150404	220	40	160	1	
150405	220	40	160	1	
150406	220	40	160	1	
150407	220	40	160	1	
150408	220	40	160	1	
150409	220	40	160	1	
150410	220	40	160	1	
150411	220	40	160	1	
150412	220	40	160	1	
150413	220	40	160	1	
150414	220	40	160	1	
150415	220	40	160	1	
150416	220	40	160	1	
150417	220	40	160	1	
150418	220	40	160	1	
150419	220	40	160	1	
150420	220	40	160	1	
150421	220	40	160	1	
150422	220	40	160	1	
150423	220	40	160	1	
150424	220	40	160	1	
150425	220	40	160	1	
150426	220	40	160	1	
150427	220	41	162	1	
150428	220	41	162	1	
150429	220	41	162	1	
150430	220	41	162	1	
150431	220	41	162	1	
150432	220	41	162	1	
150433	220	41	162	1	
150434	220	41	162	1	
150435	220	41	162	1	
150436	220	41	162	1	
150437	220	41	162	1	
150438	220	42	163	1	
150439	220	42	163	1	
150440	220	42	163	1	
150441	220	42	164	1	
150442	220	42	165	1	
150443	220	42	166	1	
150444	220	42	167	1	
150445	220	42	168	1	
150446	220	42	169	1	
150447	220	42	170	1	
150448	220	42	171	1	
150449	220	42	172	1	
150450	220	42	172	1	
150451	220	42	172	1	
150452	220	42	172	1	
150453	220	42	172	1	
150454	220	42	172	1	
150455	220	42	172	1	
150456	220	42	172	1	
150457	220	42	172	1	
150458	220	42	172	1	
150459	220	42	172	1	
150460	220	42	172	1	
150461	220	42	172	1	
150462	220	42	172	1	
150463	220	42	172	1	
150464	220	42	172	1	
150465	220	42	172	1	
150466	220	42	172	1	
150467	220	42	172	1	
150468	220	42	172	1	
150469	220	42	172	1	
150470	220	42	172	1	
150471	220	42	172	1	
150472	220	42	172	1	
150473	220	42	172	1	
150474	220	42	172	1	
150475	220	42	172	1	
150476	220	42	172	1	
150477	220	42	172	1	
150478	220	42	172	1	
150479	220	42	172	1	
150480	220	42	172	1	
150481	220	42	172	1	
150482	220	42	172	1	
150483	220	42	172	1	
150484	220	42	171	1	
150485	220	42	170	1	
150486	220	42	169	1	
150487	220	42	168	1	
150488	220	42	168	1	
150489	220	42	168	1	
150490	220	42	168	1	
150491	220	42	168	1	
150492	220	42	168	1	
150493	220	42	168	1	
150494	220	42	168	1	
150495	220	42	168	1	
150496	220	42	168	1	
150497	220	42	168	1	
150498	220	42	168	1	
150499	220	42	168	1	
150500	220	42	168	1	
150501	220	42	168	1	
150502	220	42	168	1	
150503	220	42	168	1	
150504	220	42	168	1	
150505	220	42	168	1	
150506	220	42	168	1	
150507	220	42	168	1	
150508	220	42	168	1	
150509	220	42	168	1	
150510	220	42	168	1	
150511	220	42	169	1	
150512	220	42	170	1	
150513	220	42	171	1	
150514	220	42	170	1	
150515	220	42	171	1	
150516	220	42	172	1	
150517	220	42	171	1	
150518	220	42	172	1	
150519	220	42	172	1	
150520	220	42	172	1	
150521	220	42	172	1	
150522	220	42	172	1	
150523	220	42	172	1	
150524	220	42	172	1	
150525	220	42	172	1	
150526	220	42	172	1	
150527	220	42	172	1	
150528	220	42	172	1	
150529	220	42	172	1	
150530	220	42	172	1	
150531	220	42	172	1	
150532	220	42	172	1	
150533	220	42	172	1	
150534	220	42	172	1	
150535	220	42	171	1	
150536	220	42	170	1	
150537	220	42	171	1	
150538	220	42	170	1	
150539	220	42	169	1	
150540	220	41	167	1	
150541	220	42	168	1	
150542	220	42	169	1	
150543	220	42	168	1	
150544	220	42	168	1	
150545	220	42	169	1	
150546	220	42	168	1	
150547	220	42	168	1	
150548	220	42	169	1	
150549	220	42	168	1	
150550	220	42	168	1	
150551	220	42	168	1	
150552	220	42	169	1	
150553	220	42	170	1	
150554	220	42	169	1	
150555	220	42	168	1	
150556	220	42	168	1	
150557	220	42	168	1	
150558	220	42	168	1	
150559	220	42	168	1	
150560	220	42	169	1	
150561	220	42	170	1	
150562	220	42	171	1	
150563	220	42	172	1	
150564	220	42	172	1	
150565	220	42	171	1	
150566	221	42	169	1	
150567	221	42	168	1	
150568	222	42	167	1	
150569	222	42	167	1	
150570	222	42	167	1	
150571	222	42	166	1	
150572	222	42	166	1	
150573	222	42	166	1	
150574	222	42	166	1	
150575	222	42	166	1	
150576	222	42	165	1	
150577	222	42	164	1	
150578	222	42	164	1	
150579	222	42	164	1	
150580	222	42	163	1	
150581	222	42	162	1	
150582	222	42	161	1	
150583	222	42	160	1	
150584	222	42	159	1	
150585	222	42	160	1	
150586	222	42	160	1	
150587	222	42	159	1	
150588	222	42	158	1	
150589	222	42	158	1	
150590	222	42	158	1	
150591	222	42	158	1	
150592	222	42	159	1	
150593	222	42	160	1	
150594	222	42	160	1	
150595	222	42	160	1	
150596	222	42	160	1	
150597	222	42	160	1	
150598	222	42	160	1	
150599	222	42	160	1	
150600	221	42	162	1	
150601	220	42	163	1	
150602	220	42	163	1	
150603	220	42	163	1	
150604	220	42	163	1	
150605	220	42	163	1	
150606	220	42	163	1	
150607	220	42	163	1	
150608	220	42	163	1	
150609	220	42	163	1	
150610	220	42	164	1	
150611	220	42	164	1	
150612	220	42	164	1	
150613	220	42	164	1	
150614	220	42	165	1	
150615	220	42	165	1	
150616	220	42	165	1	
150617	220	42	166	1	
150618	220	42	167	1	
150619	220	42	168	1	
150620	220	42	169	1	
150621	220	42	170	1	
150622	220	42	171	1	
150623	220	42	172	1	
150624	220	42	172	1	
150625	220	42	171	1	
150626	220	42	172	1	
150627	220	42	171	1	
150628	220	42	170	1	
150629	220	42	169	1	
150630	220	42	168	1	
150631	220	42	168	1	
150632	220	42	168	1	
150633	220	42	168	1	
150634	220	42	168	1	
150635	220	43	169	1	
150636	220	42	168	1	
150637	220	42	168	1	
150638	220	42	169	1	
150639	220	42	170	1	
150640	220	42	171	1	
150641	220	42	170	1	
150642	220	42	169	1	
150643	220	42	168	1	
150644	220	42	168	1	
150645	220	42	168	1	
150646	220	42	168	1	
150647	220	42	168	1	
150648	220	42	168	1	
150649	220	42	168	1	
150650	220	42	168	1	
150651	220	42	168	1	
150652	220	42	168	1	
150653	220	42	168	1	
150654	220	42	168	1	
150655	220	42	168	1	
150656	220	42	168	1	
150657	220	42	168	1	
150658	220	42	168	1	
150659	220	42	168	1	
150660	220	42	168	1	
150661	220	42	168	1	
150662	220	42	168	1	
150663	220	42	168	1	
150664	220	42	169	1	
150665	220	42	170	1	
150666	220	42	171	1	
150667	220	42	172	1	
150668	220	42	172	1	
150669	220	42	172	1	
150670	220	42	172	1	
150671	220	42	171	1	
150672	220	42	170	1	
150673	220	42	169	1	
150674	220	42	168	1	
150675	220	42	168	1	
150676	220	42	168	1	
150677	220	42	168	1	
150678	220	42	169	1	
150679	220	42	170	1	
150680	220	42	171	1	
150681	220	42	172	1	
150682	220	42	172	1	
150683	220	42	171	1	
150684	220	42	170	1	
150685	220	42	169	1	
150686	220	42	168	1	
150687	220	42	169	1	
150688	220	42	170	1	
150689	220	42	171	1	
150690	220	42	172	1	
150691	220	42	171	1	
150692	220	42	170	1	
150693	220	42	169	1	
150694	220	42	168	1	
150695	220	42	168	1	
150696	220	42	168	1	
150697	220	42	168	1	
150698	220	42	168	1	
150699	220	42	168	1	
150700	220	42	168	1	
150701	220	42	169	1	
150702	220	42	168	1	
150703	220	42	169	1	
150704	220	42	168	1	
150705	220	42	168	1	
150706	220	42	168	1	
150707	220	42	168	1	
150708	220	42	168	1	
150709	220	42	168	1	
150710	220	42	168	1	
150711	220	42	168	1	
150712	220	42	168	1	
150713	220	42	168	1	
150714	220	42	168	1	
150715	220	42	168	1	
150716	220	42	168	1	
150717	219	39	170	1	
150718	218	37	172	1	
150719	218	37	171	1	
150720	218	37	170	1	
150721	218	37	169	1	
150722	218	37	168	1	
150723	218	37	168	1	
150724	218	37	168	1	
150725	218	37	168	1	
150726	218	37	168	1	
150727	218	37	168	1	
150728	218	37	168	1	
150729	218	37	168	1	
150730	218	37	168	1	
150731	218	37	168	1	
150732	218	37	168	1	
150733	218	37	168	1	
150734	218	37	168	1	
150735	218	37	168	1	
150736	218	37	168	1	
150737	218	37	168	1	
150738	218	37	168	1	
150739	218	37	168	1	
150740	218	37	168	1	
150741	218	37	168	1	
150742	218	37	168	1	
150743	218	37	168	1	
150744	218	37	168	1	
150745	218	37	168	1	
150746	218	37	168	1	
150747	218	37	168	1	
150748	218	37	168	1	
150749	218	37	168	1	
150750	218	35	169	1	
150751	218	35	168	1	
150752	218	34	169	1	
150753	218	33	170	1	
150754	221	33	168	1	
150755	224	33	167	1	
150756	224	34	167	1	
150757	223	33	168	1	
150758	225	33	167	1	
150759	227	33	167	1	
150760	229	33	167	1	
150761	231	33	167	1	
150762	232	33	167	1	
150763	233	33	166	1	
150764	234	33	165	1	
150765	232	31	167	1	
150766	230	29	169	1	
150767	228	28	171	1	
150768	226	27	173	1	
150769	228	28	171	1	
150770	229	28	168	1	
150771	230	29	167	1	
150772	231	30	166	1	
150773	232	30	165	1	
150774	233	30	164	1	
150775	234	30	163	1	
150776	235	30	162	1	
150777	236	30	161	1	
150778	233	28	164	1	
150779	231	27	166	1	
150780	230	28	165	1	
150781	229	29	164	1	
150782	227	28	166	1	
150783	226	27	168	1	
150784	224	26	170	1	
150785	222	25	172	1	
150786	221	25	174	1	
150787	220	25	176	1	
150788	219	24	177	1	
150789	218	23	178	1	
150790	218	24	177	1	
150791	218	25	176	1	
150792	218	26	175	1	
150793	218	27	174	1	
150794	218	28	173	1	
150795	218	29	172	1	
150796	218	30	171	1	
150797	218	31	170	1	
150798	218	32	169	1	
150799	218	33	168	1	
150800	218	34	168	1	
150801	218	34	168	1	
150802	218	34	168	1	
150803	218	34	168	1	
150804	218	34	168	1	
150805	218	34	168	1	
150806	218	34	168	1	
150807	219	34	167	1	
150808	219	34	167	1	
150809	219	34	167	1	
150810	219	34	167	1	
150811	219	34	167	1	
150812	219	34	167	1	
150813	219	34	167	1	
150814	218	33	169	1	
150815	221	33	168	1	
150816	223	33	167	1	
150817	225	33	166	1	
150818	227	33	165	1	
150819	228	33	164	1	
150820	229	33	163	1	
150821	230	33	162	1	
150822	231	33	161	1	
150823	232	33	160	1	
150824	234	33	159	1	
150825	235	33	158	1	
150826	236	33	158	1	
150827	236	33	158	1	
150828	236	33	158	1	
150829	236	33	158	1	
150830	236	33	158	1	
150831	236	33	158	1	
150832	236	33	158	1	
150833	236	33	158	1	
150834	236	33	158	1	
150835	236	33	158	1	
150836	236	33	158	1	
150837	236	33	158	1	
150838	236	33	158	1	
150839	236	33	158	1	
150840	236	33	158	1	
150841	236	33	158	1	
150842	236	33	158	1	
150843	236	33	158	1	
150844	236	33	158	1	
150845	236	33	158	1	
150846	236	33	158	1	
150847	236	33	158	1	
150848	236	33	158	1	
150849	236	33	158	1	
150850	236	33	158	1	
150851	236	33	158	1	
150852	237	33	159	1	
150853	237	35	158	1	
150854	237	37	158	1	
150855	238	37	159	1	
150856	239	37	160	1	
150857	240	37	160	1	
150858	241	37	160	1	
150859	242	37	160	1	
150860	242	37	160	1	
150861	242	37	160	1	
150862	242	37	160	1	
150863	242	37	160	1	
150864	242	37	160	1	
150865	242	37	160	1	
150866	242	37	160	1	
150867	242	37	160	1	
150868	242	37	160	1	
150869	242	37	160	1	
150870	242	37	159	1	
150871	242	37	158	1	
150872	242	37	158	1	
150873	242	37	158	1	
150874	242	37	158	1	
150875	242	37	158	1	
150876	242	37	158	1	
150877	242	37	158	1	
150878	242	37	158	1	
150879	242	37	158	1	
150880	242	37	158	1	
150881	242	37	158	1	
150882	242	37	158	1	
150883	242	37	158	1	
150884	242	37	158	1	
150885	242	37	158	1	
150886	242	37	158	1	
150887	242	37	158	1	
150888	242	37	158	1	
150889	242	37	158	1	
150890	242	37	158	1	
150891	242	37	158	1	
150892	242	37	158	1	
150893	242	37	158	1	
150894	242	37	158	1	
150895	242	37	159	1	
150896	242	37	160	1	
150897	242	37	160	1	
150898	242	37	159	1	
150899	242	37	160	1	
150900	242	37	160	1	
150901	242	37	160	1	
150902	242	37	160	1	
150903	242	37	160	1	
150904	242	37	160	1	
150905	242	37	160	1	
150906	242	37	160	1	
150907	242	37	160	1	
150908	242	37	160	1	
150909	242	37	160	1	
150910	242	37	160	1	
150911	242	37	159	1	
150912	242	37	160	1	
150913	242	37	160	1	
150914	242	37	160	1	
150915	242	37	160	1	
150916	242	37	160	1	
150917	242	37	160	1	
150918	242	37	160	1	
150919	242	37	160	1	
150920	242	37	160	1	
150921	242	37	160	1	
150922	242	37	160	1	
150923	242	37	160	1	
150924	242	37	160	1	
150925	242	37	159	1	
150926	242	37	158	1	
150927	242	37	158	1	
150928	242	37	159	1	
150929	242	37	160	1	
150930	242	37	160	1	
150931	242	37	160	1	
150932	242	37	159	1	
150933	242	37	158	1	
150934	242	37	158	1	
150935	242	37	159	1	
150936	242	39	158	1	
150937	242	40	158	1	
150938	242	41	158	1	
150939	242	42	158	1	
150940	242	43	158	1	
150941	242	44	158	1	
150942	242	45	158	1	
150943	242	46	158	1	
150944	242	47	158	1	
150945	242	48	158	1	
150946	242	47	158	1	
150947	242	46	158	1	
150948	242	45	158	1	
150949	242	44	158	1	
150950	242	43	158	1	
150951	242	42	158	1	
150952	242	41	158	1	
150953	242	40	158	1	
150954	242	40	158	1	
150955	242	40	158	1	
150956	242	40	158	1	
150957	242	40	158	1	
150958	242	40	158	1	
150959	242	40	158	1	
150960	242	40	158	1	
150961	242	40	158	1	
150962	242	40	158	1	
150963	242	40	158	1	
150964	242	40	158	1	
150965	242	40	158	1	
150966	242	40	158	1	
150967	242	40	158	1	
150968	242	40	158	1	
150969	242	40	158	1	
150970	242	40	158	1	
150971	242	40	158	1	
150972	242	39	159	1	
150973	242	38	160	1	
150974	242	38	160	1	
150975	242	38	160	1	
150976	242	38	160	1	
150977	242	38	160	1	
150978	242	39	159	1	
150979	242	38	160	1	
150980	242	38	160	1	
150981	242	38	160	1	
150982	242	38	160	1	
150983	242	38	160	1	
150984	242	38	160	1	
150985	242	38	160	1	
150986	242	38	160	1	
150987	242	38	160	1	
150988	242	38	160	1	
150989	242	38	160	1	
150990	242	38	160	1	
150991	242	38	160	1	
150992	242	38	160	1	
150993	242	38	160	1	
150994	242	38	160	1	
150995	242	38	160	1	
150996	242	38	160	1	
150997	242	38	160	1	
150998	242	38	160	1	
150999	242	38	160	1	
151000	242	38	160	1	
151001	242	38	160	1	
151002	242	38	160	1	
151003	242	38	160	1	
151004	242	38	160	1	
151005	242	38	160	1	
151006	242	38	160	1	
151007	242	38	160	1	
151008	242	38	160	1	
151009	242	38	160	1	
151010	242	38	160	1	
151011	242	38	160	1	
151012	242	38	160	1	
151013	242	38	160	1	
151014	242	38	160	1	
151015	242	38	160	1	
151016	242	38	160	1	
151017	242	38	160	1	
151018	242	38	160	1	
151019	242	38	160	1	
151020	242	38	160	1	
151021	242	38	160	1	
151022	242	38	160	1	
151023	242	38	160	1	
151024	242	38	160	1	
151025	242	38	160	1	
151026	242	38	160	1	
151027	242	38	160	1	
151028	242	38	160	1	
151029	242	38	160	1	
151030	242	38	160	1	
151031	242	38	160	1	
151032	242	38	160	1	
151033	242	38	160	1	
151034	242	38	160	1	
151035	242	38	160	1	
151036	242	38	160	1	
151037	242	38	160	1	
151038	242	38	160	1	
151039	242	38	160	1	
151040	242	38	160	1	
151041	242	38	160	1	
151042	242	38	160	1	
151043	242	38	160	1	
151044	242	38	160	1	
151045	242	38	160	1	
151046	242	38	160	1	
151047	242	38	160	1	
151048	242	38	160	1	
151049	242	38	160	1	
151050	242	38	160	1	
151051	242	38	160	1	
151052	242	38	160	1	
151053	242	38	160	1	
151054	242	38	160	1	
151055	242	38	160	1	
151056	242	38	160	1	
151057	242	38	160	1	
151058	242	38	160	1	
151059	242	38	160	1	
151060	242	38	160	1	
151061	242	38	160	1	
151062	242	38	160	1	
151063	242	38	160	1	
151064	242	38	160	1	
151065	242	38	160	1	
151066	242	38	160	1	
151067	242	38	160	1	
151068	242	38	160	1	
151069	242	38	160	1	
151070	242	38	160	1	
151071	242	38	160	1	
151072	242	38	160	1	
151073	242	38	160	1	
151074	242	38	160	1	
151075	242	38	160	1	
151076	242	38	160	1	
151077	242	38	160	1	
151078	242	38	160	1	
151079	242	38	160	1	
151080	242	38	160	1	
151081	242	38	160	1	
151082	242	38	160	1	
151083	242	38	160	1	
151084	242	38	160	1	
151085	242	38	160	1	
151086	242	38	160	1	
151087	242	38	160	1	
151088	242	38	160	1	
151089	242	38	160	1	
151090	242	38	160	1	
151091	242	38	160	1	
151092	242	38	160	1	
151093	242	38	160	1	
151094	242	38	160	1	
151095	242	38	160	1	
151096	242	38	160	1	
151097	242	38	160	1	
151098	242	38	160	1	
151099	242	38	160	1	
151100	242	38	160	1	
151101	242	38	160	1	
151102	242	38	160	1	
151103	242	38	160	1	
151104	242	38	160	1	
151105	242	38	160	1	
151106	242	38	160	1	
151107	242	38	160	1	
151108	242	38	160	1	
151109	242	38	160	1	
151110	242	38	160	1	
151111	242	38	160	1	
151112	242	38	160	1	
151113	242	38	160	1	
151114	242	38	160	1	
151115	242	38	160	1	
151116	242	38	160	1	
151117	242	38	160	1	
151118	242	38	160	1	
151119	242	38	160	1	
151120	242	38	160	1	
151121	242	38	160	1	
151122	242	38	160	1	
151123	242	38	160	1	
151124	242	38	160	1	
151125	242	38	160	1	
151126	242	38	160	1	
151127	242	38	160	1	
151128	242	38	160	1	
151129	242	38	160	1	
151130	242	38	160	1	
151131	242	38	160	1	
151132	242	38	160	1	
151133	242	38	160	1	
151134	242	38	160	1	
151135	242	38	160	1	
151136	242	38	160	1	
151137	242	38	160	1	
151138	242	38	160	1	
151139	242	38	160	1	
151140	242	38	160	1	
151141	242	38	160	1	
151142	242	38	160	1	
151143	242	38	160	1	
151144	242	38	160	1	
151145	242	38	160	1	
151146	242	38	160	1	
151147	242	38	160	1	
151148	242	38	160	1	
151149	242	38	160	1	
151150	242	38	160	1	
151151	242	38	160	1	
151152	242	38	160	1	
151153	242	38	160	1	
151154	242	38	160	1	
151155	242	38	160	1	
151156	242	38	160	1	
151157	242	38	160	1	
151158	242	38	160	1	
151159	242	38	160	1	
151160	242	38	160	1	
151161	242	38	160	1	
151162	242	38	160	1	
151163	242	38	160	1	
151164	242	38	160	1	
151165	242	38	160	1	
151166	242	38	160	1	
151167	242	38	160	1	
151168	242	38	160	1	
151169	242	38	160	1	
151170	242	38	160	1	
151171	242	38	160	1	
151172	242	38	160	1	
151173	242	38	160	1	
151174	242	38	160	1	
151175	242	38	160	1	
151176	242	38	160	1	
151177	242	38	160	1	
151178	242	38	160	1	
151179	242	38	160	1	
151180	242	38	160	1	
151181	242	38	160	1	
151182	242	38	160	1	
151183	242	38	160	1	
151184	242	38	160	1	
151185	242	38	160	1	
151186	242	38	160	1	
151187	242	38	160	1	
151188	242	38	160	1	
151189	242	38	160	1	
151190	242	38	160	1	
151191	242	38	160	1	
151192	242	38	160	1	
151193	242	38	160	1	
151194	242	38	160	1	
151195	242	38	160	1	
151196	242	38	160	1	
151197	242	38	160	1	
151198	242	38	160	1	
151199	242	38	160	1	
151200	242	38	160	1	
151201	242	38	160	1	
151202	242	38	160	1	
151203	242	38	160	1	
151204	242	38	160	1	
151205	242	38	160	1	
151206	242	38	160	1	
151207	242	38	160	1	
151208	242	38	160	1	
151209	242	38	160	1	
151210	242	38	160	1	
151211	242	38	160	1	
151212	242	38	160	1	
151213	242	38	160	1	
151214	242	38	160	1	
151215	242	38	160	1	
151216	242	38	160	1	
151217	242	38	160	1	
151218	242	38	160	1	
151219	242	38	160	1	
151220	242	38	160	1	
151221	242	38	160	1	
151222	242	38	160	1	
151223	242	38	160	1	
151224	242	38	160	1	
151225	242	38	160	1	
151226	242	38	160	1	
151227	242	38	160	1	
151228	242	39	162	1	
151229	242	38	162	1	
151230	242	38	162	1	
151231	242	38	162	1	
151232	242	38	162	1	
151233	242	38	162	1	
151234	242	38	162	1	
151235	242	38	162	1	
151236	242	38	162	1	
151237	242	38	162	1	
151238	242	38	162	1	
151239	242	38	162	1	
151240	242	38	162	1	
151241	242	38	162	1	
151242	242	38	162	1	
151243	242	38	162	1	
151244	242	38	162	1	
151245	242	38	162	1	
151246	242	38	162	1	
151247	242	38	162	1	
151248	242	38	162	1	
151249	242	38	162	1	
151250	242	38	162	1	
151251	242	38	162	1	
151252	242	38	162	1	
151253	242	38	162	1	
151254	242	38	162	1	
151255	242	38	162	1	
151256	242	38	162	1	
151257	242	38	162	1	
151258	242	38	162	1	
151259	242	38	162	1	
151260	242	38	162	1	
151261	242	38	162	1	
151262	242	38	162	1	
151263	242	38	162	1	
151264	242	38	162	1	
151265	242	38	162	1	
151266	242	38	162	1	
151267	242	38	162	1	
151268	242	38	162	1	
151269	242	38	162	1	
151270	242	38	162	1	
151271	242	38	162	1	
151272	242	38	162	1	
151273	242	38	162	1	
151274	242	38	162	1	
151275	242	38	162	1	
151276	242	38	162	1	
151277	242	38	162	1	
151278	242	38	162	1	
151279	242	38	162	1	
151280	242	38	162	1	
151281	242	38	162	1	
151282	242	38	162	1	
151283	242	38	162	1	
151284	242	38	162	1	
151285	242	38	162	1	
151286	242	38	162	1	
151287	242	38	162	1	
151288	242	38	162	1	
151289	242	38	162	1	
151290	242	38	162	1	
151291	242	38	162	1	
151292	242	38	162	1	
151293	242	38	162	1	
151294	242	38	162	1	
151295	242	38	162	1	
151296	242	38	162	1	
151297	242	38	162	1	
151298	242	38	162	1	
151299	242	38	162	1	
151300	242	38	162	1	
151301	242	38	162	1	
151302	242	38	162	1	
151303	242	38	162	1	
151304	242	38	162	1	
151305	242	38	162	1	
151306	242	38	162	1	
151307	242	38	162	1	
151308	242	38	162	1	
151309	242	38	162	1	
151310	242	38	162	1	
151311	242	38	162	1	
151312	242	38	162	1	
151313	242	38	162	1	
151314	242	38	162	1	
151315	242	38	162	1	
151316	242	38	162	1	
151317	242	38	162	1	
151318	242	38	162	1	
151319	242	38	162	1	
151320	242	38	162	1	
151321	242	38	162	1	
151322	242	38	162	1	
151323	242	38	162	1	
151324	242	38	162	1	
151325	242	38	162	1	
151326	239	39	163	1	
151327	240	38	163	1	
151328	238	39	164	1	
151329	236	40	165	1	
151330	237	39	165	1	
151331	238	38	165	1	
151332	239	38	165	1	
151333	240	38	165	1	
151334	241	38	165	1	
151335	238	39	166	1	
151336	239	38	166	1	
151337	237	39	167	1	
151338	235	40	168	1	
151339	233	41	169	1	
151340	231	42	170	1	
151341	230	42	171	1	
151342	229	42	172	1	
151343	231	41	171	1	
151344	232	40	170	1	
151345	233	39	169	1	
151346	234	38	168	1	
151347	233	38	168	1	
151348	232	38	168	1	
151349	231	38	168	1	
151350	232	38	168	1	
151351	233	38	168	1	
151352	234	38	168	1	
151353	235	38	168	1	
151354	233	39	169	1	
151355	231	40	170	1	
151356	232	39	169	1	
151357	230	40	170	1	
151358	229	41	171	1	
151359	228	42	172	1	
151360	227	42	172	1	
151361	226	42	172	1	
151362	225	42	172	1	
151363	227	41	171	1	
151364	226	42	172	1	
151365	228	41	171	1	
151366	230	40	170	1	
151367	232	39	169	1	
151368	233	38	168	1	
151369	231	39	169	1	
151370	232	38	168	1	
151371	233	38	168	1	
151372	234	38	168	1	
151373	235	38	168	1	
151374	236	38	168	1	
151375	237	38	168	1	
151376	238	38	168	1	
151377	239	38	168	1	
151378	237	39	169	1	
151379	238	38	168	1	
151380	239	38	168	1	
151381	240	38	168	1	
151382	241	38	168	1	
151383	242	38	168	1	
151384	242	38	168	1	
151385	242	38	168	1	
151386	242	38	168	1	
151387	242	38	168	1	
151388	242	38	168	1	
151389	242	38	168	1	
151390	242	38	168	1	
151391	242	38	168	1	
151392	242	38	168	1	
151393	242	38	168	1	
151394	242	38	168	1	
151395	242	38	168	1	
151396	242	38	168	1	
151397	242	38	168	1	
151398	242	38	168	1	
151399	239	39	169	1	
151400	237	40	170	1	
151401	235	41	171	1	
151402	236	40	170	1	
151403	237	39	169	1	
151404	238	38	168	1	
151405	239	38	168	1	
151406	240	38	168	1	
151407	241	38	168	1	
151408	242	38	168	1	
151409	242	38	168	1	
151410	242	38	168	1	
151411	242	38	168	1	
151412	242	38	168	1	
151413	242	38	168	1	
151414	242	38	168	1	
151415	242	38	168	1	
151416	242	38	168	1	
151417	242	38	168	1	
151418	242	38	168	1	
151419	242	38	168	1	
151420	242	38	168	1	
151421	242	38	168	1	
151422	242	38	168	1	
151423	242	38	168	1	
151424	242	38	168	1	
151425	242	38	168	1	
151426	242	38	168	1	
151427	242	38	168	1	
151428	242	38	168	1	
151429	242	38	168	1	
151430	242	38	168	1	
151431	242	38	168	1	
151432	242	38	168	1	
151433	242	38	168	1	
151434	242	38	168	1	
151435	242	38	168	1	
151436	242	38	168	1	
151437	242	38	168	1	
151438	242	38	168	1	
151439	242	38	168	1	
151440	242	38	168	1	
151441	242	38	168	1	
151442	242	38	168	1	
151443	242	38	168	1	
151444	242	38	168	1	
151445	242	38	168	1	
151446	242	38	168	1	
151447	242	38	168	1	
151448	242	38	168	1	
151449	242	38	168	1	
151450	242	38	168	1	
151451	242	38	168	1	
151452	242	38	168	1	
151453	242	38	168	1	
151454	242	38	168	1	
151455	242	38	168	1	
151456	242	38	168	1	
151457	242	38	168	1	
151458	242	38	168	1	
151459	242	38	168	1	
151460	242	38	168	1	
151461	242	38	168	1	
151462	242	38	168	1	
151463	242	38	168	1	
151464	242	38	168	1	
151465	242	38	168	1	
151466	242	38	168	1	
151467	242	38	168	1	
151468	242	38	168	1	
151469	242	38	168	1	
151470	242	38	168	1	
151471	242	38	168	1	
151472	242	38	168	1	
151473	242	38	168	1	
151474	242	38	168	1	
151475	242	38	168	1	
151476	242	38	168	1	
151477	242	38	168	1	
151478	242	38	168	1	
151479	242	38	168	1	
151480	242	38	168	1	
151481	242	38	168	1	
151482	242	38	168	1	
151483	242	38	168	1	
151484	242	38	168	1	
151485	242	38	168	1	
151486	242	38	168	1	
151487	242	38	168	1	
151488	242	38	168	1	
151489	242	38	168	1	
151490	242	38	168	1	
151491	242	38	168	1	
151492	242	38	168	1	
151493	242	38	168	1	
151494	242	38	168	1	
151495	242	38	168	1	
151496	242	38	168	1	
151497	242	38	168	1	
151498	242	38	168	1	
151499	242	38	168	1	
151500	242	38	168	1	
151501	242	38	168	1	
151502	242	38	168	1	
151503	242	38	168	1	
151504	242	38	168	1	
151505	242	38	168	1	
151506	242	38	168	1	
151507	242	38	168	1	
151508	242	38	168	1	
151509	242	38	168	1	
151510	242	38	168	1	
151511	242	38	168	1	
151512	242	38	168	1	
151513	242	38	168	1	
151514	242	38	168	1	
151515	242	38	168	1	
151516	242	38	168	1	
151517	242	38	168	1	
151518	242	38	168	1	
151519	242	38	168	1	
151520	242	38	168	1	
151521	242	38	168	1	
151522	242	38	168	1	
151523	242	38	168	1	
151524	242	38	168	1	
151525	242	38	168	1	
151526	242	38	168	1	
151527	242	38	168	1	
151528	242	38	168	1	
151529	242	38	168	1	
151530	242	38	168	1	
151531	242	38	168	1	
151532	242	38	168	1	
151533	242	38	168	1	
151534	242	38	168	1	
151535	242	38	168	1	
151536	242	38	168	1	
151537	242	38	168	1	
151538	242	38	168	1	
151539	242	38	168	1	
151540	242	38	168	1	
151541	242	38	168	1	
151542	240	38	168	1	
151543	238	39	169	1	
151544	236	40	170	1	
151545	234	41	171	1	
151546	232	42	172	1	
151547	230	42	172	1	
151548	229	42	172	1	
151549	228	42	172	1	
151550	227	42	171	1	
151551	229	41	170	1	
151552	231	40	169	1	
151553	232	39	168	1	
151554	233	38	168	1	
151555	234	38	168	1	
151556	235	38	168	1	
151557	236	38	168	1	
151558	237	38	168	1	
151559	238	38	168	1	
151560	239	38	168	1	
151561	240	38	168	1	
151562	241	38	168	1	
151563	242	38	168	1	
151564	242	39	167	1	
151565	242	38	167	1	
151566	242	39	166	1	
151567	242	38	166	1	
151568	242	39	165	1	
151569	242	40	164	1	
151570	242	40	163	1	
151571	242	40	162	1	
151572	242	41	161	1	
151573	242	42	160	1	
151574	242	43	159	1	
151575	242	44	158	1	
151576	242	45	158	1	
151577	242	46	158	1	
151578	242	47	158	1	
151579	242	48	158	1	
151580	242	47	159	1	
151581	242	48	158	1	
151582	242	47	159	1	
151583	242	46	160	1	
151584	242	46	160	1	
151585	242	45	160	1	
151586	242	45	160	1	
151587	242	45	160	1	
151588	240	44	160	1	
151589	238	43	160	1	
151590	239	43	160	1	
151591	237	42	160	1	
151592	237	43	158	1	
151593	235	43	160	1	
151594	233	43	162	1	
151595	232	43	163	1	
151596	231	42	163	1	
151597	232	41	163	1	
151598	230	42	164	1	
151599	232	41	164	1	
151600	233	40	163	1	
151601	234	39	163	1	
151602	235	38	163	1	
151603	236	38	163	1	
151604	237	38	163	1	
151605	238	38	163	1	
151606	239	38	163	1	
151607	239	38	162	1	
151608	240	38	162	1	
151609	241	38	162	1	
151610	242	38	162	1	
151611	242	38	162	1	
151612	242	38	162	1	
151613	242	38	162	1	
151614	242	38	162	1	
151615	242	38	162	1	
151616	242	38	162	1	
151617	242	38	162	1	
151618	242	38	162	1	
151619	242	38	162	1	
151620	242	38	162	1	
151621	242	38	162	1	
151622	242	38	162	1	
151623	242	38	162	1	
151624	242	38	162	1	
151625	242	38	162	1	
151626	242	38	162	1	
151627	242	38	162	1	
151628	242	38	162	1	
151629	242	38	162	1	
151630	242	38	162	1	
151631	242	38	162	1	
151632	242	38	162	1	
151633	242	38	162	1	
151634	242	38	162	1	
151635	242	38	162	1	
151636	242	38	162	1	
151637	242	38	162	1	
151638	242	38	162	1	
151639	242	38	162	1	
151640	242	38	162	1	
151641	242	38	162	1	
151642	242	38	162	1	
151643	242	38	162	1	
151644	242	38	162	1	
151645	242	38	162	1	
151646	242	38	162	1	
151647	242	38	162	1	
151648	242	38	162	1	
151649	242	38	162	1	
151650	242	38	162	1	
151651	242	38	162	1	
151652	242	38	162	1	
151653	242	38	162	1	
151654	242	38	162	1	
151655	242	38	162	1	
151656	242	38	162	1	
151657	242	38	162	1	
151658	242	38	162	1	
151659	242	38	162	1	
151660	243	39	161	1	
151661	243	38	161	1	
151662	243	38	161	1	
151663	243	38	161	1	
151664	243	38	161	1	
151665	243	38	161	1	
151666	243	38	161	1	
151667	243	38	161	1	
151668	243	38	161	1	
151669	243	38	161	1	
151670	243	38	161	1	
151671	243	38	161	1	
151672	243	38	161	1	
151673	243	40	161	1	
151674	243	42	161	1	
151675	243	43	161	1	
151676	243	44	161	1	
151677	243	45	161	1	
151678	243	46	161	1	
151679	243	47	161	1	
151680	243	48	161	1	
151681	243	49	161	1	
151682	243	48	161	1	
151683	240	47	164	1	
151684	237	46	166	1	
151685	235	46	167	1	
151686	233	46	168	1	
151687	231	46	169	1	
151688	230	46	170	1	
151689	229	46	171	1	
151690	228	46	172	1	
151691	227	46	172	1	
151692	226	46	172	1	
151693	225	46	172	1	
151694	224	46	172	1	
151695	223	46	172	1	
151696	222	46	172	1	
151697	222	45	172	1	
151698	221	45	172	1	
151699	220	45	172	1	
151700	220	45	172	1	
151701	220	44	172	1	
151702	220	44	172	1	
151703	220	44	172	1	
151704	220	44	172	1	
151705	220	44	172	1	
151706	220	44	172	1	
151707	220	44	172	1	
151708	220	44	172	1	
151709	220	44	172	1	
151710	220	44	172	1	
151711	220	44	172	1	
151712	220	44	172	1	
151713	220	44	172	1	
151714	220	44	172	1	
151715	220	44	172	1	
151716	220	44	172	1	
151717	220	44	172	1	
151718	220	44	172	1	
151719	220	44	172	1	
151720	220	44	172	1	
151721	220	44	172	1	
151722	220	44	172	1	
151723	220	44	172	1	
151724	220	44	172	1	
151725	220	44	172	1	
151726	220	44	172	1	
151727	220	44	172	1	
151728	220	44	172	1	
151729	220	44	172	1	
151730	220	43	171	1	
151731	220	42	170	1	
151732	220	42	171	1	
151733	220	42	170	1	
151734	220	42	169	1	
151735	220	42	170	1	
151736	220	42	169	1	
151737	220	42	168	1	
151738	220	42	168	1	
151739	220	42	168	1	
151740	220	42	168	1	
151741	220	42	168	1	
151742	220	42	168	1	
151743	220	42	168	1	
151744	220	42	168	1	
151745	220	42	168	1	
151746	220	42	168	1	
151747	220	42	169	1	
151748	220	42	170	1	
151749	220	42	171	1	
151750	220	42	172	1	
151751	220	42	172	1	
151752	220	42	172	1	
151753	220	42	172	1	
151754	220	42	172	1	
151755	220	42	172	1	
151756	220	42	172	1	
151757	220	42	172	1	
151758	220	42	172	1	
151759	220	42	172	1	
151760	220	42	172	1	
151761	219	42	174	1	
151762	218	42	176	1	
151763	217	42	177	1	
151764	216	42	178	1	
151765	216	42	179	1	
151766	216	42	180	1	
151767	216	42	181	1	
151768	216	42	180	1	
151769	216	42	180	1	
151770	217	42	178	1	
151771	218	42	177	1	
151772	217	42	178	1	
151773	216	42	179	1	
151774	216	42	180	1	
151775	216	42	180	1	
151776	216	42	180	1	
151777	216	42	181	1	
151778	216	42	182	1	
151779	216	42	183	1	
151780	217	42	181	1	
151781	217	42	180	1	
151782	217	42	180	1	
151783	217	42	180	1	
151784	217	42	180	1	
151785	217	42	180	1	
151786	217	42	180	1	
151787	219	41	177	1	
151788	219	41	177	1	
151789	221	41	176	1	
151790	223	41	175	1	
151791	225	41	174	1	
151792	227	42	172	1	
151793	228	43	170	1	
151794	229	44	168	1	
151795	230	45	167	1	
151796	231	46	166	1	
151797	232	47	165	1	
151798	233	48	164	1	
151799	233	47	165	1	
151800	234	46	165	1	
151801	235	46	165	1	
151802	236	46	165	1	
151803	237	46	165	1	
151804	238	46	165	1	
151805	239	46	165	1	
151806	240	46	165	1	
151807	241	46	165	1	
151808	242	46	165	1	
151809	242	46	165	1	
151810	242	46	165	1	
151811	242	46	165	1	
151812	242	45	164	1	
151813	242	45	164	1	
151814	242	44	163	1	
151815	242	44	163	1	
151816	242	43	162	1	
151817	242	42	161	1	
151818	242	41	160	1	
151819	242	40	159	1	
151820	242	40	158	1	
151821	242	40	158	1	
151822	242	40	158	1	
151823	242	40	158	1	
151824	242	40	158	1	
151825	242	40	158	1	
151826	242	40	158	1	
151827	242	40	158	1	
151828	242	40	158	1	
151829	242	40	158	1	
151830	242	40	158	1	
151831	242	41	158	1	
151832	242	41	159	1	
151833	240	41	160	1	
151834	238	41	160	1	
151835	236	41	160	1	
151836	235	41	160	1	
151837	234	41	160	1	
151838	233	41	160	1	
151839	232	41	160	1	
151840	231	41	160	1	
151841	230	41	160	1	
151842	229	41	160	1	
151843	228	41	160	1	
151844	227	41	160	1	
151845	226	41	160	1	
151846	226	41	160	1	
151847	226	41	160	1	
151848	228	40	159	1	
151849	229	40	158	1	
151850	230	40	158	1	
151851	231	40	158	1	
151852	232	40	158	1	
151853	233	40	158	1	
151854	234	40	159	1	
151855	235	39	160	1	
151856	236	39	160	1	
151857	236	39	159	1	
151858	236	39	158	1	
151859	236	39	159	1	
151860	236	39	160	1	
151861	236	39	160	1	
151862	236	40	158	1	
151863	236	41	157	1	
151864	236	42	156	1	
151865	236	43	155	1	
151866	236	44	154	1	
151867	236	43	155	1	
151868	236	44	155	1	
151869	236	45	155	1	
151870	236	44	155	1	
151871	236	43	155	1	
151872	234	43	157	1	
151873	232	43	159	1	
151874	231	43	161	1	
151875	232	42	160	1	
151876	233	43	159	1	
151877	232	43	161	1	
151878	231	43	162	1	
151879	232	44	161	1	
151880	233	45	160	1	
151881	231	45	162	1	
151882	232	45	160	1	
151883	233	44	159	1	
151884	234	43	158	1	
151885	235	42	158	1	
151886	233	42	160	1	
151887	231	42	162	1	
151888	232	43	161	1	
151889	233	44	160	1	
151890	231	44	162	1	
151891	230	44	163	1	
151892	229	44	164	1	
151893	230	44	162	1	
151894	231	44	160	1	
151895	230	44	162	1	
151896	228	44	165	1	
151897	227	44	166	1	
151898	226	44	167	1	
151899	225	44	168	1	
151900	225	43	168	1	
151901	224	43	169	1	
151902	223	43	170	1	
151903	222	43	171	1	
151904	222	42	170	1	
151905	222	42	171	1	
151906	222	42	172	1	
151907	222	42	172	1	
151908	222	42	172	1	
151909	222	42	172	1	
151910	222	42	172	1	
151911	222	42	172	1	
151912	222	42	172	1	
151913	222	42	172	1	
151914	222	42	172	1	
151915	222	42	172	1	
151916	222	42	172	1	
151917	222	42	172	1	
151918	222	42	172	1	
151919	222	42	172	1	
151920	222	42	172	1	
151921	222	42	171	1	
151922	222	42	170	1	
151923	222	42	169	1	
151924	224	43	166	1	
151925	226	44	164	1	
151926	228	44	162	1	
151927	227	43	162	1	
151928	226	42	162	1	
151929	225	42	163	1	
151930	224	42	164	1	
151931	223	42	165	1	
151932	223	42	165	1	
151933	223	42	165	1	
151934	223	42	165	1	
151935	223	42	165	1	
151936	223	42	165	1	
151937	223	42	165	1	
151938	223	42	165	1	
151939	223	42	165	1	
151940	223	42	165	1	
151941	223	42	165	1	
151942	223	42	165	1	
151943	223	42	165	1	
151944	223	42	165	1	
151945	223	42	165	1	
151946	223	42	165	1	
151947	223	42	165	1	
151948	223	42	165	1	
151949	223	42	165	1	
151950	223	42	165	1	
151951	223	42	165	1	
151952	223	42	165	1	
151953	223	42	166	1	
151954	225	42	166	1	
151955	227	42	166	1	
151956	229	42	165	1	
151957	231	42	165	1	
151958	232	42	165	1	
151959	233	42	165	1	
151960	234	42	165	1	
151961	235	42	165	1	
151962	236	42	165	1	
151963	237	42	165	1	
151964	238	42	165	1	
151965	239	42	165	1	
151966	240	42	165	1	
151967	241	42	165	1	
151968	242	42	165	1	
151969	242	42	165	1	
151970	242	42	165	1	
151971	242	42	165	1	
151972	242	42	165	1	
151973	242	42	165	1	
151974	242	42	165	1	
151975	242	42	165	1	
151976	242	42	165	1	
151977	242	42	165	1	
151978	242	42	165	1	
151979	242	42	165	1	
151980	242	42	165	1	
151981	242	42	165	1	
151982	242	42	165	1	
151983	242	42	165	1	
151984	242	42	165	1	
151985	242	42	165	1	
151986	242	42	165	1	
151987	242	42	165	1	
151988	242	42	165	1	
151989	242	42	165	1	
151990	242	42	165	1	
151991	242	42	165	1	
151992	242	42	165	1	
151993	242	42	165	1	
151994	242	42	165	1	
151995	242	42	165	1	
151996	242	42	165	1	
151997	242	42	165	1	
151998	242	41	164	1	
151999	242	40	163	1	
152000	242	40	162	1	
152001	242	40	162	1	
152002	242	40	162	1	
152003	242	40	162	1	
152004	242	40	161	1	
152005	242	40	160	1	
152006	242	40	159	1	
152007	242	40	158	1	
152008	242	40	158	1	
152009	242	40	158	1	
152010	242	40	159	1	
152011	242	40	160	1	
152012	242	40	160	1	
152013	242	40	160	1	
152014	242	40	160	1	
152015	242	40	160	1	
152016	242	40	160	1	
152017	242	40	160	1	
152018	242	40	160	1	
152019	242	40	160	1	
152020	242	40	160	1	
152021	242	40	160	1	
152022	242	40	160	1	
152023	242	40	160	1	
152024	242	40	160	1	
152025	242	40	160	1	
152026	242	40	160	1	
152027	242	40	160	1	
152028	242	40	160	1	
152029	242	40	160	1	
152030	242	40	160	1	
152031	242	40	160	1	
152032	242	40	160	1	
152033	242	40	160	1	
152034	242	40	160	1	
152035	242	40	160	1	
152036	242	40	160	1	
152037	242	40	160	1	
152038	242	40	160	1	
152039	242	40	160	1	
152040	242	40	160	1	
152041	242	40	160	1	
152042	242	40	160	1	
152043	242	40	160	1	
152044	242	40	160	1	
152045	242	40	160	1	
152046	242	40	160	1	
152047	242	40	160	1	
152048	242	40	160	1	
152049	242	40	160	1	
152050	242	40	160	1	
152051	242	40	160	1	
152052	242	40	160	1	
152053	242	40	159	1	
152054	242	40	158	1	
152055	242	40	158	1	
152056	242	40	158	1	
152057	242	39	159	1	
152058	242	39	160	1	
152059	242	38	160	1	
152060	242	38	160	1	
152061	242	38	160	1	
152062	242	38	160	1	
152063	242	39	159	1	
152064	242	40	158	1	
152065	242	41	158	1	
152066	242	42	158	1	
152067	242	43	158	1	
152068	242	44	158	1	
152069	242	45	158	1	
152070	242	44	158	1	
152071	242	43	158	1	
152072	240	43	160	1	
152073	240	42	159	1	
152074	240	41	158	1	
152075	240	40	158	1	
152076	240	40	159	1	
152077	240	40	160	1	
152078	240	40	160	1	
152079	240	40	160	1	
152080	240	40	160	1	
152081	240	40	160	1	
152082	240	40	160	1	
152083	240	40	159	1	
152084	241	39	160	1	
152085	242	38	160	1	
152086	242	38	160	1	
152087	242	38	160	1	
152088	242	38	160	1	
152089	242	38	160	1	
152090	242	38	160	1	
152091	242	38	160	1	
152092	242	38	160	1	
152093	242	38	160	1	
152094	242	38	160	1	
152095	242	38	160	1	
152096	242	38	160	1	
152097	242	38	160	1	
152098	242	38	160	1	
152099	242	38	160	1	
152100	242	38	160	1	
152101	242	38	160	1	
152102	242	38	160	1	
152103	242	38	160	1	
152104	242	38	160	1	
152105	242	38	160	1	
152106	242	38	160	1	
152107	242	38	160	1	
152108	242	38	160	1	
152109	242	38	160	1	
152110	242	38	160	1	
152111	242	38	160	1	
152112	242	38	160	1	
152113	242	38	160	1	
152114	242	38	160	1	
152115	242	38	160	1	
152116	242	38	160	1	
152117	242	38	160	1	
152118	242	38	160	1	
152119	242	38	160	1	
152120	242	38	160	1	
152121	242	38	160	1	
152122	242	38	160	1	
152123	242	38	159	1	
152124	242	38	160	1	
152125	242	38	160	1	
152126	242	38	160	1	
152127	242	38	160	1	
152128	242	38	160	1	
152129	242	38	160	1	
152130	242	39	158	1	
152131	242	38	159	1	
152132	242	39	157	1	
152133	242	40	156	1	
152134	242	41	156	1	
152135	242	42	156	1	
152136	242	43	155	1	
152137	242	44	154	1	
152138	242	44	153	1	
152139	242	44	152	1	
152140	242	44	151	1	
152141	242	44	150	1	
152142	242	43	150	1	
152143	242	42	151	1	
152144	242	41	151	1	
152145	242	40	151	1	
152146	242	40	151	1	
152147	242	40	151	1	
152148	242	40	151	1	
152149	242	39	152	1	
152150	242	38	153	1	
152151	242	38	154	1	
152152	242	38	155	1	
152153	242	38	156	1	
152154	242	38	157	1	
152155	242	38	158	1	
152156	242	38	159	1	
152157	242	38	160	1	
152158	242	38	160	1	
152159	242	38	160	1	
152160	242	38	160	1	
152161	242	38	160	1	
152162	242	38	160	1	
152163	242	38	160	1	
152164	242	38	160	1	
152165	242	38	160	1	
152166	242	38	160	1	
152167	242	38	160	1	
152168	242	38	160	1	
152169	242	38	160	1	
152170	242	38	160	1	
152171	242	38	160	1	
152172	242	38	160	1	
152173	242	38	160	1	
152174	242	38	160	1	
152175	239	36	163	1	
152176	236	34	166	1	
152177	233	32	168	1	
152178	234	32	168	1	
152179	232	30	170	1	
152180	233	30	169	1	
152181	234	30	168	1	
152182	235	30	168	1	
152183	236	30	168	1	
152184	237	30	168	1	
152185	238	30	168	1	
152186	239	30	168	1	
152187	240	30	168	1	
152188	241	30	168	1	
152189	242	30	168	1	
152190	242	30	168	1	
152191	242	30	168	1	
152192	242	30	168	1	
152193	242	30	168	1	
152194	242	30	168	1	
152195	242	30	168	1	
152196	242	30	168	1	
152197	242	30	168	1	
152198	242	30	168	1	
152199	242	30	168	1	
152200	242	30	168	1	
152201	242	30	168	1	
152202	242	30	168	1	
152203	242	30	168	1	
152204	242	30	168	1	
152205	242	30	168	1	
152206	242	30	168	1	
152207	242	30	168	1	
152208	242	30	168	1	
152209	242	30	168	1	
152210	242	30	168	1	
152211	242	30	168	1	
152212	242	30	168	1	
152213	242	30	168	1	
152214	242	30	168	1	
152215	242	30	168	1	
152216	242	30	167	1	
152217	242	30	166	1	
152218	242	30	165	1	
152219	242	30	164	1	
152220	242	30	163	1	
152221	242	30	163	1	
152222	242	30	163	1	
152223	242	30	163	1	
152224	242	30	163	1	
152225	242	30	163	1	
152226	242	30	163	1	
152227	242	30	163	1	
152228	242	30	163	1	
152229	242	30	163	1	
152230	242	31	163	1	
152231	242	32	163	1	
152232	242	33	163	1	
152233	242	34	163	1	
152234	242	35	163	1	
152235	242	36	163	1	
152236	242	37	163	1	
152237	242	38	163	1	
152238	242	38	163	1	
152239	242	38	163	1	
152240	242	38	163	1	
152241	242	38	163	1	
152242	242	38	163	1	
152243	242	38	163	1	
152244	242	38	163	1	
152245	242	38	163	1	
152246	242	38	163	1	
152247	242	38	164	1	
152248	242	38	165	1	
152249	242	38	165	1	
152250	242	38	165	1	
152251	242	38	165	1	
152252	242	38	165	1	
152253	242	38	165	1	
152254	242	38	165	1	
152255	242	38	165	1	
152256	242	38	165	1	
152257	242	38	165	1	
152258	242	38	165	1	
152259	242	38	165	1	
152260	242	38	165	1	
152261	242	38	165	1	
152262	242	38	165	1	
152263	242	38	165	1	
152264	242	38	165	1	
152265	242	38	165	1	
152266	242	38	165	1	
152267	242	38	165	1	
152268	242	38	166	1	
152269	242	38	166	1	
152270	242	38	166	1	
152271	242	38	165	1	
152272	242	38	165	1	
152273	242	38	165	1	
152274	242	38	165	1	
152275	242	38	165	1	
152276	242	38	165	1	
152277	242	38	165	1	
152278	242	38	164	1	
152279	242	38	164	1	
152280	242	38	164	1	
152281	242	38	164	1	
152282	242	38	164	1	
152283	242	38	164	1	
152284	242	38	164	1	
152285	242	38	164	1	
152286	242	38	164	1	
152287	242	38	164	1	
152288	242	38	164	1	
152289	242	38	163	1	
152290	242	38	162	1	
152291	242	38	161	1	
152292	242	38	161	1	
152293	242	38	160	1	
152294	242	38	159	1	
152295	242	38	158	1	
152296	242	38	158	1	
152297	242	38	158	1	
152298	242	38	158	1	
152299	242	38	158	1	
152300	242	38	158	1	
152301	242	38	158	1	
152302	242	38	158	1	
152303	242	38	158	1	
152304	242	38	158	1	
152305	242	38	158	1	
152306	242	38	158	1	
152307	242	38	158	1	
152308	242	38	158	1	
152309	242	38	158	1	
152310	242	38	158	1	
152311	242	38	158	1	
152312	242	38	158	1	
152313	242	38	158	1	
152314	242	38	158	1	
152315	242	38	158	1	
152316	242	38	158	1	
152317	242	38	158	1	
152318	242	38	158	1	
152319	242	38	158	1	
152320	242	38	159	1	
152321	242	38	158	1	
152322	242	38	158	1	
152323	242	38	158	1	
152324	242	38	158	1	
152325	242	38	158	1	
152326	242	38	158	1	
152327	242	38	158	1	
152328	242	38	158	1	
152329	242	38	159	1	
152330	242	38	158	1	
152331	242	38	159	1	
152332	242	38	160	1	
152333	242	38	159	1	
152334	242	38	160	1	
152335	242	38	160	1	
152336	242	38	160	1	
152337	242	38	160	1	
152338	242	38	160	1	
152339	242	38	160	1	
152340	242	38	160	1	
152341	242	38	160	1	
152342	242	38	160	1	
152343	242	38	160	1	
152344	242	38	160	1	
152345	242	38	160	1	
152346	242	38	159	1	
152347	242	38	158	1	
152348	242	38	158	1	
152349	242	38	159	1	
152350	242	38	158	1	
152351	242	38	158	1	
152352	242	38	158	1	
152353	242	38	158	1	
152354	242	38	158	1	
152355	242	38	158	1	
152356	242	38	158	1	
152357	242	38	158	1	
152358	242	38	158	1	
152359	242	38	159	1	
152360	242	38	160	1	
152361	242	38	159	1	
152362	242	38	160	1	
152363	242	38	159	1	
152364	242	38	160	1	
152365	242	38	160	1	
152366	242	38	160	1	
152367	242	38	160	1	
152368	242	38	159	1	
152369	242	38	158	1	
152370	242	38	159	1	
152371	242	38	160	1	
152372	242	38	160	1	
152373	242	38	160	1	
152374	242	38	159	1	
152375	242	38	160	1	
152376	242	38	160	1	
152377	242	38	160	1	
152378	242	38	160	1	
152379	242	38	160	1	
152380	242	38	160	1	
152381	242	38	160	1	
152382	242	38	160	1	
152383	242	38	160	1	
152384	242	38	160	1	
152385	242	38	160	1	
152386	242	38	160	1	
152387	242	38	160	1	
152388	242	38	160	1	
152389	242	38	160	1	
152390	242	38	160	1	
152391	242	38	160	1	
152392	242	38	160	1	
152393	242	38	160	1	
152394	242	38	160	1	
152395	242	38	160	1	
152396	242	38	160	1	
152397	242	38	160	1	
152398	242	38	160	1	
152399	242	38	160	1	
152400	242	38	160	1	
152401	242	38	160	1	
152402	242	38	160	1	
152403	242	38	160	1	
152404	242	38	160	1	
152405	242	38	160	1	
152406	242	38	160	1	
152407	242	38	160	1	
152408	242	38	160	1	
152409	242	38	160	1	
152410	242	38	159	1	
152411	242	38	158	1	
152412	242	38	159	1	
152413	242	38	160	1	
152414	242	38	160	1	
152415	242	38	160	1	
152416	242	38	160	1	
152417	242	38	160	1	
152418	242	38	160	1	
152419	242	38	160	1	
152420	242	38	160	1	
152421	242	38	160	1	
152422	242	38	160	1	
152423	242	38	160	1	
152424	242	38	160	1	
152425	242	38	160	1	
152426	242	38	160	1	
152427	242	38	160	1	
152428	242	38	160	1	
152429	242	38	160	1	
152430	242	38	160	1	
152431	242	38	160	1	
152432	242	38	160	1	
152433	242	38	160	1	
152434	242	38	160	1	
152435	242	38	160	1	
152436	242	38	160	1	
152437	242	38	160	1	
152438	242	38	160	1	
152439	242	38	160	1	
152440	242	38	160	1	
152441	242	38	160	1	
152442	242	38	160	1	
152443	242	38	160	1	
152444	242	38	160	1	
152445	242	38	160	1	
152446	242	38	160	1	
152447	242	38	160	1	
152448	242	38	160	1	
152449	242	38	160	1	
152450	242	38	160	1	
152451	242	38	160	1	
152452	242	38	160	1	
152453	242	38	160	1	
152454	242	38	160	1	
152455	242	38	160	1	
152456	242	38	160	1	
152457	242	38	160	1	
152458	242	38	160	1	
152459	242	38	160	1	
152460	242	38	160	1	
152461	242	38	160	1	
152462	242	38	160	1	
152463	242	38	160	1	
152464	242	38	160	1	
152465	242	38	160	1	
152466	242	38	160	1	
152467	242	38	159	1	
152468	242	38	160	1	
152469	242	38	160	1	
152470	242	38	160	1	
152471	242	38	160	1	
152472	242	38	160	1	
152473	242	38	160	1	
152474	242	38	162	1	
152475	242	38	162	1	
152476	242	38	163	1	
152477	242	38	162	1	
152478	242	38	162	1	
152479	242	38	162	1	
152480	242	38	162	1	
152481	242	38	162	1	
152482	242	38	162	1	
152483	242	38	162	1	
152484	242	38	162	1	
152485	242	38	162	1	
152486	242	38	162	1	
152487	242	38	162	1	
152488	242	38	162	1	
152489	242	38	162	1	
152490	242	38	162	1	
152491	242	38	161	1	
152492	242	38	161	1	
152493	242	38	161	1	
152494	242	38	161	1	
152495	242	38	161	1	
152496	242	38	161	1	
152497	242	38	161	1	
152498	242	38	161	1	
152499	242	38	161	1	
152500	242	38	160	1	
152501	242	38	159	1	
152502	242	38	158	1	
152503	242	38	158	1	
152504	242	38	158	1	
152505	242	38	158	1	
152506	242	38	158	1	
152507	242	38	158	1	
152508	242	38	158	1	
152509	242	38	159	1	
152510	242	38	160	1	
152511	242	38	160	1	
152512	242	38	160	1	
152513	242	38	162	1	
152514	242	38	163	1	
152515	242	38	164	1	
152516	242	38	165	1	
152517	242	38	166	1	
152518	242	38	167	1	
152519	242	38	168	1	
152520	242	38	169	1	
152521	242	38	168	1	
152522	242	38	168	1	
152523	242	38	168	1	
152524	242	38	168	1	
152525	242	38	168	1	
152526	242	38	168	1	
152527	242	38	168	1	
152528	242	38	168	1	
152529	242	38	168	1	
152530	242	38	168	1	
152531	240	38	169	1	
152532	238	38	170	1	
152533	236	38	169	1	
152534	234	38	170	1	
152535	233	38	169	1	
152536	232	38	170	1	
152537	231	38	171	1	
152538	230	38	172	1	
152539	232	38	171	1	
152540	231	38	172	1	
152541	232	38	171	1	
152542	233	38	170	1	
152543	234	38	169	1	
152544	235	38	168	1	
152545	236	38	168	1	
152546	237	38	168	1	
152547	238	38	168	1	
152548	239	38	168	1	
152549	240	38	168	1	
152550	241	38	168	1	
152551	242	38	168	1	
152552	242	38	168	1	
152553	242	38	168	1	
152554	242	38	168	1	
152555	242	38	168	1	
152556	242	38	168	1	
152557	242	38	168	1	
152558	242	38	168	1	
152559	242	38	168	1	
152560	242	38	168	1	
152561	242	38	168	1	
152562	242	38	168	1	
152563	242	38	168	1	
152564	242	38	168	1	
152565	242	38	168	1	
152566	242	38	168	1	
152567	242	38	167	1	
152568	240	38	167	1	
152569	237	36	169	1	
152570	234	35	171	1	
152571	232	33	173	1	
152572	230	31	175	1	
152573	229	32	174	1	
152574	228	33	173	1	
152575	229	35	170	1	
152576	228	35	169	1	
152577	227	35	168	1	
152578	226	35	168	1	
152579	226	35	168	1	
152580	226	35	168	1	
152581	226	35	168	1	
152582	226	35	168	1	
152583	226	35	168	1	
152584	226	35	168	1	
152585	226	35	168	1	
152586	228	35	168	1	
152587	230	36	168	1	
152588	232	36	168	1	
152589	233	36	168	1	
152590	234	36	167	1	
152591	235	36	166	1	
152592	236	37	164	1	
152593	236	38	162	1	
152594	236	38	161	1	
152595	237	38	161	1	
152596	237	38	160	1	
152597	238	38	160	1	
152598	239	38	160	1	
152599	240	38	160	1	
152600	241	38	160	1	
152601	242	38	160	1	
152602	242	38	160	1	
152603	242	38	160	1	
152604	242	38	160	1	
152605	242	38	160	1	
152606	242	38	160	1	
152607	242	38	160	1	
152608	242	38	160	1	
152609	242	38	160	1	
152610	242	38	160	1	
152611	242	38	160	1	
152612	242	38	160	1	
152613	242	38	160	1	
152614	242	38	160	1	
152615	242	38	160	1	
152616	242	38	160	1	
152617	242	39	162	1	
152618	242	38	162	1	
152619	242	39	163	1	
152620	242	40	164	1	
152621	242	41	165	1	
152622	242	40	165	1	
152623	242	41	166	1	
152624	242	42	167	1	
152625	242	42	167	1	
152626	242	42	167	1	
152627	242	42	168	1	
152628	242	42	169	1	
152629	242	42	170	1	
152630	242	42	171	1	
152631	242	42	170	1	
152632	242	42	171	1	
152633	242	42	172	1	
152634	241	43	174	1	
152635	240	44	176	1	
152636	240	43	176	1	
152637	240	42	176	1	
152638	239	43	177	1	
152639	238	44	178	1	
152640	238	45	179	1	
152641	238	46	180	1	
152642	238	47	181	1	
152643	238	48	182	1	
152644	238	48	183	1	
152645	238	47	182	1	
152646	238	46	181	1	
152647	238	45	180	1	
152648	238	44	180	1	
152649	238	43	180	1	
152650	239	43	178	1	
152651	240	43	177	1	
152652	241	43	176	1	
152653	242	43	175	1	
152654	242	43	174	1	
152655	242	43	173	1	
152656	242	43	172	1	
152657	240	42	171	1	
152658	238	42	170	1	
152659	236	42	169	1	
152660	235	42	168	1	
152661	234	42	168	1	
152662	233	42	168	1	
152663	231	43	170	1	
152664	230	43	171	1	
152665	229	43	172	1	
152666	228	43	172	1	
152667	227	43	172	1	
152668	226	42	171	1	
152669	225	42	172	1	
152670	224	42	172	1	
152671	223	42	172	1	
152672	223	42	171	1	
152673	223	42	170	1	
152674	223	42	169	1	
152675	223	42	168	1	
152676	223	42	168	1	
152677	223	42	168	1	
152678	223	42	168	1	
152679	223	42	168	1	
152680	223	42	168	1	
152681	223	42	168	1	
152682	223	42	168	1	
152683	223	42	168	1	
152684	223	42	168	1	
152685	223	42	168	1	
152686	223	42	168	1	
152687	223	42	168	1	
152688	223	42	168	1	
152689	223	42	168	1	
152690	223	42	168	1	
152691	223	41	167	1	
152692	223	41	167	1	
152693	223	41	167	1	
152694	223	42	167	1	
152695	223	42	167	1	
152696	223	42	167	1	
152697	223	42	167	1	
152698	223	42	167	1	
152699	223	42	167	1	
152700	223	42	167	1	
152701	223	42	167	1	
152702	223	42	167	1	
152703	223	42	167	1	
152704	223	42	167	1	
152705	223	42	167	1	
152706	223	42	167	1	
152707	223	42	168	1	
152708	223	42	168	1	
152709	223	41	167	1	
152710	225	42	165	1	
152711	227	43	163	1	
152712	227	42	162	1	
152713	227	41	161	1	
152714	228	40	160	1	
152715	229	40	159	1	
152716	230	40	158	1	
152717	231	40	158	1	
152718	232	40	158	1	
152719	233	40	158	1	
152720	234	40	158	1	
152721	235	40	158	1	
152722	236	40	158	1	
152723	236	40	158	1	
152724	236	40	158	1	
152725	237	40	159	1	
152726	238	40	160	1	
152727	239	40	160	1	
152728	240	40	160	1	
152729	241	40	160	1	
152730	242	40	160	1	
152731	242	40	160	1	
152732	242	40	160	1	
152733	242	40	159	1	
152734	242	40	160	1	
152735	242	40	160	1	
152736	242	40	160	1	
152737	242	40	160	1	
152738	242	40	160	1	
152739	242	40	160	1	
152740	242	40	160	1	
152741	242	40	160	1	
152742	242	40	160	1	
152743	242	40	160	1	
152744	242	40	160	1	
152745	242	40	160	1	
152746	242	39	160	1	
152747	242	39	160	1	
152748	242	38	160	1	
152749	242	38	160	1	
152750	242	38	160	1	
152751	242	38	160	1	
152752	242	38	160	1	
152753	242	38	160	1	
152754	242	38	160	1	
152755	242	38	160	1	
152756	242	38	160	1	
152757	242	38	160	1	
152758	242	38	160	1	
152759	242	38	160	1	
152760	242	38	160	1	
152761	242	38	160	1	
152762	242	38	160	1	
152763	242	38	160	1	
152764	242	38	159	1	
152765	242	38	158	1	
152766	242	38	158	1	
152767	242	38	158	1	
152768	240	38	159	1	
152769	238	38	160	1	
152770	236	38	160	1	
152771	235	38	160	1	
152772	234	38	160	1	
152773	233	38	159	1	
152774	232	38	160	1	
152775	231	38	162	1	
152776	230	38	162	1	
152777	229	38	162	1	
152778	228	39	162	1	
152779	230	39	162	1	
152780	232	39	162	1	
152781	233	39	162	1	
152782	234	39	162	1	
152783	235	39	162	1	
152784	234	39	162	1	
152785	233	39	162	1	
152786	234	39	161	1	
152787	233	39	161	1	
152788	232	39	161	1	
152789	231	39	161	1	
152790	230	39	161	1	
152791	229	39	161	1	
152792	230	39	161	1	
152793	231	39	161	1	
152794	232	39	161	1	
152795	233	39	161	1	
152796	234	39	161	1	
152797	235	39	161	1	
152798	236	39	161	1	
152799	236	39	161	1	
152800	236	39	161	1	
152801	236	39	161	1	
152802	236	39	161	1	
152803	236	39	161	1	
152804	236	39	161	1	
152805	236	39	161	1	
152806	236	39	161	1	
152807	236	39	161	1	
152808	236	39	161	1	
152809	236	39	161	1	
152810	236	39	161	1	
152811	236	39	161	1	
152812	236	39	161	1	
152813	234	39	162	1	
152814	235	39	162	1	
152815	236	39	162	1	
152816	236	39	162	1	
152817	236	39	161	1	
152818	236	39	161	1	
152819	236	39	161	1	
152820	236	39	161	1	
152821	236	39	161	1	
152822	236	39	161	1	
152823	236	39	161	1	
152824	236	39	161	1	
152825	236	39	161	1	
152826	236	39	161	1	
152827	236	39	161	1	
152828	236	39	161	1	
152829	236	39	160	1	
152830	236	39	159	1	
152831	236	39	158	1	
152832	236	39	159	1	
152833	236	39	160	1	
152834	236	39	160	1	
152835	236	39	160	1	
152836	236	39	160	1	
152837	236	39	160	1	
152838	236	39	160	1	
152839	236	39	160	1	
152840	236	39	160	1	
152841	236	39	160	1	
152842	236	39	160	1	
152843	236	39	160	1	
152844	236	39	160	1	
152845	236	39	160	1	
152846	236	39	160	1	
152847	236	39	160	1	
152848	236	39	160	1	
152849	236	39	160	1	
152850	236	39	160	1	
152851	236	39	160	1	
152852	236	39	160	1	
152853	236	39	160	1	
152854	236	39	160	1	
152855	236	39	160	1	
152856	236	39	160	1	
152857	236	39	160	1	
152858	236	39	160	1	
152859	236	39	160	1	
152860	236	39	160	1	
152861	236	39	160	1	
152862	236	39	159	1	
152863	236	39	160	1	
152864	236	39	159	1	
152865	234	39	161	1	
152866	235	39	160	1	
152867	236	39	159	1	
152868	234	39	161	1	
152869	232	39	162	1	
152870	231	39	163	1	
152871	230	39	164	1	
152872	229	39	165	1	
152873	228	39	166	1	
152874	227	39	167	1	
152875	226	39	168	1	
152876	225	39	169	1	
152877	224	39	170	1	
152878	223	39	171	1	
152879	223	39	172	1	
152880	222	37	174	1	
152881	222	37	174	1	
152882	222	37	174	1	
152883	222	37	174	1	
152884	222	37	174	1	
152885	222	37	174	1	
152886	221	36	176	1	
152887	223	36	175	1	
152888	225	36	174	1	
152889	226	36	173	1	
152890	227	36	172	1	
152891	228	36	171	1	
152892	229	36	170	1	
152893	230	36	169	1	
152894	231	36	168	1	
152895	232	36	168	1	
152896	233	36	168	1	
152897	234	36	168	1	
152898	235	36	168	1	
152899	236	36	168	1	
152900	236	36	168	1	
152901	236	36	168	1	
152902	236	36	168	1	
152903	236	36	168	1	
152904	236	36	168	1	
152905	236	36	168	1	
152906	236	36	168	1	
152907	236	36	168	1	
152908	236	36	168	1	
152909	236	36	168	1	
152910	236	36	168	1	
152911	236	36	168	1	
152912	236	36	168	1	
152913	236	36	168	1	
152914	234	36	169	1	
152915	232	36	170	1	
152916	231	36	171	1	
152917	230	36	172	1	
152918	229	36	172	1	
152919	228	36	172	1	
152920	227	36	172	1	
152921	226	36	172	1	
152922	225	36	172	1	
152923	224	36	172	1	
152924	223	36	172	1	
152925	223	36	172	1	
152926	223	36	172	1	
152927	223	36	172	1	
152928	223	36	172	1	
152929	223	36	172	1	
152930	223	36	172	1	
152931	223	36	172	1	
152932	223	36	171	1	
152933	223	36	170	1	
152934	223	36	169	1	
152935	223	36	168	1	
152936	223	36	168	1	
152937	225	37	166	1	
152938	224	37	167	1	
152939	223	37	168	1	
152940	223	37	169	1	
152941	223	37	170	1	
152942	223	37	171	1	
152943	223	37	172	1	
152944	223	37	172	1	
152945	225	37	170	1	
152946	227	37	168	1	
152947	228	37	167	1	
152948	229	37	166	1	
152949	230	37	165	1	
152950	231	37	164	1	
152951	232	37	163	1	
152952	233	37	162	1	
152953	234	37	161	1	
152954	235	37	160	1	
152955	236	37	160	1	
152956	236	37	160	1	
152957	236	37	160	1	
152958	236	37	160	1	
152959	236	37	160	1	
152960	236	37	160	1	
152961	236	37	160	1	
152962	236	37	160	1	
152963	236	37	160	1	
152964	236	37	160	1	
152965	236	37	160	1	
152966	236	37	160	1	
152967	236	37	160	1	
152968	236	37	160	1	
152969	236	37	160	1	
152970	236	37	160	1	
152971	236	37	160	1	
152972	236	37	160	1	
152973	236	37	160	1	
152974	236	37	160	1	
152975	236	37	160	1	
152976	236	37	160	1	
152977	236	37	160	1	
152978	236	37	160	1	
152979	236	37	160	1	
152980	236	37	160	1	
152981	236	37	160	1	
152982	236	37	159	1	
152983	236	37	158	1	
152984	236	37	158	1	
152985	236	37	158	1	
152986	236	37	158	1	
152987	236	37	158	1	
152988	236	37	159	1	
152989	236	37	158	1	
152990	236	37	158	1	
152991	236	37	158	1	
152992	236	37	158	1	
152993	236	37	158	1	
152994	236	37	158	1	
152995	236	37	158	1	
152996	236	37	159	1	
152997	236	37	160	1	
152998	236	37	160	1	
152999	236	37	160	1	
153000	236	37	160	1	
153001	236	37	160	1	
153002	236	37	160	1	
153003	236	37	159	1	
153004	236	37	160	1	
153005	236	37	160	1	
153006	236	37	160	1	
153007	236	37	160	1	
153008	236	37	160	1	
153009	236	37	160	1	
153010	236	37	160	1	
153011	236	37	160	1	
153012	236	37	160	1	
153013	236	37	160	1	
153014	236	37	160	1	
153015	236	37	160	1	
153016	236	37	160	1	
153017	236	37	160	1	
153018	236	37	160	1	
153019	236	37	160	1	
153020	236	37	160	1	
153021	236	37	160	0	
153022	236	37	160	0	
153023	236	37	160	0	
153024	236	37	160	0	
153025	236	37	160	0	
153026	236	37	160	0	
153027	236	37	160	0	
153028	236	37	160	0	
153029	236	37	160	0	
153030	236	37	160	0	
153031	236	37	160	0	
153032	236	37	160	0	
153033	236	37	160	0	
153034	236	37	160	0	
153035	236	37	160	0	
153036	236	37	160	0	
153037	236	37	160	0	
153038	236	37	160	0	
153039	236	37	160	0	
153040	236	37	160	0	
153041	236	37	160	0	
153042	236	37	160	0	
153043	236	37	160	0	
153044	236	37	160	0	
153045	236	37	160	0	
153046	236	37	160	0	
153047	236	37	160	0	
153048	236	37	160	0	
153049	236	37	160	0	
153050	236	37	160	0	
153051	234	37	162	0	
153052	232	37	163	0	
153053	231	37	164	0	
153054	232	37	164	1	
153055	233	37	164	1	
153056	234	37	164	1	
153057	235	37	164	1	
153058	236	37	164	1	
153059	236	37	164	1	
153060	236	37	164	1	
153061	236	37	164	1	
153062	236	37	164	1	
153063	236	37	164	1	
153064	236	37	164	1	
153065	236	37	164	1	
153066	236	37	164	1	
153067	236	37	164	1	
153068	236	37	164	1	
153069	236	37	164	1	
153070	236	37	164	1	
153071	236	37	164	1	
153072	236	37	164	1	
153073	236	37	164	1	
153074	236	37	164	1	
153075	236	37	164	1	
153076	236	37	164	1	
153077	236	37	164	1	
153078	236	37	164	1	
153079	236	37	164	1	
153080	236	37	164	1	
153081	236	37	164	1	
153082	236	37	164	1	
153083	236	37	164	1	
153084	236	37	164	1	
153085	236	37	164	1	
153086	236	37	164	1	
153087	236	37	164	1	
153088	236	37	164	1	
153089	236	37	164	1	
153090	236	37	164	1	
153091	236	37	164	1	
153092	236	37	164	1	
153093	236	37	164	1	
153094	236	37	164	1	
153095	236	37	164	1	
153096	236	37	164	1	
153097	236	37	164	1	
153098	236	37	164	1	
153099	236	37	164	1	
153100	236	37	164	1	
153101	236	37	164	1	
153102	236	37	164	1	
153103	236	37	164	1	
153104	236	37	164	1	
153105	236	37	164	1	
153106	236	37	164	1	
153107	236	37	164	1	
153108	236	37	164	1	
153109	236	37	164	1	
153110	236	37	163	1	
153111	236	37	163	1	
153112	236	37	163	1	
153113	236	37	163	1	
153114	236	37	163	1	
153115	236	37	163	1	
153116	236	37	163	1	
153117	236	37	163	1	
153118	236	37	163	1	
153119	236	37	163	1	
153120	236	37	163	1	
153121	236	37	163	1	
153122	236	37	163	1	
153123	236	37	163	1	
153124	236	37	163	1	
153125	236	37	163	1	
153126	236	37	163	1	
153127	236	37	163	1	
153128	236	37	163	1	
153129	236	37	163	1	
153130	236	37	163	1	
153131	236	37	163	1	
153132	236	37	163	1	
153133	236	37	163	1	
153134	236	37	163	1	
153135	236	37	163	1	
153136	236	37	163	1	
153137	236	37	163	1	
153138	236	37	163	1	
153139	236	37	163	1	
153140	236	37	163	1	
153141	236	37	163	1	
153142	236	37	163	1	
153143	236	37	163	1	
153144	236	37	163	1	
153145	236	37	163	1	
153146	236	37	163	1	
153147	236	37	163	1	
153148	236	37	163	1	
153149	237	38	163	1	
153150	238	38	163	1	
153151	239	38	163	1	
153152	240	38	163	1	
153153	240	39	162	1	
153154	240	40	161	1	
153155	240	40	161	1	
153156	241	40	161	1	
153157	242	40	161	1	
153158	242	41	160	1	
153159	242	42	158	1	
153160	242	43	157	1	
153161	242	42	158	1	
153162	240	43	160	1	
153163	238	44	162	1	
153164	236	44	163	1	
153165	237	43	163	1	
153166	235	43	164	1	
153167	233	43	165	1	
153168	232	44	166	1	
153169	230	42	168	1	
153170	232	41	168	1	
153171	230	39	170	1	
153172	232	38	169	1	
153173	233	38	168	1	
153174	234	38	168	1	
153175	235	38	168	1	
153176	236	37	167	1	
153177	237	37	166	1	
153178	234	35	168	1	
153179	232	33	170	1	
153180	230	31	172	1	
153181	228	29	174	1	
153182	226	28	176	1	
153183	224	27	177	1	
153184	223	26	178	1	
153185	223	28	177	1	
153186	223	30	176	1	
153187	223	31	175	1	
153188	223	32	174	1	
153189	223	33	173	1	
153190	223	33	173	1	
153191	223	34	173	1	
153192	223	35	172	1	
153193	223	36	171	1	
153194	223	37	170	1	
153195	223	37	171	1	
153196	223	37	172	1	
153197	223	37	172	1	
153198	223	37	172	1	
153199	223	37	172	1	
153200	223	37	172	1	
153201	223	37	172	1	
153202	223	37	172	1	
153203	223	37	172	1	
153204	223	37	172	1	
153205	223	37	172	1	
153206	223	37	172	1	
153207	223	37	172	1	
153208	223	37	172	1	
153209	223	37	172	1	
153210	223	37	172	1	
153211	223	37	172	1	
153212	223	37	172	1	
153213	223	37	172	1	
153214	223	37	172	1	
153215	223	37	172	1	
153216	223	37	172	1	
153217	223	37	172	1	
153218	223	37	172	1	
153219	223	37	172	1	
153220	223	37	172	1	
153221	223	37	172	1	
153222	223	37	172	1	
153223	223	37	172	1	
153224	223	37	172	1	
153225	223	37	172	1	
153226	223	38	171	1	
153227	223	39	170	1	
153228	223	39	171	1	
153229	226	38	169	1	
153230	226	38	168	1	
153231	226	38	168	1	
153232	226	38	168	1	
153233	225	38	169	1	
153234	224	38	170	1	
153235	223	38	171	1	
153236	223	38	172	1	
153237	223	38	172	1	
153238	223	39	172	1	
153239	223	40	172	1	
153240	223	40	172	1	
153241	223	40	172	1	
153242	223	40	172	1	
153243	223	40	172	1	
153244	223	40	172	1	
153245	223	40	172	1	
153246	223	41	172	1	
153247	223	41	172	1	
153248	223	41	172	1	
153249	223	41	172	1	
153250	223	41	172	1	
153251	223	41	172	1	
153252	223	41	172	1	
153253	223	42	172	1	
153254	223	43	172	1	
153255	223	44	172	1	
153256	223	45	172	1	
153257	222	45	172	1	
153258	221	45	172	1	
153259	224	44	171	1	
153260	226	43	170	1	
153261	228	42	169	1	
153262	230	41	168	1	
153263	229	42	169	1	
153264	228	42	170	1	
153265	227	42	171	1	
153266	229	41	170	1	
153267	228	42	171	1	
153268	227	42	172	1	
153269	226	42	172	1	
153270	228	41	171	1	
153271	230	40	170	1	
153272	232	39	169	1	
153273	233	38	168	1	
153274	234	38	168	1	
153275	235	38	168	1	
153276	236	38	168	1	
153277	237	38	168	1	
153278	238	38	168	1	
153279	239	38	168	1	
153280	240	38	168	1	
153281	241	37	167	1	
153282	242	37	166	1	
153283	243	37	165	1	
153284	243	37	165	1	
153285	244	37	164	1	
153286	244	37	164	1	
153287	244	37	164	1	
153288	244	37	164	1	
153289	244	37	164	1	
153290	244	37	164	1	
153291	244	37	164	1	
153292	244	37	163	1	
153293	244	37	163	1	
153294	244	37	163	1	
153295	244	37	163	1	
153296	244	37	163	1	
153297	244	37	163	1	
153298	244	37	163	1	
153299	244	37	163	1	
153300	244	37	163	1	
153301	244	37	163	1	
153302	244	37	163	1	
153303	244	37	163	1	
153304	244	37	163	1	
153305	244	37	163	1	
153306	244	37	162	1	
153307	244	37	161	1	
153308	244	37	160	1	
153309	244	37	159	1	
153310	244	37	158	1	
153311	244	37	158	1	
153312	244	37	158	1	
153313	244	37	158	1	
153314	244	37	158	1	
153315	244	37	158	1	
153316	244	37	159	1	
153317	244	37	160	1	
153318	244	37	160	1	
153319	244	37	160	1	
153320	244	37	160	1	
153321	244	37	160	1	
153322	244	37	160	1	
153323	244	37	160	1	
153324	244	37	160	1	
153325	244	37	160	1	
153326	244	37	160	1	
153327	244	37	160	1	
153328	244	37	160	1	
153329	244	37	160	1	
153330	244	37	160	1	
153331	244	37	160	1	
153332	244	37	160	1	
153333	244	37	160	1	
153334	244	37	160	1	
153335	244	37	160	1	
153336	244	37	160	1	
153337	244	37	160	1	
153338	244	37	160	1	
153339	244	37	160	1	
153340	244	37	160	1	
153341	244	37	160	1	
153342	244	37	160	1	
153343	244	37	160	1	
153344	244	37	160	1	
153345	244	37	160	1	
153346	244	37	160	1	
153347	244	37	160	1	
153348	244	37	160	1	
153349	244	37	160	1	
153350	244	37	160	1	
153351	244	37	160	1	
153352	244	37	160	1	
153353	244	37	160	1	
153354	244	37	160	1	
153355	244	37	160	1	
153356	244	37	160	1	
153357	244	37	160	1	
153358	244	37	160	1	
153359	244	37	160	1	
153360	244	37	160	1	
153361	244	37	160	1	
153362	244	37	160	1	
153363	244	37	160	1	
153364	244	37	160	0	
153365	244	37	160	0	
153366	244	37	160	0	
153367	244	37	160	0	
153368	244	37	160	0	
153369	244	37	160	0	
153370	244	37	160	0	
153371	244	37	160	0	
153372	244	37	160	0	
153373	244	37	160	0	
153374	244	37	160	0	
153375	244	37	160	0	
153376	244	37	160	0	
153377	244	37	160	0	
153378	244	37	160	0	
153379	244	37	160	0	
153380	244	37	160	0	
153381	244	37	160	0	
153382	244	37	160	0	
153383	244	37	160	0	
153384	244	37	160	0	
153385	244	37	160	0	
153386	244	37	160	0	
153387	244	37	160	0	
153388	244	37	160	0	
153389	244	37	160	0	
153390	244	37	160	0	
153391	244	37	160	0	
153392	244	37	160	0	
153393	244	37	160	0	
153394	244	37	160	0	
153395	244	37	160	0	
153396	244	37	160	0	
153397	244	37	160	0	
153398	244	37	160	0	
153399	244	37	160	0	
153400	244	37	160	0	
153401	244	37	160	0	
153402	244	37	160	0	
153403	244	37	160	0	
153404	244	37	160	0	
153405	244	37	160	0	
153406	244	37	160	1	
153407	244	37	160	1	
153408	244	37	160	1	
153409	244	37	160	1	
153410	244	37	160	1	
153411	244	37	160	1	
153412	244	37	160	1	
153413	244	37	160	1	
153414	244	37	160	1	
153415	244	37	160	1	
153416	244	37	160	1	
153417	244	37	160	1	
153418	244	37	160	1	
153419	244	37	160	1	
153420	244	37	160	1	
153421	244	37	160	1	
153422	244	37	160	1	
153423	244	37	160	1	
153424	244	37	160	1	
153425	244	37	160	1	
153426	244	37	160	1	
153427	244	37	160	1	
153428	244	37	160	1	
153429	244	37	160	1	
153430	244	37	160	1	
153431	244	37	160	1	
153432	244	37	160	1	
153433	244	37	160	1	
153434	244	37	160	1	
153435	244	37	160	1	
153436	244	37	160	1	
153437	244	37	160	1	
153438	244	37	160	1	
153439	244	37	160	1	
153440	244	37	160	1	
153441	244	37	160	1	
153442	244	37	160	1	
153443	244	37	160	1	
153444	244	37	160	1	
153445	244	37	160	1	
153446	244	37	160	1	
153447	244	37	160	1	
153448	244	37	160	1	
153449	244	37	160	1	
153450	244	37	160	1	
153451	244	37	160	1	
153452	244	37	160	1	
153453	244	37	160	1	
153454	244	37	160	1	
153455	244	37	160	1	
153456	244	37	160	1	
153457	244	37	160	1	
153458	244	37	160	1	
153459	244	37	160	1	
153460	244	37	160	1	
153461	244	38	162	1	
153462	244	39	163	1	
153463	244	40	164	1	
153464	244	39	164	1	
153465	244	38	164	1	
153466	244	38	164	1	
153467	245	38	163	1	
153468	244	39	164	1	
153469	245	39	163	1	
153470	246	39	162	1	
153471	246	39	161	1	
153472	246	39	160	1	
153473	245	40	162	1	
153474	246	40	161	1	
153475	246	39	161	1	
153476	246	39	160	1	
153477	246	39	159	1	
153478	246	39	158	1	
153479	246	39	158	1	
153480	246	39	158	1	
153481	246	39	158	1	
153482	246	39	158	1	
153483	246	39	158	1	
153484	246	39	158	1	
153485	246	39	158	1	
153486	246	39	158	1	
153487	246	39	158	1	
153488	246	39	158	1	
153489	246	39	158	1	
153490	246	39	158	1	
153491	246	39	158	1	
153492	246	39	158	1	
153493	246	38	159	1	
153494	246	38	160	1	
153495	246	38	160	1	
153496	245	39	162	1	
153497	244	40	163	1	
153498	244	41	164	1	
153499	244	42	165	1	
153500	244	42	166	1	
153501	244	41	166	1	
153502	244	40	166	1	
153503	244	39	166	1	
153504	244	38	166	1	
153505	244	38	166	1	
153506	244	38	166	1	
153507	244	38	166	1	
153508	244	38	166	1	
153509	244	38	166	1	
153510	244	39	167	1	
153511	244	38	167	1	
153512	244	38	167	1	
153513	244	38	167	1	
153514	244	39	168	1	
153515	244	38	168	1	
153516	245	39	166	1	
153517	246	40	164	1	
153518	247	41	162	1	
153519	248	42	160	1	
153520	249	43	158	1	
153521	250	44	157	1	
153522	251	44	156	1	
153523	252	44	155	1	
153524	252	44	154	1	
153525	251	43	155	1	
153526	252	44	154	1	
153527	251	43	155	1	
153528	250	42	156	1	
153529	249	41	156	1	
153530	248	40	156	1	
153531	247	40	156	1	
153532	247	39	157	1	
153533	247	38	158	1	
153534	247	38	159	1	
153535	246	39	161	1	
153536	246	38	161	1	
153537	246	38	161	1	
153538	246	38	161	1	
153539	246	38	161	1	
153540	246	38	161	1	
153541	246	38	161	1	
153542	246	38	161	1	
153543	246	38	161	1	
153544	246	38	161	1	
153545	246	38	161	1	
153546	247	39	159	1	
153547	248	40	157	1	
153548	248	39	158	1	
153549	248	38	159	1	
153550	248	38	160	1	
153551	248	38	160	1	
153552	248	38	160	1	
153553	248	38	160	1	
153554	247	39	162	1	
153555	246	40	163	1	
153556	245	41	164	1	
153557	245	40	164	1	
153558	245	39	164	1	
153559	245	38	164	1	
153560	245	38	164	1	
153561	245	38	164	1	
153562	245	38	164	1	
153563	245	38	164	1	
153564	245	38	164	1	
153565	245	38	164	1	
153566	245	38	164	1	
153567	245	38	164	1	
153568	245	38	164	1	
153569	245	38	164	1	
153570	245	38	164	1	
153571	245	38	162	1	
153572	245	38	160	1	
153573	245	38	160	1	
153574	245	38	160	1	
153575	245	38	160	1	
153576	245	38	160	1	
153577	245	38	160	1	
153578	245	38	160	1	
153579	245	38	160	1	
153580	245	38	160	1	
153581	245	38	160	1	
153582	245	38	160	1	
153583	245	38	160	1	
153584	245	38	160	1	
153585	245	38	160	1	
153586	245	38	160	1	
153587	245	38	160	1	
153588	245	38	160	1	
153589	245	38	160	1	
153590	245	38	160	1	
153591	245	38	160	1	
153592	245	38	160	1	
153593	245	38	160	1	
153594	245	38	160	1	
153595	245	38	160	1	
153596	245	38	160	1	
153597	245	38	160	1	
153598	245	38	160	1	
153599	245	38	160	1	
153600	245	38	160	1	
153601	245	38	160	1	
153602	245	38	160	1	
153603	245	38	160	1	
153604	245	38	160	1	
153605	245	38	160	1	
153606	245	38	160	1	
153607	245	38	160	1	
153608	245	38	160	1	
153609	245	38	160	1	
153610	245	38	160	1	
153611	245	38	160	1	
153612	245	38	158	1	
153613	245	38	157	1	
153614	245	38	158	1	
153615	245	38	157	1	
153616	245	38	156	1	
153617	245	38	157	1	
153618	245	38	158	1	
153619	245	38	159	1	
153620	245	38	160	1	
153621	245	38	160	1	
153622	245	38	160	1	
153623	245	38	160	1	
153624	245	38	160	1	
153625	245	38	160	1	
153626	245	38	160	1	
153627	245	38	160	1	
153628	245	38	160	1	
153629	245	38	160	1	
153630	245	38	160	1	
153631	245	38	160	1	
153632	245	38	160	1	
153633	245	38	160	1	
153634	245	38	160	1	
153635	245	38	160	1	
153636	245	38	160	1	
153637	245	38	160	1	
153638	245	38	159	1	
153639	245	38	158	1	
153640	245	38	158	1	
153641	245	38	158	1	
153642	245	38	158	1	
153643	245	38	158	1	
153644	245	38	158	1	
153645	245	38	158	1	
153646	245	38	158	1	
153647	245	38	157	1	
153648	245	38	157	1	
153649	245	38	157	1	
153650	245	38	158	1	
153651	245	38	159	1	
153652	245	38	160	1	
153653	245	38	160	1	
153654	245	38	159	1	
153655	244	38	160	1	
153656	244	38	159	1	
153657	244	38	158	1	
153658	244	38	158	1	
153659	244	38	158	1	
153660	244	38	158	1	
153661	244	38	158	1	
153662	244	38	159	1	
153663	244	38	160	1	
153664	241	36	163	1	
153665	238	34	166	1	
153666	235	33	168	1	
153667	233	32	170	1	
153668	231	31	172	1	
153669	229	30	174	1	
153670	227	29	176	0	
153671	226	28	177	0	
153672	225	27	178	0	
153673	224	26	179	0	
153674	223	26	180	0	
153675	222	26	181	0	
153676	221	26	182	0	
153677	220	25	183	0	
153678	219	24	184	0	
153679	218	23	184	0	
153680	217	23	184	0	
153681	216	23	184	0	
153682	216	23	184	0	
153683	216	23	184	0	
153684	216	23	184	0	
153685	216	23	184	0	
153686	216	23	184	0	
153687	216	23	184	0	
153688	216	25	183	0	
153689	217	26	181	0	
153690	220	27	179	0	
153691	223	28	178	0	
153692	225	29	177	0	
153693	224	31	177	0	
153694	223	33	177	0	
153695	223	35	177	0	
153696	225	35	176	0	
153697	227	37	175	0	
153698	229	39	174	0	
153699	231	41	173	0	
