149670	481	49	143	0	
149671	481	49	143	0	
149672	481	49	143	0	
149673	481	49	143	0	
149674	481	49	143	0	
149675	481	49	143	0	
149676	481	49	143	0	
149677	481	48	144	0	
149678	481	46	145	0	
149679	481	46	145	0	
149680	481	45	146	0	
149681	479	45	148	0	
149682	477	45	150	0	
149683	475	45	151	0	
149684	474	45	152	0	
149685	473	45	153	0	
149686	474	45	152	0	
149687	475	45	151	0	
149688	476	45	150	0	
149689	477	45	149	0	
149690	477	45	148	0	
149691	477	45	148	0	
149692	477	45	148	0	
149693	475	45	150	0	
149694	474	45	151	0	
149695	473	45	152	0	
149696	472	45	153	0	
149697	471	45	154	0	
149698	470	45	155	0	
149699	469	45	156	0	
149700	471	44	156	0	
149701	470	44	157	0	
149702	469	44	158	0	
149703	468	44	159	0	
149704	467	44	160	0	
149705	466	44	160	0	
149706	465	44	160	0	
149707	464	44	160	0	
149708	464	44	160	0	
149709	464	44	160	0	
149710	464	44	160	0	
149711	464	44	160	0	
149712	464	44	160	0	
149713	464	43	160	0	
149714	464	42	160	0	
149715	466	41	159	0	
149716	468	40	158	0	
149717	470	39	158	0	
149718	472	38	158	0	
149719	473	37	158	0	
149720	473	37	157	0	
149721	474	37	157	0	
149722	475	37	157	0	
149723	476	37	157	0	
149724	477	37	156	0	
149725	478	37	155	0	
149726	479	37	154	0	
149727	480	37	153	0	
149728	481	37	152	0	
149729	481	38	151	0	
149730	482	38	150	0	
149731	482	38	150	0	
149732	482	39	149	0	
149733	482	40	148	0	
149734	482	40	149	0	
149735	482	41	148	0	
149736	481	41	148	0	
149737	480	41	147	0	
149738	480	42	147	0	
149739	480	43	147	0	
149740	480	44	147	0	
149741	480	44	147	0	
149742	480	44	147	0	
149743	480	44	147	0	
149744	480	43	148	0	
149745	479	43	147	0	
149746	479	42	148	0	
149747	478	42	148	0	
149748	478	42	147	0	
149749	478	41	148	0	
149750	478	40	149	0	
149751	478	40	149	0	
149752	478	40	149	0	
149753	478	40	149	0	
149754	478	40	149	0	
149755	478	40	149	0	
149756	478	40	149	0	
149757	478	40	149	0	
149758	478	40	149	0	
149759	478	40	149	0	
149760	478	40	149	0	
149761	477	40	149	0	
149762	477	40	149	0	
149763	477	40	149	0	
149764	477	40	149	0	
149765	477	40	149	0	
149766	477	40	150	0	
149767	477	40	150	0	
149768	477	40	150	0	
149769	477	40	150	0	
149770	477	40	150	0	
149771	477	40	150	0	
149772	477	41	149	0	
149773	477	42	148	0	
149774	477	43	148	0	
149775	477	44	148	0	
149776	477	44	148	0	
149777	477	43	149	0	
149778	477	42	149	0	
149779	477	41	149	0	
149780	477	40	149	0	
149781	477	40	149	0	
149782	477	40	149	0	
149783	477	40	149	0	
149784	478	40	148	0	
149785	479	40	148	0	
149786	479	40	149	0	
149787	479	40	149	0	
149788	479	40	149	0	
149789	479	40	149	0	
149790	479	40	149	0	
149791	479	40	149	0	
149792	479	40	149	0	
149793	479	40	149	0	
149794	479	40	149	0	
149795	479	40	149	0	
149796	479	40	149	0	
149797	479	40	149	0	
149798	479	40	149	0	
149799	479	40	149	0	
149800	478	40	149	0	
149801	478	40	149	0	
149802	478	40	150	0	
149803	478	40	151	0	
149804	477	38	152	0	
149805	476	38	152	0	
149806	476	38	153	0	
149807	476	38	154	0	
149808	476	38	155	0	
149809	476	38	156	0	
149810	476	38	157	0	
149811	476	38	158	0	
149812	476	38	159	0	
149813	476	38	160	0	
149814	476	38	160	0	
149815	476	38	160	0	
149816	476	38	160	0	
149817	476	38	160	0	
149818	476	38	160	0	
149819	476	38	160	0	
149820	476	38	160	0	
149821	476	38	160	0	
149822	476	38	160	0	
149823	476	38	160	0	
149824	476	38	160	0	
149825	476	38	160	0	
149826	476	38	160	0	
149827	476	38	160	0	
149828	476	38	160	0	
149829	476	38	160	0	
149830	476	38	160	0	
149831	476	38	160	0	
149832	476	38	160	0	
149833	476	38	160	0	
149834	476	38	160	0	
149835	476	38	160	0	
149836	477	39	158	0	
149837	477	39	159	0	
149838	477	40	157	0	
149839	477	40	158	0	
149840	477	40	159	0	
149841	477	40	160	0	
149842	477	40	160	0	
149843	475	39	160	0	
149844	473	38	160	0	
149845	474	40	158	0	
149846	475	41	157	0	
149847	476	42	156	0	
149848	477	43	155	0	
149849	475	42	156	0	
149850	473	41	157	0	
149851	471	40	158	0	
149852	470	39	159	0	
149853	469	38	160	0	
149854	467	39	162	0	
149855	465	40	163	0	
149856	466	38	163	0	
149857	467	37	163	0	
149858	468	37	162	0	
149859	469	37	161	0	
149860	470	37	160	0	
149861	471	38	159	0	
149862	472	39	158	0	
149863	472	39	157	0	
149864	472	39	156	0	
149865	472	38	156	0	
149866	472	37	156	0	
149867	472	36	156	0	
149868	472	37	157	0	
149869	472	38	158	0	
149870	472	37	158	0	
149871	472	38	159	0	
149872	472	38	160	0	
149873	472	37	161	0	
149874	472	38	161	0	
149875	472	38	161	0	
149876	471	36	162	0	
149877	471	35	162	0	
149878	470	34	162	0	
149879	469	33	162	0	
149880	469	32	162	0	
149881	469	33	162	0	
149882	469	34	162	0	
149883	469	35	162	0	
149884	469	36	162	0	
149885	469	37	162	0	
149886	469	38	162	0	
149887	468	38	161	0	
149888	468	38	160	0	
149889	468	38	159	0	
149890	468	38	158	0	
149891	468	38	157	0	
149892	468	38	156	0	
149893	468	38	155	0	
149894	468	38	154	0	
149895	468	38	153	0	
149896	468	38	152	0	
149897	468	38	151	0	
149898	468	38	152	0	
149899	468	38	153	0	
149900	468	38	154	0	
149901	468	38	155	0	
149902	468	38	156	0	
149903	468	38	157	0	
149904	468	38	158	0	
149905	468	38	159	0	
149906	468	38	160	0	
149907	468	38	160	0	
149908	468	38	160	0	
149909	468	38	160	0	
149910	468	38	160	0	
149911	468	38	160	0	
149912	468	38	160	0	
149913	468	38	160	0	
149914	468	38	160	0	
149915	468	38	160	0	
149916	467	38	160	0	
149917	466	38	160	0	
149918	465	38	159	0	
149919	466	38	160	0	
149920	465	38	160	0	
149921	466	38	160	0	
149922	467	38	160	0	
149923	468	38	160	0	
149924	468	38	160	0	
149925	468	38	160	0	
149926	468	38	160	0	
149927	468	38	160	0	
149928	468	38	160	0	
149929	468	38	160	0	
149930	468	38	160	0	
149931	468	38	160	0	
149932	468	38	160	0	
149933	468	38	160	0	
149934	468	38	160	0	
149935	468	38	160	0	
149936	468	38	160	0	
149937	468	38	160	0	
149938	468	38	160	0	
149939	468	38	159	0	
149940	468	38	160	0	
149941	468	38	160	0	
149942	468	38	159	0	
149943	468	38	160	0	
149944	468	38	160	0	
149945	468	38	160	0	
149946	468	38	159	0	
149947	468	38	160	0	
149948	468	38	160	0	
149949	468	38	160	0	
149950	468	38	160	0	
149951	468	38	160	0	
149952	468	38	160	0	
149953	468	38	160	0	
149954	468	38	160	0	
149955	468	38	160	0	
149956	468	38	160	0	
149957	468	38	160	0	
149958	468	38	160	0	
149959	468	38	160	0	
149960	468	38	160	0	
149961	468	38	160	0	
149962	468	38	160	0	
149963	468	38	160	0	
149964	467	37	160	0	
149965	466	37	160	0	
149966	465	37	160	0	
149967	466	38	160	0	
149968	467	38	160	0	
149969	468	38	160	0	
149970	468	38	160	0	
149971	468	38	160	0	
149972	468	38	160	0	
149973	468	38	160	0	
149974	468	38	160	0	
149975	468	38	160	0	
149976	468	38	160	0	
149977	468	38	160	0	
149978	468	38	160	0	
149979	468	38	160	0	
149980	468	38	160	0	
149981	468	38	160	0	
149982	468	38	160	0	
149983	468	38	160	0	
149984	468	38	160	0	
149985	468	38	160	0	
149986	468	38	160	0	
149987	468	38	160	0	
149988	468	38	160	0	
149989	468	38	160	0	
149990	468	38	160	0	
149991	468	38	160	0	
149992	468	38	160	0	
149993	468	38	160	0	
149994	468	38	160	0	
149995	468	38	160	0	
149996	468	38	160	0	
149997	468	34	163	0	
149998	468	35	163	0	
149999	468	36	163	0	
150000	468	37	163	0	
150001	468	38	163	0	
150002	468	38	163	0	
150003	468	38	163	0	
150004	468	38	163	0	
150005	468	38	163	0	
150006	468	38	163	0	
150007	468	38	163	0	
150008	468	38	163	0	
150009	468	38	163	0	
150010	468	38	163	0	
150011	468	38	163	0	
150012	468	38	163	0	
150013	468	38	163	0	
150014	468	38	163	0	
150015	468	38	163	0	
150016	468	38	163	0	
150017	468	38	163	0	
150018	468	38	163	0	
150019	468	38	163	0	
150020	468	38	163	0	
150021	468	38	163	0	
150022	468	38	163	0	
150023	468	38	163	0	
150024	468	38	163	0	
150025	468	38	163	0	
150026	468	38	163	0	
150027	468	38	163	0	
150028	468	38	163	0	
150029	468	38	163	0	
150030	468	38	163	0	
150031	468	38	163	0	
150032	468	38	163	0	
150033	468	38	163	0	
150034	468	38	163	0	
150035	468	38	163	0	
150036	467	37	163	0	
150037	466	36	163	0	
150038	466	36	162	0	
150039	467	37	162	0	
150040	443	13	203	0	
150041	443	13	202	0	
150042	443	13	201	0	
150043	446	16	197	0	
150044	427	-11	237	0	
150045	432	-6	230	0	
150046	412	-36	274	0	
150047	412	-36	274	0	
150048	418	-28	263	0	
150049	402	-46	292	0	
150050	402	-46	292	0	
150051	401	-45	292	0	
150052	400	-44	292	0	
150053	399	-43	292	0	
150054	398	-42	292	0	
150055	397	-41	292	0	
150056	396	-40	291	0	
150057	404	-32	278	0	
150058	387	-62	320	0	
150059	386	-62	320	0	
150060	395	-52	304	0	
150061	403	-43	290	0	
150062	410	-34	277	0	
150063	416	-26	266	0	
150064	422	-19	256	0	
150065	427	-13	247	0	
150066	432	-7	239	0	
150067	436	-2	232	0	
150068	440	2	225	0	
150069	443	6	219	0	
150070	446	10	214	0	
150071	449	13	209	0	
150072	451	16	204	0	
150073	453	19	200	0	
150074	455	21	196	0	
150075	457	23	193	0	
150076	459	25	190	0	
150077	460	27	187	0	
150078	461	29	185	0	
150079	462	30	183	0	
150080	461	29	183	0	
150081	460	28	183	0	
150082	459	27	183	0	
150083	460	29	181	0	
150084	459	28	181	0	
150085	460	30	179	0	
150086	461	31	178	0	
150087	462	32	177	0	
150088	463	33	176	0	
150089	464	34	175	0	
150090	465	35	174	0	
150091	466	36	173	0	
150092	467	37	172	0	
150093	468	38	171	0	
150094	468	38	170	0	
150095	468	38	169	0	
150096	468	38	168	0	
150097	468	38	168	0	
150098	468	38	168	0	
150099	468	38	168	0	
150100	468	38	168	0	
150101	468	38	168	0	
150102	468	38	168	0	
150103	468	38	168	0	
150104	468	38	168	0	
150105	468	38	168	0	
150106	468	38	168	0	
150107	468	38	168	0	
150108	468	38	168	0	
150109	468	38	168	0	
150110	468	38	168	0	
150111	468	38	168	0	
150112	468	38	168	0	
150113	467	37	168	0	
150114	466	36	168	0	
150115	466	35	168	0	
150116	465	34	168	0	
150117	465	33	168	0	
150118	464	32	168	0	
150119	463	31	167	0	
150120	463	31	166	0	
150121	462	31	166	0	
150122	462	31	165	0	
150123	461	31	165	0	
150124	460	30	165	0	
150125	459	29	165	0	
150126	459	29	164	0	
150127	458	29	164	0	
150128	457	29	163	0	
150129	456	29	162	0	
150130	455	29	161	0	
150131	454	28	161	0	
150132	453	28	160	0	
150133	452	28	159	0	
150134	451	28	158	0	
150135	450	27	158	0	
150136	449	27	157	0	
150137	448	27	156	0	
150138	447	27	155	0	
150139	446	27	154	0	
150140	445	27	153	0	
150141	449	28	153	0	
150142	452	30	152	0	
150143	452	30	151	0	
150144	454	31	152	0	
150145	456	32	153	0	
150146	459	32	153	0	
150147	462	33	153	0	
150148	463	34	154	0	
150149	464	35	155	0	
150150	465	36	156	0	
150151	466	37	157	0	
150152	467	38	158	0	
150153	454	18	186	0	
150154	456	20	184	0	
150155	456	20	183	0	
150156	455	19	182	0	
150157	454	19	181	0	
150158	456	21	179	0	
150159	456	22	179	0	
150160	455	21	179	0	
150161	455	20	179	0	
150162	455	21	179	0	
150163	455	22	179	0	
150164	455	23	179	0	
150165	455	22	179	0	
150166	454	20	179	0	
150167	453	18	179	0	
150168	452	16	178	0	
150169	451	15	178	0	
150170	450	13	178	0	
150171	449	11	178	0	
150172	447	9	177	0	
150173	445	8	176	0	
150174	446	10	176	0	
150175	444	9	175	0	
150176	448	12	172	0	
150177	452	15	169	0	
150178	451	15	167	0	
150179	452	15	167	0	
150180	451	15	166	0	
150181	452	15	165	0	
150182	451	15	164	0	
150183	450	15	163	0	
150184	448	15	162	0	
150185	449	15	162	0	
150186	450	16	163	0	
150187	451	16	164	0	
150188	452	16	165	0	
150189	453	17	164	0	
150190	454	17	165	0	
150191	454	17	166	0	
150192	454	17	167	0	
150193	456	19	165	0	
150194	456	19	165	0	
150195	456	19	166	0	
150196	457	21	164	0	
150197	458	23	162	0	
150198	459	25	160	0	
150199	459	25	162	0	
150200	460	26	160	0	
150201	460	26	162	0	
150202	460	26	163	0	
150203	460	26	164	0	
150204	460	26	165	0	
150205	461	28	164	0	
150206	461	27	165	0	
150207	461	26	166	0	
150208	461	26	167	0	
150209	461	26	168	0	
150210	461	26	169	0	
150211	461	26	170	0	
150212	461	26	171	0	
150213	461	26	172	0	
150214	461	26	172	0	
150215	461	26	172	0	
150216	461	25	171	0	
150217	461	25	172	0	
150218	461	25	172	0	
150219	461	25	172	0	
150220	461	25	172	0	
150221	461	25	172	0	
150222	461	25	172	0	
150223	461	24	170	0	
150224	461	23	168	0	
150225	461	23	169	0	
150226	461	23	168	0	
150227	461	23	169	0	
150228	461	23	170	0	
150229	461	23	171	0	
150230	461	23	172	0	
150231	461	23	172	0	
150232	461	23	172	0	
150233	461	23	172	0	
150234	461	23	172	0	
150235	461	23	172	0	
150236	461	23	172	0	
150237	461	23	172	0	
150238	461	23	172	0	
150239	461	23	172	0	
150240	461	23	172	0	
150241	461	23	172	0	
150242	461	23	172	0	
150243	461	23	172	0	
150244	461	23	172	0	
150245	461	23	172	0	
150246	461	23	172	0	
150247	461	23	172	0	
150248	461	23	172	0	
150249	461	23	172	0	
150250	461	23	172	0	
150251	461	23	172	0	
150252	461	23	172	0	
150253	461	23	172	0	
150254	461	23	172	0	
150255	461	23	172	0	
150256	461	23	172	0	
150257	461	23	172	0	
150258	461	23	172	0	
150259	461	23	172	0	
150260	461	23	172	0	
150261	461	22	172	0	
150262	461	21	172	0	
150263	461	21	171	0	
150264	461	20	171	0	
150265	460	19	171	0	
150266	460	18	171	0	
150267	460	18	170	0	
150268	460	17	170	0	
150269	460	17	171	0	
150270	460	17	172	0	
150271	460	17	172	0	
150272	459	16	172	0	
150273	459	15	171	0	
150274	459	14	170	0	
150275	458	13	170	0	
150276	458	12	169	0	
150277	457	11	169	0	
150278	456	10	169	0	
150279	455	9	169	0	
150280	454	9	168	0	
150281	453	8	168	0	
150282	452	7	168	0	
150283	453	8	169	0	
150284	454	9	170	0	
150285	454	10	171	0	
150286	454	11	172	0	
150287	454	11	171	0	
150288	453	11	171	0	
150289	452	11	171	0	
150290	451	10	171	0	
150291	450	10	171	0	
150292	453	12	168	0	
150293	452	12	167	0	
150294	452	12	166	0	
150295	453	13	167	0	
150296	452	13	166	0	
150297	453	14	167	0	
150298	453	14	166	0	
150299	454	15	167	0	
150300	454	16	168	0	
150301	454	16	169	0	
150302	454	16	170	0	
150303	454	16	171	0	
150304	454	16	172	0	
150305	454	16	172	0	
150306	454	16	172	0	
150307	454	16	172	0	
150308	454	16	172	0	
150309	454	16	172	0	
150310	454	16	172	0	
150311	454	15	172	0	
150312	454	16	172	0	
150313	454	15	171	0	
150314	454	16	172	0	
150315	454	16	172	0	
150316	454	16	171	0	
150317	454	15	170	0	
150318	454	15	169	0	
150319	453	14	168	0	
150320	453	14	167	0	
150321	452	13	167	0	
150322	453	14	168	0	
150323	453	13	167	0	
150324	454	14	168	0	
150325	454	15	169	0	
150326	454	16	170	0	
150327	454	16	171	0	
150328	454	16	172	0	
150329	454	16	172	0	
150330	454	16	172	0	
150331	454	16	172	0	
150332	454	16	172	0	
150333	454	16	172	0	
150334	454	16	172	0	
150335	454	16	172	0	
150336	454	16	172	0	
150337	454	16	172	0	
150338	454	16	172	0	
150339	457	18	169	0	
150340	460	20	166	0	
150341	460	20	167	0	
150342	463	22	165	0	
150343	465	24	163	0	
150344	464	24	164	0	
150345	463	24	165	0	
150346	463	23	165	0	
150347	463	22	165	0	
150348	462	22	166	0	
150349	462	22	167	0	
150350	462	22	167	0	
150351	464	24	165	0	
150352	466	26	163	0	
150353	468	27	161	0	
150354	470	28	159	0	
150355	472	29	157	0	
150356	473	30	156	0	
150357	474	31	155	0	
150358	475	32	154	0	
150359	476	33	153	0	
150360	477	34	152	0	
150361	478	35	151	0	
150362	479	36	150	0	
150363	479	35	150	0	
150364	480	36	149	0	
150365	481	36	148	0	
150366	482	36	148	0	
150367	480	34	150	0	
150368	481	35	149	0	
150369	482	36	148	0	
150370	480	34	150	0	
150371	481	35	149	0	
150372	482	36	148	0	
150373	482	36	148	0	
150374	482	36	148	0	
150375	482	36	148	0	
150376	482	36	148	0	
150377	482	36	148	0	
150378	482	36	148	0	
150379	482	36	148	0	
150380	482	36	148	0	
150381	480	35	149	0	
150382	478	33	150	0	
150383	476	32	151	0	
150384	474	31	152	0	
150385	473	30	153	0	
150386	472	29	154	0	
150387	471	28	155	0	
150388	470	27	156	0	
150389	469	26	157	0	
150390	468	25	158	0	
150391	467	24	159	0	
150392	466	24	160	0	
150393	465	24	160	0	
150394	464	24	160	0	
150395	464	24	160	0	
150396	464	24	160	0	
150397	464	24	160	0	
150398	464	24	160	0	
150399	464	24	160	0	
150400	464	24	160	0	
150401	464	24	160	0	
150402	464	24	160	0	
150403	464	24	160	0	
150404	464	24	160	0	
150405	464	24	160	0	
150406	464	24	160	0	
150407	464	24	160	0	
150408	464	24	160	0	
150409	464	24	160	0	
150410	464	24	160	0	
150411	464	24	160	0	
150412	464	24	160	0	
150413	464	24	160	0	
150414	464	24	160	0	
150415	464	24	160	0	
150416	464	24	160	0	
150417	464	24	160	0	
150418	464	24	160	0	
150419	464	24	160	0	
150420	464	24	160	0	
150421	464	24	160	0	
150422	464	24	160	0	
150423	464	24	160	0	
150424	464	24	160	0	
150425	464	24	160	0	
150426	464	24	160	0	
150427	463	24	162	0	
150428	463	24	162	0	
150429	463	24	162	0	
150430	463	24	162	0	
150431	463	24	162	0	
150432	463	24	162	0	
150433	463	24	162	0	
150434	463	24	162	0	
150435	463	24	162	0	
150436	463	24	162	0	
150437	463	24	162	0	
150438	462	24	163	0	
150439	462	24	163	0	
150440	462	24	163	0	
150441	462	24	164	0	
150442	462	24	165	0	
150443	462	24	166	0	
150444	462	24	167	0	
150445	462	24	168	0	
150446	462	24	169	0	
150447	462	24	170	0	
150448	462	24	171	0	
150449	462	24	172	0	
150450	462	24	172	0	
150451	462	24	172	0	
150452	462	24	172	0	
150453	462	24	172	0	
150454	462	24	172	0	
150455	462	24	172	0	
150456	462	24	172	0	
150457	462	24	172	0	
150458	462	24	172	0	
150459	462	24	172	0	
150460	462	24	172	0	
150461	462	24	172	0	
150462	462	24	172	0	
150463	462	24	172	0	
150464	462	24	172	0	
150465	462	24	172	0	
150466	462	24	172	0	
150467	462	24	172	0	
150468	462	24	172	0	
150469	462	24	172	0	
150470	462	24	172	0	
150471	462	24	172	0	
150472	462	24	172	0	
150473	462	24	172	0	
150474	462	24	172	0	
150475	462	24	172	0	
150476	462	24	172	0	
150477	462	24	172	0	
150478	462	24	172	0	
150479	462	24	172	0	
150480	462	24	172	0	
150481	462	24	172	0	
150482	462	24	172	0	
150483	462	24	172	0	
150484	462	24	171	0	
150485	462	24	170	0	
150486	462	24	169	0	
150487	462	24	168	0	
150488	462	24	168	0	
150489	462	24	168	0	
150490	462	24	168	0	
150491	462	24	168	0	
150492	462	24	168	0	
150493	462	24	168	0	
150494	462	24	168	0	
150495	462	24	168	0	
150496	462	24	168	0	
150497	462	24	168	0	
150498	462	24	168	0	
150499	462	24	168	0	
150500	462	24	168	0	
150501	462	24	168	0	
150502	462	24	168	0	
150503	462	24	168	0	
150504	462	24	168	0	
150505	462	24	168	0	
150506	462	24	168	0	
150507	462	24	168	0	
150508	462	24	168	0	
150509	462	24	168	0	
150510	462	24	168	0	
150511	462	24	169	0	
150512	462	24	170	0	
150513	462	24	171	0	
150514	462	24	170	0	
150515	462	24	171	0	
150516	462	24	172	0	
150517	462	24	171	0	
150518	462	24	172	0	
150519	462	24	172	0	
150520	462	24	172	0	
150521	462	24	172	0	
150522	462	24	172	0	
150523	462	24	172	0	
150524	462	24	172	0	
150525	462	24	172	0	
150526	462	24	172	0	
150527	462	24	172	0	
150528	462	24	172	0	
150529	462	24	172	0	
150530	462	24	172	0	
150531	462	24	172	0	
150532	462	24	172	0	
150533	462	24	172	0	
150534	462	24	172	0	
150535	462	24	171	0	
150536	462	24	170	0	
150537	462	24	171	0	
150538	462	24	170	0	
150539	462	24	169	0	
150540	462	23	167	0	
150541	462	23	168	0	
150542	462	23	169	0	
150543	462	23	168	0	
150544	462	23	168	0	
150545	462	23	169	0	
150546	462	23	168	0	
150547	462	23	168	0	
150548	462	23	169	0	
150549	462	23	168	0	
150550	462	23	168	0	
150551	462	23	168	0	
150552	462	23	169	0	
150553	462	23	170	0	
150554	462	23	169	0	
150555	462	23	168	0	
150556	462	23	168	0	
150557	462	23	168	0	
150558	462	23	168	0	
150559	462	23	168	0	
150560	462	23	169	0	
150561	462	23	170	0	
150562	462	23	171	0	
150563	462	23	172	0	
150564	462	23	172	0	
150565	462	23	171	0	
150566	462	23	170	0	
150567	462	23	169	0	
150568	462	23	168	0	
150569	462	23	168	0	
150570	462	23	168	0	
150571	462	23	168	0	
150572	462	23	168	0	
150573	462	23	168	0	
150574	462	23	168	0	
150575	462	23	168	0	
150576	462	23	168	0	
150577	462	23	168	0	
150578	462	23	168	0	
150579	462	23	168	0	
150580	462	23	168	0	
150581	462	23	168	0	
150582	462	23	168	0	
150583	462	23	168	0	
150584	462	23	168	0	
150585	462	23	168	0	
150586	462	23	168	0	
150587	462	23	168	0	
150588	462	23	168	0	
150589	462	23	168	0	
150590	462	23	168	0	
150591	462	23	168	0	
150592	462	23	168	0	
150593	462	23	168	0	
150594	462	23	168	0	
150595	462	23	168	0	
150596	462	23	168	0	
150597	462	23	168	0	
150598	462	23	168	0	
150599	462	23	168	0	
150600	462	23	169	0	
150601	462	23	170	0	
150602	462	23	169	0	
150603	462	23	168	0	
150604	462	23	168	0	
150605	462	23	168	0	
150606	462	23	168	0	
150607	462	23	168	0	
150608	462	23	168	0	
150609	462	23	168	0	
150610	462	23	169	0	
150611	462	23	168	0	
150612	462	23	168	0	
150613	462	23	168	0	
150614	462	23	169	0	
150615	462	23	168	0	
150616	462	23	168	0	
150617	462	23	169	0	
150618	462	23	170	0	
150619	462	23	171	0	
150620	462	23	172	0	
150621	462	23	172	0	
150622	462	23	172	0	
150623	462	23	172	0	
150624	462	23	172	0	
150625	462	23	171	0	
150626	462	23	172	0	
150627	462	23	171	0	
150628	462	23	170	0	
150629	462	23	169	0	
150630	462	23	168	0	
150631	462	23	168	0	
150632	462	23	168	0	
150633	462	23	168	0	
150634	462	23	168	0	
150635	462	22	168	0	
150636	462	22	168	0	
150637	462	22	168	0	
150638	462	22	169	0	
150639	462	22	170	0	
150640	462	22	171	0	
150641	462	22	170	0	
150642	462	22	169	0	
150643	462	22	168	0	
150644	462	22	168	0	
150645	462	22	168	0	
150646	462	22	168	0	
150647	462	22	168	0	
150648	462	22	168	0	
150649	462	22	168	0	
150650	462	22	168	0	
150651	462	22	168	0	
150652	462	22	168	0	
150653	462	22	168	0	
150654	462	22	168	0	
150655	462	22	168	0	
150656	462	22	168	0	
150657	462	22	168	0	
150658	462	22	168	0	
150659	462	22	168	0	
150660	462	22	168	0	
150661	462	22	168	0	
150662	462	22	168	0	
150663	462	22	168	0	
150664	462	22	169	0	
150665	462	22	170	0	
150666	462	22	171	0	
150667	462	22	172	0	
150668	462	22	172	0	
150669	462	22	172	0	
150670	462	22	172	0	
150671	462	22	171	0	
150672	462	22	170	0	
150673	462	22	169	0	
150674	462	22	168	0	
150675	462	22	168	0	
150676	462	22	168	0	
150677	462	22	168	0	
150678	462	22	169	0	
150679	462	22	170	0	
150680	462	22	171	0	
150681	462	22	172	0	
150682	462	22	172	0	
150683	462	22	171	0	
150684	462	22	170	0	
150685	462	22	169	0	
150686	462	22	168	0	
150687	462	22	169	0	
150688	462	22	170	0	
150689	462	22	171	0	
150690	462	22	172	0	
150691	462	22	171	0	
150692	462	22	170	0	
150693	462	22	169	0	
150694	462	22	168	0	
150695	462	22	168	0	
150696	462	22	168	0	
150697	462	22	168	0	
150698	462	22	168	0	
150699	462	22	168	0	
150700	462	22	168	0	
150701	462	22	169	0	
150702	462	22	168	0	
150703	462	22	169	0	
150704	462	22	168	0	
150705	462	22	168	0	
150706	462	22	168	0	
150707	462	22	168	0	
150708	462	22	168	0	
150709	462	22	168	0	
150710	462	22	168	0	
150711	462	22	168	0	
150712	462	22	168	0	
150713	462	22	168	0	
150714	462	22	168	0	
150715	462	22	168	0	
150716	462	22	168	0	
150717	462	22	169	0	
150718	462	22	170	0	
150719	462	22	169	0	
150720	462	22	168	0	
150721	462	22	168	0	
150722	462	22	168	0	
150723	462	22	168	0	
150724	462	22	168	0	
150725	462	22	168	0	
150726	462	22	168	0	
150727	462	22	168	0	
150728	462	22	168	0	
150729	462	22	168	0	
150730	462	22	168	0	
150731	462	22	168	0	
150732	462	22	168	0	
150733	462	22	168	0	
150734	462	22	168	0	
150735	462	22	168	0	
150736	462	22	168	0	
150737	462	22	168	0	
150738	462	22	168	0	
150739	462	22	168	0	
150740	462	22	168	0	
150741	462	22	168	0	
150742	462	22	168	0	
150743	462	22	168	0	
150744	462	22	168	0	
150745	462	22	168	0	
150746	462	22	168	0	
150747	462	22	168	0	
150748	462	22	168	0	
150749	462	22	168	0	
150750	462	22	169	0	
150751	462	22	168	0	
150752	462	21	168	0	
150753	462	21	169	0	
150754	462	22	168	0	
150755	462	22	168	0	
150756	462	22	168	0	
150757	462	22	169	0	
150758	464	24	166	0	
150759	463	23	166	0	
150760	462	22	166	0	
150761	462	21	166	0	
150762	462	20	166	0	
150763	464	22	164	0	
150764	466	24	162	0	
150765	465	24	163	0	
150766	464	24	164	0	
150767	463	24	165	0	
150768	462	24	166	0	
150769	464	26	164	0	
150770	466	27	162	0	
150771	468	28	160	0	
150772	470	29	158	0	
150773	472	30	157	0	
150774	473	31	156	0	
150775	474	32	155	0	
150776	475	33	154	0	
150777	476	34	153	0	
150778	474	33	155	0	
150779	472	32	157	0	
150780	473	33	156	0	
150781	474	34	155	0	
150782	472	32	156	0	
150783	470	30	157	0	
150784	469	29	159	0	
150785	468	28	161	0	
150786	467	26	161	0	
150787	466	25	161	0	
150788	465	25	162	0	
150789	464	25	163	0	
150790	464	24	163	0	
150791	464	24	163	0	
150792	464	24	163	0	
150793	464	24	163	0	
150794	464	24	163	0	
150795	464	24	163	0	
150796	464	24	163	0	
150797	464	24	163	0	
150798	464	24	163	0	
150799	464	24	163	0	
150800	464	24	163	0	
150801	464	24	163	0	
150802	464	24	163	0	
150803	464	24	163	0	
150804	464	24	163	0	
150805	464	24	163	0	
150806	464	24	163	0	
150807	466	26	161	0	
150808	465	25	161	0	
150809	464	24	161	0	
150810	464	24	161	0	
150811	464	24	161	0	
150812	464	24	161	0	
150813	464	24	161	0	
150814	463	23	161	0	
150815	462	22	161	0	
150816	464	24	159	0	
150817	466	26	157	0	
150818	468	27	156	0	
150819	470	28	155	0	
150820	472	29	154	0	
150821	473	30	153	0	
150822	474	31	152	0	
150823	475	32	151	0	
150824	474	32	152	0	
150825	475	33	151	0	
150826	476	34	150	0	
150827	477	35	149	0	
150828	478	36	148	0	
150829	479	36	148	0	
150830	480	36	148	0	
150831	481	36	148	0	
150832	482	36	148	0	
150833	482	36	148	0	
150834	482	36	148	0	
150835	482	36	148	0	
150836	482	36	148	0	
150837	482	36	148	0	
150838	482	36	148	0	
150839	482	36	148	0	
150840	482	36	148	0	
150841	482	36	148	0	
150842	482	36	148	0	
150843	482	36	148	0	
150844	482	36	148	0	
150845	482	36	148	0	
150846	482	36	148	0	
150847	482	36	148	0	
150848	482	36	148	0	
150849	482	36	148	0	
150850	482	36	148	0	
150851	482	36	148	0	
150852	480	34	150	0	
150853	481	35	149	0	
150854	482	36	148	0	
150855	480	34	150	0	
150856	478	32	151	0	
150857	476	30	152	0	
150858	474	28	153	0	
150859	472	26	154	0	
150860	470	25	155	0	
150861	469	24	156	0	
150862	468	23	157	0	
150863	467	22	158	0	
150864	466	21	159	0	
150865	465	20	160	0	
150866	464	19	160	0	
150867	463	18	160	0	
150868	462	18	160	0	
150869	462	18	160	0	
150870	464	20	158	0	
150871	466	22	157	0	
150872	468	24	156	0	
150873	470	26	155	0	
150874	472	27	154	0	
150875	473	28	153	0	
150876	474	29	152	0	
150877	475	30	151	0	
150878	476	31	150	0	
150879	477	32	149	0	
150880	478	33	148	0	
150881	479	34	148	0	
150882	480	35	148	0	
150883	481	36	148	0	
150884	482	36	148	0	
150885	482	36	148	0	
150886	482	36	148	0	
150887	482	36	148	0	
150888	482	36	148	0	
150889	482	36	148	0	
150890	482	36	148	0	
150891	482	36	148	0	
150892	482	36	148	0	
150893	482	36	148	0	
150894	482	36	148	0	
150895	480	34	150	0	
150896	478	32	151	0	
150897	476	30	152	0	
150898	477	31	151	0	
150899	475	29	152	0	
150900	473	27	153	0	
150901	471	26	154	0	
150902	470	25	155	0	
150903	469	24	156	0	
150904	468	23	157	0	
150905	467	22	158	0	
150906	466	21	159	0	
150907	465	20	160	0	
150908	464	19	160	0	
150909	463	18	160	0	
150910	462	18	160	0	
150911	464	20	158	0	
150912	463	19	159	0	
150913	462	18	160	0	
150914	462	18	160	0	
150915	462	18	160	0	
150916	462	18	160	0	
150917	462	18	160	0	
150918	462	18	160	0	
150919	462	18	160	0	
150920	462	18	160	0	
150921	462	18	160	0	
150922	462	18	160	0	
150923	462	18	160	0	
150924	462	18	160	0	
150925	464	20	158	0	
150926	466	22	157	0	
150927	468	24	156	0	
150928	467	23	157	0	
150929	466	22	158	0	
150930	465	21	159	0	
150931	464	20	160	0	
150932	466	22	158	0	
150933	468	24	157	0	
150934	470	26	156	0	
150935	469	25	157	0	
150936	471	26	156	0	
150937	473	27	155	0	
150938	474	28	154	0	
150939	475	29	153	0	
150940	476	30	152	0	
150941	477	31	151	0	
150942	478	32	150	0	
150943	479	33	149	0	
150944	480	34	148	0	
150945	481	35	148	0	
150946	482	36	148	0	
150947	482	36	148	0	
150948	482	36	148	0	
150949	482	36	148	0	
150950	482	36	148	0	
150951	482	36	148	0	
150952	482	36	148	0	
150953	482	36	148	0	
150954	482	36	148	0	
150955	482	36	148	0	
150956	482	36	148	0	
150957	482	36	148	0	
150958	482	36	148	0	
150959	482	36	148	0	
150960	482	36	148	0	
150961	482	36	148	0	
150962	482	36	148	0	
150963	482	36	148	0	
150964	482	36	148	0	
150965	482	36	148	0	
150966	482	36	148	0	
150967	482	36	148	0	
150968	482	36	148	0	
150969	482	36	148	0	
150970	482	36	148	0	
150971	482	36	148	0	
150972	480	34	150	0	
150973	478	32	151	0	
150974	476	30	152	0	
150975	474	28	153	0	
150976	472	26	154	0	
150977	470	25	155	0	
150978	472	26	154	0	
150979	470	25	155	0	
150980	469	24	156	0	
150981	468	23	157	0	
150982	467	22	158	0	
150983	466	21	159	0	
150984	465	20	160	0	
150985	464	19	160	0	
150986	463	18	160	0	
150987	462	18	160	0	
150988	462	18	160	0	
150989	462	18	160	0	
150990	462	18	160	0	
150991	462	18	160	0	
150992	462	18	160	0	
150993	462	18	160	0	
150994	462	18	160	0	
150995	462	18	160	0	
150996	462	18	160	0	
150997	462	18	160	0	
150998	462	18	160	0	
150999	462	18	160	0	
151000	462	18	160	0	
151001	462	18	160	0	
151002	462	18	160	0	
151003	462	18	160	0	
151004	462	18	160	0	
151005	462	18	160	0	
151006	462	18	160	0	
151007	462	18	160	0	
151008	462	18	160	0	
151009	462	18	160	0	
151010	462	18	160	0	
151011	462	18	160	0	
151012	462	18	160	0	
151013	462	18	160	0	
151014	462	18	160	0	
151015	462	18	160	0	
151016	462	18	160	0	
151017	462	18	160	0	
151018	462	18	160	0	
151019	462	18	160	0	
151020	462	18	160	0	
151021	462	18	160	0	
151022	462	18	160	0	
151023	462	18	160	0	
151024	462	18	160	0	
151025	462	18	160	0	
151026	462	18	160	0	
151027	462	18	160	0	
151028	462	18	160	0	
151029	462	18	160	0	
151030	462	18	160	0	
151031	462	18	160	0	
151032	461	19	162	0	
151033	460	20	163	0	
151034	459	21	164	0	
151035	458	22	165	0	
151036	457	23	166	0	
151037	456	24	167	0	
151038	456	24	168	0	
151039	456	24	169	0	
151040	456	24	170	0	
151041	456	24	171	0	
151042	456	24	172	0	
151043	456	24	172	0	
151044	456	24	172	0	
151045	456	24	172	0	
151046	456	24	172	0	
151047	456	24	172	0	
151048	456	24	172	0	
151049	456	24	172	0	
151050	456	24	172	0	
151051	456	24	172	0	
151052	456	24	172	0	
151053	456	24	172	0	
151054	456	24	172	0	
151055	456	24	172	0	
151056	456	24	172	0	
151057	456	24	172	0	
151058	456	24	172	0	
151059	456	24	172	0	
151060	456	24	172	0	
151061	456	24	172	0	
151062	456	24	172	0	
151063	456	24	172	0	
151064	456	24	172	0	
151065	456	24	172	0	
151066	456	24	172	0	
151067	456	24	172	0	
151068	456	24	172	0	
151069	456	24	172	0	
151070	456	24	172	0	
151071	457	26	170	0	
151072	458	27	168	0	
151073	458	28	167	0	
151074	457	28	168	0	
151075	456	28	169	0	
151076	456	28	170	0	
151077	456	28	171	0	
151078	456	28	172	0	
151079	456	28	172	0	
151080	456	28	172	0	
151081	456	28	172	0	
151082	456	28	172	0	
151083	456	28	172	0	
151084	456	28	172	0	
151085	456	28	172	0	
151086	456	28	172	0	
151087	456	28	172	0	
151088	456	28	172	0	
151089	456	28	172	0	
151090	456	28	172	0	
151091	456	28	172	0	
151092	456	28	172	0	
151093	456	28	172	0	
151094	456	28	172	0	
151095	456	28	172	0	
151096	456	28	172	0	
151097	456	28	172	0	
151098	456	28	172	0	
151099	456	28	172	0	
151100	456	28	172	0	
151101	456	28	172	0	
151102	456	28	172	0	
151103	456	28	172	0	
151104	456	28	172	0	
151105	456	28	172	0	
151106	456	28	172	0	
151107	456	28	172	0	
151108	456	28	172	0	
151109	456	28	172	0	
151110	456	28	172	0	
151111	456	28	172	0	
151112	456	28	172	0	
151113	456	28	172	0	
151114	456	28	172	0	
151115	456	28	172	0	
151116	456	28	172	0	
151117	456	28	172	0	
151118	456	28	172	0	
151119	456	28	172	0	
151120	456	28	172	0	
151121	456	28	172	0	
151122	456	28	172	0	
151123	456	28	172	0	
151124	456	28	172	0	
151125	456	28	172	0	
151126	456	28	172	0	
151127	456	28	172	0	
151128	456	28	172	0	
151129	456	28	172	0	
151130	456	28	172	0	
151131	456	28	172	0	
151132	456	28	172	0	
151133	456	28	172	0	
151134	456	28	172	0	
151135	456	28	172	0	
151136	456	28	172	0	
151137	456	28	172	0	
151138	456	28	172	0	
151139	456	28	172	0	
151140	456	28	172	0	
151141	456	28	172	0	
151142	456	28	172	0	
151143	456	28	172	0	
151144	456	26	171	0	
151145	456	26	172	0	
151146	456	26	172	0	
151147	456	26	172	0	
151148	456	25	171	0	
151149	456	25	172	0	
151150	456	25	172	0	
151151	456	25	172	0	
151152	456	25	172	0	
151153	456	25	172	0	
151154	456	25	172	0	
151155	456	25	172	0	
151156	456	25	172	0	
151157	456	25	172	0	
151158	456	25	172	0	
151159	456	25	172	0	
151160	456	25	172	0	
151161	456	25	172	0	
151162	456	25	172	0	
151163	456	25	172	0	
151164	456	25	172	0	
151165	456	25	172	0	
151166	456	25	172	0	
151167	456	25	172	0	
151168	456	25	172	0	
151169	456	25	172	0	
151170	456	25	172	0	
151171	456	25	172	0	
151172	456	25	172	0	
151173	456	25	172	0	
151174	456	25	172	0	
151175	456	25	172	0	
151176	456	25	172	0	
151177	456	25	172	0	
151178	456	25	172	0	
151179	456	25	172	0	
151180	456	25	172	0	
151181	456	25	172	0	
151182	456	25	172	0	
151183	456	25	172	0	
151184	456	25	172	0	
151185	456	25	172	0	
151186	456	25	172	0	
151187	456	24	171	0	
151188	456	23	170	0	
151189	456	22	169	0	
151190	456	21	168	0	
151191	456	20	168	0	
151192	456	19	168	0	
151193	456	18	168	0	
151194	456	18	168	0	
151195	456	18	168	0	
151196	456	18	168	0	
151197	456	18	168	0	
151198	456	18	168	0	
151199	456	18	168	0	
151200	456	18	168	0	
151201	456	18	168	0	
151202	456	18	168	0	
151203	456	18	168	0	
151204	456	18	168	0	
151205	456	18	168	0	
151206	456	19	169	0	
151207	456	20	170	0	
151208	456	19	169	0	
151209	456	18	168	0	
151210	456	18	168	0	
151211	456	18	168	0	
151212	456	18	168	0	
151213	456	18	168	0	
151214	456	18	168	0	
151215	456	18	168	0	
151216	456	18	168	0	
151217	456	18	168	0	
151218	456	18	168	0	
151219	456	18	168	0	
151220	456	18	168	0	
151221	456	18	168	0	
151222	456	18	168	0	
151223	456	18	168	0	
151224	456	18	168	0	
151225	456	18	168	0	
151226	456	18	168	0	
151227	456	18	168	0	
151228	456	18	168	0	
151229	456	18	168	0	
151230	456	18	168	0	
151231	456	18	168	0	
151232	456	18	168	0	
151233	456	18	168	0	
151234	456	18	168	0	
151235	456	18	168	0	
151236	456	18	168	0	
151237	456	18	168	0	
151238	456	18	168	0	
151239	456	18	168	0	
151240	456	19	169	0	
151241	457	21	167	0	
151242	456	22	168	0	
151243	456	23	169	0	
151244	456	22	168	0	
151245	456	21	168	0	
151246	456	20	168	0	
151247	456	19	168	0	
151248	456	18	168	0	
151249	456	18	168	0	
151250	456	18	168	0	
151251	456	18	168	0	
151252	456	18	168	0	
151253	456	18	168	0	
151254	456	18	168	0	
151255	456	18	168	0	
151256	456	18	168	0	
151257	456	19	169	0	
151258	456	20	170	0	
151259	457	22	168	0	
151260	458	24	167	0	
151261	458	26	166	0	
151262	458	27	165	0	
151263	458	28	164	0	
151264	458	29	163	0	
151265	458	30	162	0	
151266	457	30	163	0	
151267	456	30	164	0	
151268	456	30	165	0	
151269	456	30	166	0	
151270	456	30	167	0	
151271	456	28	167	0	
151272	456	26	167	0	
151273	456	25	167	0	
151274	456	24	167	0	
151275	456	23	167	0	
151276	457	25	166	0	
151277	458	26	165	0	
151278	457	26	166	0	
151279	456	26	167	0	
151280	456	26	168	0	
151281	456	26	169	0	
151282	456	26	170	0	
151283	456	25	169	0	
151284	457	26	167	0	
151285	457	25	167	0	
151286	457	24	167	0	
151287	458	26	166	0	
151288	457	26	167	0	
151289	458	27	166	0	
151290	458	28	165	0	
151291	458	26	165	0	
151292	458	27	164	0	
151293	458	26	164	0	
151294	458	27	163	0	
151295	458	28	162	0	
151296	458	29	161	0	
151297	458	30	160	0	
151298	458	31	159	0	
151299	458	32	158	0	
151300	458	33	158	0	
151301	458	34	158	0	
151302	458	35	158	0	
151303	458	36	158	0	
151304	458	36	158	0	
151305	458	36	158	0	
151306	458	36	158	0	
151307	458	36	158	0	
151308	458	36	158	0	
151309	458	36	158	0	
151310	458	36	158	0	
151311	458	36	158	0	
151312	458	36	158	0	
151313	458	36	158	0	
151314	458	36	158	0	
151315	458	36	158	0	
151316	458	36	158	0	
151317	458	36	158	0	
151318	458	36	158	0	
151319	458	36	158	0	
151320	458	36	158	0	
151321	458	34	159	0	
151322	458	35	158	0	
151323	458	36	158	0	
151324	458	36	158	0	
151325	458	36	158	0	
151326	458	34	160	0	
151327	458	32	160	0	
151328	458	31	162	0	
151329	458	30	163	0	
151330	458	28	163	0	
151331	457	28	164	0	
151332	458	29	163	0	
151333	458	30	162	0	
151334	457	30	163	0	
151335	457	29	164	0	
151336	458	30	163	0	
151337	458	29	164	0	
151338	458	28	165	0	
151339	458	27	166	0	
151340	458	26	167	0	
151341	458	26	168	0	
151342	458	26	169	0	
151343	458	25	168	0	
151344	458	24	168	0	
151345	458	23	168	0	
151346	458	22	168	0	
151347	458	22	168	0	
151348	458	22	168	0	
151349	458	22	168	0	
151350	458	21	168	0	
151351	458	20	168	0	
151352	458	19	168	0	
151353	457	20	169	0	
151354	457	20	170	0	
151355	457	20	171	0	
151356	457	19	170	0	
151357	457	19	171	0	
151358	457	19	172	0	
151359	457	19	172	0	
151360	457	19	172	0	
151361	457	19	172	0	
151362	457	19	172	0	
151363	456	20	172	0	
151364	456	20	172	0	
151365	456	21	172	0	
151366	456	22	172	0	
151367	456	21	171	0	
151368	456	22	172	0	
151369	456	22	172	0	
151370	456	23	172	0	
151371	456	22	171	0	
151372	456	21	170	0	
151373	456	20	169	0	
151374	456	19	168	0	
151375	456	18	168	0	
151376	456	18	168	0	
151377	456	18	168	0	
151378	456	18	169	0	
151379	456	18	168	0	
151380	456	19	169	0	
151381	456	20	170	0	
151382	456	21	171	0	
151383	456	22	172	0	
151384	456	23	172	0	
151385	456	22	171	0	
151386	456	21	170	0	
151387	456	20	169	0	
151388	456	19	168	0	
151389	456	18	168	0	
151390	456	18	168	0	
151391	456	18	168	0	
151392	456	18	168	0	
151393	456	18	168	0	
151394	456	18	168	0	
151395	456	18	168	0	
151396	456	18	168	0	
151397	456	18	168	0	
151398	456	18	168	0	
151399	456	18	169	0	
151400	456	18	170	0	
151401	456	18	171	0	
151402	456	18	170	0	
151403	456	18	169	0	
151404	456	18	168	0	
151405	456	18	168	0	
151406	456	18	168	0	
151407	456	18	168	0	
151408	456	18	168	0	
151409	456	18	168	0	
151410	456	18	168	0	
151411	456	18	168	0	
151412	456	18	168	0	
151413	456	18	168	0	
151414	456	18	168	0	
151415	456	18	168	0	
151416	456	18	168	0	
151417	456	18	168	0	
151418	456	18	168	0	
151419	456	19	169	0	
151420	456	18	168	0	
151421	456	18	168	0	
151422	456	18	168	0	
151423	456	18	168	0	
151424	456	18	168	0	
151425	456	18	168	0	
151426	456	18	168	0	
151427	456	18	168	0	
151428	456	18	168	0	
151429	456	18	168	0	
151430	456	18	168	0	
151431	456	18	168	0	
151432	456	18	168	0	
151433	456	18	168	0	
151434	456	18	168	0	
151435	456	18	168	0	
151436	456	18	168	0	
151437	456	18	168	0	
151438	456	18	168	0	
151439	456	18	168	0	
151440	456	18	168	0	
151441	456	18	168	0	
151442	456	18	168	0	
151443	456	18	168	0	
151444	456	18	168	0	
151445	456	18	168	0	
151446	456	18	168	0	
151447	456	18	168	0	
151448	456	18	168	0	
151449	456	18	168	0	
151450	456	18	168	0	
151451	456	18	168	0	
151452	456	18	168	0	
151453	456	18	168	0	
151454	456	18	168	0	
151455	456	18	168	0	
151456	456	18	168	0	
151457	456	18	168	0	
151458	456	18	168	0	
151459	456	18	168	0	
151460	456	18	168	0	
151461	457	20	167	0	
151462	458	22	166	0	
151463	458	24	165	0	
151464	458	26	164	0	
151465	458	27	163	0	
151466	458	28	162	0	
151467	458	29	161	0	
151468	458	30	160	0	
151469	457	30	162	0	
151470	458	31	161	0	
151471	457	31	162	0	
151472	456	31	163	0	
151473	456	31	164	0	
151474	456	31	165	0	
151475	456	31	166	0	
151476	456	29	166	0	
151477	456	27	166	0	
151478	456	26	166	0	
151479	456	25	166	0	
151480	456	24	166	0	
151481	456	23	166	0	
151482	456	22	166	0	
151483	456	21	166	0	
151484	456	20	166	0	
151485	456	19	166	0	
151486	456	20	167	0	
151487	456	21	168	0	
151488	456	22	169	0	
151489	456	23	170	0	
151490	456	24	171	0	
151491	456	23	170	0	
151492	456	24	171	0	
151493	456	24	172	0	
151494	456	23	171	0	
151495	456	22	170	0	
151496	456	23	171	0	
151497	456	24	172	0	
151498	456	23	171	0	
151499	456	22	170	0	
151500	456	21	169	0	
151501	456	22	170	0	
151502	456	21	169	0	
151503	456	22	170	0	
151504	456	21	169	0	
151505	456	22	170	0	
151506	456	21	169	0	
151507	456	20	168	0	
151508	456	19	168	0	
151509	456	18	168	0	
151510	456	18	168	0	
151511	456	18	168	0	
151512	456	18	168	0	
151513	456	18	168	0	
151514	456	18	168	0	
151515	456	18	168	0	
151516	456	18	168	0	
151517	456	18	168	0	
151518	456	18	168	0	
151519	456	18	168	0	
151520	456	18	168	0	
151521	456	18	168	0	
151522	456	18	168	0	
151523	456	18	168	0	
151524	456	18	168	0	
151525	456	18	168	0	
151526	456	18	168	0	
151527	456	18	168	0	
151528	456	18	168	0	
151529	456	18	168	0	
151530	456	18	168	0	
151531	456	18	168	0	
151532	456	18	168	0	
151533	456	18	168	0	
151534	456	18	168	0	
151535	456	18	168	0	
151536	456	18	168	0	
151537	456	18	168	0	
151538	456	18	168	0	
151539	456	18	168	0	
151540	456	18	168	0	
151541	456	18	168	0	
151542	457	20	167	0	
151543	457	20	168	0	
151544	457	20	169	0	
151545	457	20	170	0	
151546	457	20	171	0	
151547	457	20	172	0	
151548	457	20	172	0	
151549	457	20	172	0	
151550	458	22	170	0	
151551	458	24	168	0	
151552	458	26	167	0	
151553	458	27	166	0	
151554	458	28	165	0	
151555	458	29	164	0	
151556	458	30	163	0	
151557	457	30	164	0	
151558	457	30	164	0	
151559	457	30	164	0	
151560	458	31	163	0	
151561	458	32	162	0	
151562	458	33	161	0	
151563	458	34	160	0	
151564	461	35	158	0	
151565	461	33	159	0	
151566	464	34	157	0	
151567	463	33	159	0	
151568	465	34	157	0	
151569	467	35	156	0	
151570	469	36	155	0	
151571	471	36	154	0	
151572	473	36	153	0	
151573	474	36	152	0	
151574	475	36	151	0	
151575	476	36	150	0	
151576	477	36	149	0	
151577	478	36	148	0	
151578	479	36	148	0	
151579	480	36	148	0	
151580	480	35	147	0	
151581	481	36	147	0	
151582	481	36	146	0	
151583	481	36	145	0	
151584	480	34	147	0	
151585	478	32	149	0	
151586	478	31	150	0	
151587	478	30	151	0	
151588	477	30	151	0	
151589	476	30	151	0	
151590	476	29	152	0	
151591	475	28	152	0	
151592	476	28	151	0	
151593	475	28	151	0	
151594	474	28	151	0	
151595	473	28	151	0	
151596	472	27	152	0	
151597	470	26	153	0	
151598	469	26	155	0	
151599	467	26	157	0	
151600	469	27	156	0	
151601	467	27	158	0	
151602	465	27	160	0	
151603	464	27	162	0	
151604	463	27	163	0	
151605	462	26	163	0	
151606	462	25	163	0	
151607	464	26	161	0	
151608	463	25	161	0	
151609	462	24	161	0	
151610	461	24	162	0	
151611	461	23	162	0	
151612	461	22	162	0	
151613	461	21	162	0	
151614	461	20	162	0	
151615	461	19	162	0	
151616	461	18	162	0	
151617	461	18	162	0	
151618	461	18	162	0	
151619	461	18	162	0	
151620	461	18	162	0	
151621	461	18	162	0	
151622	461	18	162	0	
151623	461	18	162	0	
151624	461	18	162	0	
151625	461	18	162	0	
151626	461	18	162	0	
151627	461	18	162	0	
151628	461	18	162	0	
151629	461	18	162	0	
151630	461	18	162	0	
151631	461	18	162	0	
151632	460	19	163	0	
151633	459	20	164	0	
151634	459	19	164	0	
151635	459	18	164	0	
151636	459	18	164	0	
151637	459	18	164	0	
151638	459	18	164	0	
151639	459	18	164	0	
151640	459	18	164	0	
151641	459	18	164	0	
151642	459	18	164	0	
151643	459	18	164	0	
151644	459	18	164	0	
151645	458	19	165	0	
151646	457	20	166	0	
151647	456	21	167	0	
151648	456	22	168	0	
151649	456	23	169	0	
151650	456	22	168	0	
151651	456	23	169	0	
151652	456	24	170	0	
151653	456	24	171	0	
151654	456	24	172	0	
151655	456	24	172	0	
151656	456	23	171	0	
151657	456	22	170	0	
151658	456	21	169	0	
151659	456	20	168	0	
151660	456	21	168	0	
151661	456	20	168	0	
151662	456	19	168	0	
151663	456	18	168	0	
151664	456	18	168	0	
151665	456	18	168	0	
151666	456	18	168	0	
151667	456	18	168	0	
151668	456	18	168	0	
151669	456	18	168	0	
151670	456	18	168	0	
151671	456	18	168	0	
151672	456	18	168	0	
151673	456	18	168	0	
151674	456	18	168	0	
151675	456	18	168	0	
151676	456	18	168	0	
151677	456	18	168	0	
151678	456	19	169	0	
151679	456	20	170	0	
151680	456	21	171	0	
151681	456	22	172	0	
151682	456	23	172	0	
151683	456	23	172	0	
151684	456	23	172	0	
151685	456	23	172	0	
151686	456	23	172	0	
151687	456	23	172	0	
151688	456	23	172	0	
151689	456	23	172	0	
151690	456	23	172	0	
151691	456	23	172	0	
151692	456	23	172	0	
151693	456	23	172	0	
151694	456	23	172	0	
151695	456	23	172	0	
151696	456	23	172	0	
151697	455	22	172	0	
151698	455	22	172	0	
151699	455	22	172	0	
151700	455	22	172	0	
151701	455	21	172	0	
151702	455	21	171	0	
151703	455	20	171	0	
151704	455	20	170	0	
151705	455	19	170	0	
151706	455	19	169	0	
151707	455	18	168	0	
151708	455	17	168	0	
151709	454	16	168	0	
151710	453	16	167	0	
151711	453	16	166	0	
151712	453	16	165	0	
151713	452	16	164	0	
151714	452	16	163	0	
151715	452	16	162	0	
151716	452	16	161	0	
151717	452	15	160	0	
151718	452	15	159	0	
151719	451	15	158	0	
151720	450	14	157	0	
151721	450	14	156	0	
151722	450	14	155	0	
151723	450	14	154	0	
151724	450	14	153	0	
151725	450	14	152	0	
151726	450	14	151	0	
151727	450	14	150	0	
151728	450	14	149	0	
151729	450	14	148	0	
151730	449	14	147	0	
151731	448	14	146	0	
151732	448	14	145	0	
151733	447	14	145	0	
151734	446	13	145	0	
151735	446	12	145	0	
151736	445	11	145	0	
151737	444	10	145	0	
151738	443	9	145	0	
151739	442	9	145	0	
151740	441	8	145	0	
151741	440	7	145	0	
151742	439	7	144	0	
151743	438	6	144	0	
151744	438	5	144	0	
151745	437	4	144	0	
151746	436	4	144	0	
151747	435	3	144	0	
151748	434	3	143	0	
151749	433	3	142	0	
151794	481	35	153	0	
151795	481	35	153	0	
151796	481	35	153	0	
151797	481	35	153	0	
151798	482	36	152	0	
151799	481	36	151	0	
151800	480	36	151	0	
151801	479	34	152	0	
151802	478	34	151	0	
151803	477	34	150	0	
151804	477	33	151	0	
151805	477	32	152	0	
151806	477	33	153	0	
151807	477	34	154	0	
151808	477	35	155	0	
151809	477	36	156	0	
151810	477	37	157	0	
151811	477	38	158	0	
151812	478	38	157	0	
151813	478	38	158	0	
151814	479	38	157	0	
151815	478	38	158	0	
151816	479	38	157	0	
151817	480	38	156	0	
151818	481	38	155	0	
151819	482	38	154	0	
151820	482	38	153	0	
151821	482	38	152	0	
151822	482	38	151	0	
151823	482	38	150	0	
151824	482	38	149	0	
151825	482	38	148	0	
151826	482	38	148	0	
151827	482	38	148	0	
151828	482	38	148	0	
151829	482	38	148	0	
151830	482	38	148	0	
151831	482	38	148	0	
151832	481	38	150	0	
151833	481	38	150	0	
151834	481	38	150	0	
151835	481	38	150	0	
151836	481	38	150	0	
151837	481	38	150	0	
151838	481	38	150	0	
151839	481	38	150	0	
151840	481	38	150	0	
151841	481	38	150	0	
151842	481	38	150	0	
151843	481	38	150	0	
151844	481	38	150	0	
151845	481	38	150	0	
151846	481	38	150	0	
151847	481	38	150	0	
151848	481	38	149	0	
151849	481	37	148	0	
151850	482	37	148	0	
151851	482	37	147	0	
151852	482	36	147	0	
151853	481	35	147	0	
151854	481	35	146	0	
151855	478	34	149	0	
151856	477	33	149	0	
151857	478	34	148	0	
151858	479	35	148	0	
151859	478	35	148	0	
151860	477	35	148	0	
151861	476	34	148	0	
151862	477	34	148	0	
151863	477	34	148	0	
151864	477	34	148	0	
151865	477	34	148	0	
151866	477	34	148	0	
151867	476	33	148	0	
151868	475	32	148	0	
151869	474	31	148	0	
151870	473	30	148	0	
151871	472	29	148	0	
151872	472	28	148	0	
151873	471	27	148	0	
151874	470	26	148	0	
151875	469	26	147	0	
151876	469	25	147	0	
151877	469	25	146	0	
151878	469	25	145	0	
151879	469	25	144	0	
151880	469	25	143	0	
151881	468	25	146	0	
151882	469	26	146	0	
151883	471	27	146	0	
151884	473	28	146	0	
151885	474	29	146	0	
151886	472	28	149	0	
151887	471	27	152	0	
151888	473	28	151	0	
151889	474	29	150	0	
151890	472	28	153	0	
151891	471	27	155	0	
151892	470	26	157	0	
151893	471	27	156	0	
151894	472	28	155	0	
151895	471	27	157	0	
151896	471	26	156	0	
151897	471	25	156	0	
151898	471	24	155	0	
151899	470	24	157	0	
151900	470	23	157	0	
151901	470	22	156	0	
151902	470	21	155	0	
151903	469	21	157	0	
151904	469	20	156	0	
151905	469	19	156	0	
151906	469	18	156	0	
151907	469	18	155	0	
151908	469	17	155	0	
151909	469	16	154	0	
151910	469	15	153	0	
151911	469	14	152	0	
151912	469	13	152	0	
151913	469	12	152	0	
151914	469	11	152	0	
151915	469	11	151	0	
151916	469	10	150	0	
151917	469	9	149	0	
151918	469	8	149	0	
151919	469	7	148	0	
151920	469	6	148	0	
151921	469	5	148	0	
151922	471	8	148	0	
151923	471	7	148	0	
151924	471	7	147	0	
151925	471	7	146	0	
151926	471	7	145	0	
151927	473	9	145	0	
151928	472	9	145	0	
151929	471	9	144	0	
151930	470	9	143	0	
151931	469	9	142	0	
151932	471	11	142	0	
151933	470	11	142	0	
151934	469	11	141	0	
151935	468	11	140	0	
151936	467	11	140	0	
151937	466	10	140	0	
151938	465	10	140	0	
151939	464	9	140	0	
151940	463	8	140	0	
151941	462	8	139	0	
151942	461	7	139	0	
151943	460	6	139	0	
151944	459	6	139	0	
151945	458	5	139	0	
151946	457	5	138	0	
151947	456	4	138	0	
151948	455	3	138	0	
151949	454	2	138	0	
151950	453	2	138	0	
151951	452	1	138	0	
151952	451	0	138	0	
151953	450	0	138	0	
151954	452	2	141	0	
151955	454	4	143	0	
151956	453	3	143	0	
151957	455	5	145	0	
151958	457	6	147	0	
151959	459	7	149	0	
151960	460	8	150	0	
151961	461	9	151	0	
151962	462	10	152	0	
151963	463	11	153	0	
151964	464	12	154	0	
151965	465	13	155	0	
151966	466	14	156	0	
151967	467	15	157	0	
151968	468	16	158	0	
151969	468	16	159	0	
151970	468	16	160	0	
151971	468	16	160	0	
151972	468	16	160	0	
151973	468	16	160	0	
151974	468	16	160	0	
151975	468	16	160	0	
151976	467	16	159	0	
151977	466	16	159	0	
151978	465	16	158	0	
151979	464	16	157	0	
151980	463	16	156	0	
151981	462	16	155	0	
151982	461	16	154	0	
151983	460	16	153	0	
151984	459	16	152	0	
151985	458	16	152	0	
151986	457	16	152	0	
151987	456	16	151	0	
151988	455	16	151	0	
151989	454	16	151	0	
151990	453	16	151	0	
151991	452	16	151	0	
151992	451	16	151	0	
151993	450	16	151	0	
151994	449	16	150	0	
151995	448	16	150	0	
151996	450	16	151	0	
151997	449	16	151	0	
151998	453	18	150	0	
151999	456	20	149	0	
152000	459	22	148	0	
152001	460	22	150	0	
152002	461	22	151	0	
152003	462	22	152	0	
152004	464	24	151	0	
152005	466	26	150	0	
152006	468	27	149	0	
152007	470	28	148	0	
152008	472	29	148	0	
152009	473	30	148	0	
152010	473	29	150	0	
152011	473	28	151	0	
152012	473	27	152	0	
152013	473	26	153	0	
152014	473	25	154	0	
152015	473	24	155	0	
152016	472	24	154	0	
152017	472	24	153	0	
152018	472	24	152	0	
152019	472	24	151	0	
152020	472	24	150	0	
152021	471	24	149	0	
152022	471	24	148	0	
152023	471	23	147	0	
152024	471	23	146	0	
152025	471	25	148	0	
152026	471	27	150	0	
152027	471	29	151	0	
152028	471	30	152	0	
152029	471	31	153	0	
152030	471	32	154	0	
152031	471	33	155	0	
152032	471	34	156	0	
152033	471	35	157	0	
152034	468	19	173	0	
152035	468	21	172	0	
152036	465	7	185	0	
152037	464	7	184	0	
152038	463	7	183	0	
152039	462	7	182	0	
152040	461	7	181	0	
152041	460	7	180	0	
152042	459	7	179	0	
152043	460	11	178	0	
152044	461	14	177	0	
152045	460	14	176	0	
152046	459	14	175	0	
152047	458	13	175	0	
152048	457	12	175	0	
152049	457	12	174	0	
152050	459	15	173	0	
152051	459	15	172	0	
152052	459	14	172	0	
152053	461	16	170	0	
152054	463	18	168	0	
152055	465	20	166	0	
152056	467	22	165	0	
152057	465	23	166	0	
152058	465	22	166	0	
152059	464	23	167	0	
152060	464	22	167	0	
152061	464	22	166	0	
152062	464	21	166	0	
152063	466	22	165	0	
152064	468	23	164	0	
152065	469	24	163	0	
152066	470	25	162	0	
152067	471	26	161	0	
152068	472	27	160	0	
152069	473	28	159	0	
152070	474	29	158	0	
152071	469	26	163	0	
152072	469	25	163	0	
152073	470	26	162	0	
152074	471	27	161	0	
152075	472	28	160	0	
152076	472	28	159	0	
152077	472	28	158	0	
152078	472	28	157	0	
152079	472	27	157	0	
152080	472	26	157	0	
152081	472	25	157	0	
152082	472	24	156	0	
152083	472	24	155	0	
152084	470	23	156	0	
152085	468	24	158	0	
152086	466	24	160	0	
152087	465	24	162	0	
152088	464	24	163	0	
152089	463	24	164	0	
152090	462	24	165	0	
152091	461	24	166	0	
152092	460	24	167	0	
152093	459	24	168	0	
152094	458	24	169	0	
152095	458	23	168	0	
152096	457	24	169	0	
152097	456	24	170	0	
152098	456	23	169	0	
152099	456	22	168	0	
152100	456	23	169	0	
152101	456	22	168	0	
152102	456	21	168	0	
152103	456	22	169	0	
152104	456	23	170	0	
152105	456	24	171	0	
152106	456	24	172	0	
152107	456	23	171	0	
152108	456	22	170	0	
152109	456	21	169	0	
152110	456	20	168	0	
152111	456	19	168	0	
152112	456	18	168	0	
152113	456	18	168	0	
152114	456	18	168	0	
152115	456	18	168	0	
152116	456	19	169	0	
152117	456	20	170	0	
152118	456	21	171	0	
152119	456	22	172	0	
152120	456	23	172	0	
152121	456	24	172	0	
152122	456	24	172	0	
152123	459	26	169	0	
152124	458	26	170	0	
152125	457	26	171	0	
152126	456	26	172	0	
152127	456	26	172	0	
152128	456	26	172	0	
152129	456	26	172	0	
152130	459	27	169	0	
152131	458	27	170	0	
152132	460	28	167	0	
152133	462	28	165	0	
152134	464	29	163	0	
152135	466	30	161	0	
152136	468	30	159	0	
152137	469	30	157	0	
152138	470	30	156	0	
152139	471	30	155	0	
152140	472	30	154	0	
152141	473	30	153	0	
152142	474	31	152	0	
152143	472	31	154	0	
152144	473	32	153	0	
152145	474	33	152	0	
152146	475	34	151	0	
152147	476	35	150	0	
152148	477	36	149	0	
152149	474	35	152	0	
152150	472	34	154	0	
152151	470	33	156	0	
152152	468	32	158	0	
152153	466	32	160	0	
152154	465	32	162	0	
152155	464	32	163	0	
152156	463	32	164	0	
152157	462	32	165	0	
152158	461	32	166	0	
152159	460	32	167	0	
152160	459	32	168	0	
152161	458	32	169	0	
152162	457	32	170	0	
152163	456	32	171	0	
152164	456	32	172	0	
152165	456	32	172	0	
152166	456	32	172	0	
152167	456	32	172	0	
152168	456	32	172	0	
152169	456	32	172	0	
152170	456	32	172	0	
152171	456	32	172	0	
152172	456	32	172	0	
152173	456	32	172	0	
152174	456	32	172	0	
152175	456	31	172	0	
152176	456	30	172	0	
152177	456	29	172	0	
152178	456	29	172	0	
152179	456	28	172	0	
152180	456	28	172	0	
152181	456	26	171	0	
152182	456	26	172	0	
152183	456	26	172	0	
152184	456	26	172	0	
152185	456	25	171	0	
152186	456	25	172	0	
152187	456	25	172	0	
152188	456	25	172	0	
152189	456	25	172	0	
152190	456	25	172	0	
152191	456	25	172	0	
152192	456	25	172	0	
152193	456	25	172	0	
152194	456	25	172	0	
152195	456	24	171	0	
152196	456	24	172	0	
152197	456	24	172	0	
152198	456	23	171	0	
152199	456	22	170	0	
152200	456	21	169	0	
152201	456	22	170	0	
152202	456	23	171	0	
152203	456	24	172	0	
152204	456	23	171	0	
152205	456	24	172	0	
152206	456	23	171	0	
152207	456	22	170	0	
152208	456	21	169	0	
152209	456	20	168	0	
152210	456	21	169	0	
152211	456	22	170	0	
152212	456	23	171	0	
152213	456	24	172	0	
152214	456	24	172	0	
152215	456	24	172	0	
152216	459	26	169	0	
152217	462	27	166	0	
152218	464	28	164	0	
152219	466	29	162	0	
152220	468	30	160	0	
152221	466	30	162	0	
152222	465	30	163	0	
152223	464	30	164	0	
152224	463	30	165	0	
152225	462	30	166	0	
152226	461	30	167	0	
152227	460	30	168	0	
152228	459	30	169	0	
152229	458	30	170	0	
152230	458	28	171	0	
152231	458	26	172	0	
152232	458	25	172	0	
152233	458	24	172	0	
152234	458	23	172	0	
152235	458	22	172	0	
152236	458	21	172	0	
152237	458	20	172	0	
152238	458	19	172	0	
152239	457	18	172	0	
152240	457	17	172	0	
152241	457	17	171	0	
152242	457	17	170	0	
152243	456	17	169	0	
152244	455	17	168	0	
152245	454	17	167	0	
152246	453	17	166	0	
152247	452	17	165	0	
152248	451	18	164	0	
152249	450	19	162	0	
152250	450	20	160	0	
152251	450	22	158	0	
152252	450	23	156	0	
152253	450	25	154	0	
152254	450	27	152	0	
152255	450	28	150	0	
152256	450	29	148	0	
152257	450	30	146	0	
152258	450	31	145	0	
152259	449	31	144	0	
152260	453	33	144	0	
152261	457	34	144	0	
152262	456	34	144	0	
152263	455	34	144	0	
152264	454	34	144	0	
152265	453	34	143	0	
152266	452	34	142	0	
152267	452	34	141	0	
152268	452	34	140	0	
152269	452	34	139	0	
152270	452	34	138	0	
152271	452	34	137	0	
152272	453	34	136	0	
152273	455	35	139	0	
152274	457	36	142	0	
152275	459	37	144	0	
152276	459	36	143	0	
152277	459	35	143	0	
152278	459	34	143	0	
152279	459	33	143	0	
152280	459	32	143	0	
152281	459	31	142	0	
152282	459	30	142	0	
152283	459	29	142	0	
152284	459	28	142	0	
152285	459	27	142	0	
152286	459	26	142	0	
152287	459	25	141	0	
152288	459	25	140	0	
152289	462	27	140	0	
152290	463	26	139	0	
152291	464	25	138	0	
152292	465	24	137	0	
152293	466	23	136	0	
152294	467	23	135	0	
152295	468	22	134	0	
152296	468	21	134	0	
152297	468	20	134	0	
152298	468	19	134	0	
152299	468	18	133	0	
152300	468	17	133	0	
152301	468	16	133	0	
152302	468	15	133	0	
152303	468	14	133	0	
152304	468	13	132	0	
152305	468	12	132	0	
152306	468	11	132	0	
152307	468	10	132	0	
152308	468	9	132	0	
152309	467	8	132	0	
152310	466	7	132	0	
152311	465	6	132	0	
152312	464	5	131	0	
152313	463	4	131	0	
152314	462	4	131	0	
152315	461	4	131	0	
152316	460	3	131	0	
152317	459	2	131	0	
152318	458	2	130	0	
152319	457	1	130	0	
152320	457	0	130	0	
152321	457	0	130	0	
152322	457	0	130	0	
152323	457	0	130	0	
152324	457	0	130	0	
152325	457	0	130	0	
152326	457	0	130	0	
152327	457	0	130	0	
152328	457	0	130	0	
152329	457	0	129	0	
152330	457	0	128	0	
152331	457	0	127	0	
152332	457	0	126	0	
152333	457	0	125	0	
152334	457	0	124	0	
152335	457	0	123	0	
152336	456	0	122	0	
152337	455	0	122	0	
152338	454	0	122	0	
152385	473	43	164	0	
152386	473	43	164	0	
152387	473	43	164	0	
152388	473	43	164	0	
152389	473	43	164	0	
152390	472	43	164	0	
152391	472	43	164	0	
152392	472	43	164	0	
152393	474	44	162	0	
152394	476	44	160	0	
152395	477	44	158	0	
152396	478	44	157	0	
152397	479	44	156	0	
152398	480	44	155	0	
152399	481	44	154	0	
152400	482	44	153	0	
152401	481	44	154	0	
152402	481	44	153	0	
152403	481	44	152	0	
152404	481	44	151	0	
152405	481	44	150	0	
152406	480	44	151	0	
152407	479	44	152	0	
152408	478	44	153	0	
152409	478	44	154	0	
152410	479	44	153	0	
152411	480	44	152	0	
152412	480	43	152	0	
152413	480	42	151	0	
152414	480	41	150	0	
152415	480	41	149	0	
152416	480	40	149	0	
152417	480	39	148	0	
152418	480	38	148	0	
152419	480	37	147	0	
152420	480	37	146	0	
152421	480	36	145	0	
152422	480	35	144	0	
152423	480	35	143	0	
152424	480	35	142	0	
152425	480	35	141	0	
152426	480	35	140	0	
152427	480	35	139	0	
152428	480	35	138	0	
152429	480	35	137	0	
152430	480	35	136	0	
152431	479	35	135	0	
152432	478	35	135	0	
152433	477	34	135	0	
152434	477	33	134	0	
152435	477	33	133	0	
152436	477	33	132	0	
152437	476	33	132	0	
152438	475	32	132	0	
152439	474	32	131	0	
152440	473	32	131	0	
152441	472	31	131	0	
152442	471	30	131	0	
152443	471	30	130	0	
152444	470	30	130	0	
152445	470	29	130	0	
152446	469	28	130	0	
152447	468	28	129	0	
152448	468	28	128	0	
152449	467	28	128	0	
152450	466	28	127	0	
152451	465	28	127	0	
152452	464	28	126	0	
152453	463	28	126	0	
152454	462	28	126	0	
152455	461	28	125	0	
152456	461	28	124	0	
152457	461	28	123	0	
152458	460	28	122	0	
152459	459	28	122	0	
152460	458	27	122	0	
152543	473	20	164	0	
152544	473	20	164	0	
152545	473	20	164	0	
152546	473	20	164	0	
152547	472	20	163	0	
152548	471	20	163	0	
152549	470	20	163	0	
152550	469	19	163	0	
152551	468	19	162	0	
152552	468	19	161	0	
152553	468	19	160	0	
152554	467	19	159	0	
152555	466	19	158	0	
152556	466	19	157	0	
152557	466	19	156	0	
152558	465	19	156	0	
152559	464	19	156	0	
152560	463	19	156	0	
152561	462	18	156	0	
152562	464	20	156	0	
152563	465	22	157	0	
152564	463	21	158	0	
152565	465	23	158	0	
152566	466	25	159	0	
152567	468	26	158	0	
152568	470	28	158	0	
152569	469	27	160	0	
152570	468	27	160	0	
152571	467	26	162	0	
152572	466	26	163	0	
152573	468	28	162	0	
152574	467	27	162	0	
152575	468	29	160	0	
152576	467	29	159	0	
152577	466	29	159	0	
152578	465	30	160	0	
152579	464	31	160	0	
152580	464	32	160	0	
152581	464	33	160	0	
152582	464	34	160	0	
152583	464	34	160	0	
152584	464	34	160	0	
152585	464	34	160	0	
152586	463	34	160	0	
152587	464	35	160	0	
152588	463	35	160	0	
152589	462	35	160	0	
152590	464	36	158	0	
152591	466	36	157	0	
152592	468	37	156	0	
152593	469	38	155	0	
152594	471	38	154	0	
152595	470	38	155	0	
152596	471	38	155	0	
152597	470	38	156	0	
152598	469	38	157	0	
152599	468	38	158	0	
152600	467	38	159	0	
152601	466	38	160	0	
152602	465	38	160	0	
152603	464	38	160	0	
152604	463	38	160	0	
152605	462	38	160	0	
152606	462	38	160	0	
152607	462	38	160	0	
152608	462	38	160	0	
152609	462	38	160	0	
152610	462	38	160	0	
152611	462	38	160	0	
152612	462	38	160	0	
152613	462	38	160	0	
152614	462	38	160	0	
152615	462	38	160	0	
152616	462	38	160	0	
152617	462	39	162	0	
152618	462	38	162	0	
152619	462	39	163	0	
152620	462	38	163	0	
152621	462	39	164	0	
152622	462	38	164	0	
152623	462	38	164	0	
152624	464	38	163	0	
152625	466	38	162	0	
152626	468	38	161	0	
152627	467	37	161	0	
152628	468	38	161	0	
152629	468	38	161	0	
152630	468	38	161	0	
152631	468	38	161	0	
152632	468	38	161	0	
152633	468	38	161	0	
152634	468	38	161	0	
152635	468	38	161	0	
152636	468	38	161	0	
152637	468	38	161	0	
152638	467	38	160	0	
152639	466	37	160	0	
152640	466	37	159	0	
152641	465	37	158	0	
152642	465	37	157	0	
152643	464	37	156	0	
152644	465	38	157	0	
152645	466	38	158	0	
152646	467	38	159	0	
152647	468	38	160	0	
152648	468	38	160	0	
152649	468	38	160	0	
152650	468	38	160	0	
152651	468	38	160	0	
152652	468	38	160	0	
152653	468	38	160	0	
152654	468	38	160	0	
152655	468	38	160	0	
152656	468	38	160	0	
152657	468	38	159	0	
152658	468	38	158	0	
152659	468	38	157	0	
152660	468	38	156	0	
152661	467	38	155	0	
152662	467	38	154	0	
152663	468	38	155	0	
152664	468	38	154	0	
152665	467	38	153	0	
152666	467	38	152	0	
152667	466	38	151	0	
152668	465	38	150	0	
152669	464	38	150	0	
152670	464	38	149	0	
152671	464	38	148	0	
152672	463	37	148	0	
152673	463	37	147	0	
152674	463	37	146	0	
152675	462	37	145	0	
152676	461	37	145	0	
152677	461	37	144	0	
152678	460	37	143	0	
152679	459	37	142	0	
152680	458	37	142	0	
152681	457	37	142	0	
152682	456	37	141	0	
152683	456	37	140	0	
152684	455	37	139	0	
152685	455	37	138	0	
152686	454	37	137	0	
152687	454	37	136	0	
152688	453	36	136	0	
152689	452	35	136	0	
152690	452	35	135	0	
152691	455	37	137	0	
152692	454	37	137	0	
152693	453	37	136	0	
152694	452	36	136	0	
152695	451	35	136	0	
152696	450	35	135	0	
152697	449	34	135	0	
152698	449	34	134	0	
152699	448	34	133	0	
152700	452	36	135	0	
152701	455	38	137	0	
152702	454	38	137	0	
152703	453	38	136	0	
152704	452	38	135	0	
152705	451	38	134	0	
152706	450	38	134	0	
152707	449	38	133	0	
152708	448	38	133	0	
152709	452	40	134	0	
152710	455	42	135	0	
152711	458	44	136	0	
152712	461	45	137	0	
152713	464	46	138	0	
152714	466	47	138	0	
152715	468	48	138	0	
152716	470	49	138	0	
152717	472	50	138	0	
152718	473	51	138	0	
152719	474	52	138	0	
152720	475	52	140	0	
152721	476	52	141	0	
152722	477	52	142	0	
152723	477	52	143	0	
152724	477	52	144	0	
152725	477	51	146	0	
152726	477	50	148	0	
152727	477	49	150	0	
152728	477	48	151	0	
152729	477	48	152	0	
152730	477	48	153	0	
152731	477	48	154	0	
152732	477	48	155	0	
152733	477	47	155	0	
152734	477	47	156	0	
152735	477	47	157	0	
152736	477	47	158	0	
152737	477	47	159	0	
152738	477	47	160	0	
152739	477	47	160	0	
152740	477	47	160	0	
152741	477	47	160	0	
152742	477	47	160	0	
152743	477	47	160	0	
152744	477	47	160	0	
152745	477	47	160	0	
152746	475	46	160	0	
152747	475	46	160	0	
152748	473	45	160	0	
152749	471	44	160	0	
152750	470	43	160	0	
152751	469	42	160	0	
152752	468	41	160	0	
152753	467	40	160	0	
152754	466	39	160	0	
152755	465	38	160	0	
152756	464	38	160	0	
152757	465	38	160	0	
152758	466	38	160	0	
152759	467	38	160	0	
152760	468	38	160	0	
152761	468	38	160	0	
152762	468	38	160	0	
152763	467	38	160	0	
152764	468	38	159	0	
152765	469	38	158	0	
152766	470	38	158	0	
152767	471	38	158	0	
152768	472	38	158	0	
152769	473	38	158	0	
152770	474	38	158	0	
152771	475	38	158	0	
152772	476	38	158	0	
152773	477	38	158	0	
152774	478	38	158	0	
152775	479	38	157	0	
152776	479	38	156	0	
152777	480	38	155	0	
152778	480	37	155	0	
152779	480	36	155	0	
152780	480	35	155	0	
152781	480	35	154	0	
152782	480	34	154	0	
152783	480	33	154	0	
152784	480	32	154	0	
152785	480	31	154	0	
152786	480	30	154	0	
152787	480	29	154	0	
152788	480	28	154	0	
152789	480	28	153	0	
152790	480	28	152	0	
152791	480	28	151	0	
152792	480	28	150	0	
152793	480	28	149	0	
152794	479	28	148	0	
152795	478	28	147	0	
152796	477	28	146	0	
152797	476	28	145	0	
152798	475	28	144	0	
152799	474	28	143	0	
152800	473	28	142	0	
152801	472	28	141	0	
152802	472	28	140	0	
152803	471	28	139	0	
152804	470	28	138	0	
152805	469	28	137	0	
152806	468	28	136	0	
152807	467	28	135	0	
152808	467	28	134	0	
152809	467	28	133	0	
152810	467	28	132	0	
152811	467	28	131	0	
152812	467	28	130	0	
152813	467	28	129	0	
152814	467	28	128	0	
152815	467	28	127	0	
152816	467	28	126	0	
152817	467	28	125	0	
152818	467	28	124	0	
152819	467	28	123	0	
152820	466	28	122	0	
152821	465	28	121	0	
152822	465	28	120	0	
152823	464	28	119	0	
153155	473	43	164	0	
153156	473	43	164	0	
153157	473	43	164	0	
153158	474	43	162	0	
153159	475	42	160	0	
153160	476	41	158	0	
153161	475	41	158	0	
153162	474	41	158	0	
153163	473	41	158	0	
153164	472	39	160	0	
153165	471	39	159	0	
153166	470	37	161	0	
153167	469	35	162	0	
153168	466	36	161	0	
153169	464	36	160	0	
153170	462	36	159	0	
153171	460	36	158	0	
153172	457	35	160	0	
153173	454	34	162	0	
153174	452	33	163	0	
153175	450	32	164	0	
153176	448	31	165	0	
153177	447	30	166	0	
153178	446	29	167	0	
153179	445	28	168	0	
153180	444	27	169	0	
153181	443	26	170	0	
153182	442	26	171	0	
153183	441	26	172	0	
153184	440	26	171	0	
153185	439	28	170	0	
153186	437	29	171	0	
153187	436	30	170	0	
153188	435	31	169	0	
153189	434	31	167	0	
153190	433	32	167	0	
153191	432	32	166	0	
153192	432	33	166	0	
153193	432	34	166	0	
153194	432	35	166	0	
153195	432	36	166	0	
153196	432	37	166	0	
153197	432	38	166	0	
153198	432	38	166	0	
153199	432	38	166	0	
153200	432	38	166	0	
153201	432	38	166	0	
153202	432	38	166	0	
153203	432	38	166	0	
153204	432	38	166	0	
153205	432	38	166	0	
153206	432	38	166	0	
153207	431	37	165	0	
153208	431	38	165	0	
153209	431	38	165	0	
153210	431	38	165	0	
153211	431	38	165	0	
153212	431	38	165	0	
153213	431	38	165	0	
153214	431	38	165	0	
153215	431	38	165	0	
153216	431	38	165	0	
153217	431	38	165	0	
153218	431	38	165	0	
153219	431	38	165	0	
153220	431	38	165	0	
153221	431	38	165	0	
153222	431	38	165	0	
153223	431	38	165	0	
153224	431	38	165	0	
153225	431	38	165	0	
153226	431	38	165	0	
153227	431	37	164	0	
153228	431	38	164	0	
153229	431	37	163	0	
153230	431	38	163	0	
153231	431	38	163	0	
153232	431	38	163	0	
153233	429	37	166	0	
153234	428	36	168	0	
153235	427	35	170	0	
153236	426	34	172	0	
153237	425	34	174	0	
153238	427	35	172	0	
153239	428	36	170	0	
153240	430	37	169	0	
153241	432	38	168	0	
153242	434	38	168	0	
153243	436	38	168	0	
153244	437	38	168	0	
153245	438	38	168	0	
153246	438	38	167	0	
153247	439	38	167	0	
153248	440	38	167	0	
153249	441	38	167	0	
153250	442	38	167	0	
153251	443	38	167	0	
153252	444	38	167	0	
153253	446	38	166	0	
153254	448	38	165	0	
153255	449	38	164	0	
153256	450	38	163	0	
153257	451	36	164	0	
153258	452	34	165	0	
153259	453	35	164	0	
153260	454	36	163	0	
153261	455	36	162	0	
153262	456	36	161	0	
153263	456	34	162	0	
153264	456	33	163	0	
153265	456	32	164	0	
153266	457	33	163	0	
153267	457	32	164	0	
153268	457	31	165	0	
153269	457	30	166	0	
153270	458	31	165	0	
153271	458	31	165	0	
153272	458	31	165	0	
153273	458	31	165	0	
153274	458	31	165	0	
153275	458	32	164	0	
153276	458	33	163	0	
153277	458	34	162	0	
153278	458	35	161	0	
153279	458	36	160	0	
153280	458	36	159	0	
153281	456	37	160	0	
153282	454	38	160	0	
153283	453	39	160	0	
153284	451	38	160	0	
153285	450	39	160	0	
153286	449	38	160	0	
153287	448	38	160	0	
153288	447	38	160	0	
153289	446	38	160	0	
153290	445	38	160	0	
153291	444	38	160	0	
153292	444	39	160	0	
153293	443	38	160	0	
153294	442	38	160	0	
153295	441	38	160	0	
153296	441	38	160	0	
153297	443	38	160	0	
153298	442	38	160	0	
153299	444	38	160	0	
153300	445	38	160	0	
153301	446	38	160	0	
153302	447	38	160	0	
153303	448	38	160	0	
153304	449	38	160	0	
153305	450	38	160	0	
153306	451	38	159	0	
153307	452	38	158	0	
153308	453	38	158	0	
153309	454	38	158	0	
153310	455	38	158	0	
153311	456	38	158	0	
153312	457	38	158	0	
153313	458	38	158	0	
153314	459	38	158	0	
153315	460	38	158	0	
153316	460	38	159	0	
153317	460	38	160	0	
153318	460	38	159	0	
153319	460	38	158	0	
153320	460	38	159	0	
153321	460	38	160	0	
153322	460	38	160	0	
153323	460	38	160	0	
153324	460	38	160	0	
153325	460	38	160	0	
153326	460	38	160	0	
153327	460	38	160	0	
153328	460	38	160	0	
153329	460	38	160	0	
153330	460	38	160	0	
153331	460	38	160	0	
153332	460	38	160	0	
153333	460	38	160	0	
153334	460	38	160	0	
153335	460	38	160	0	
153336	460	38	160	0	
153337	460	38	159	0	
153338	460	38	158	0	
153339	460	38	158	0	
153340	460	38	158	0	
153341	460	38	158	0	
153342	460	38	158	0	
153343	460	38	158	0	
153344	460	38	158	0	
153345	460	38	158	0	
153346	460	38	158	0	
153347	460	38	158	0	
153348	460	38	158	0	
153349	460	38	158	0	
153350	460	38	158	0	
153351	460	38	158	0	
153352	460	38	158	0	
153353	460	38	158	0	
153354	460	38	158	0	
153355	460	38	159	0	
153356	460	38	158	0	
153357	460	38	158	0	
153358	460	38	158	0	
153359	460	38	158	0	
153360	460	38	158	0	
153361	460	38	158	0	
153362	460	38	158	0	
153363	460	38	158	0	
153364	460	38	158	0	
153365	460	38	158	0	
153366	460	38	159	0	
153367	460	38	160	0	
153368	459	37	162	0	
153369	459	37	162	0	
153370	459	37	162	0	
153371	459	37	162	0	
153372	459	37	161	0	
153373	459	37	161	0	
153374	459	37	161	0	
153375	459	37	161	0	
153376	459	37	161	0	
153377	459	37	161	0	
153378	459	37	161	0	
153379	459	37	161	0	
153380	459	37	161	0	
153381	459	37	161	0	
153382	459	37	161	0	
153383	459	37	161	0	
153384	459	37	161	0	
153385	459	37	161	0	
153386	459	37	161	0	
153387	459	37	161	0	
153388	459	37	161	0	
153389	459	37	161	0	
153390	459	37	161	0	
153391	459	37	161	0	
153392	459	37	161	0	
153393	459	37	161	0	
153394	459	37	161	0	
153395	459	37	161	0	
153396	459	37	161	0	
153397	459	37	161	0	
153398	459	37	161	0	
153399	459	37	161	0	
153400	459	37	161	0	
153401	459	37	161	0	
153402	459	37	161	0	
153403	459	37	161	0	
153404	459	37	161	0	
153405	459	37	161	0	
153406	459	37	161	0	
153407	459	37	161	0	
153408	459	37	161	0	
153409	459	37	161	0	
153410	459	37	161	0	
153411	459	37	161	0	
153412	459	37	161	0	
153413	459	37	161	0	
153414	459	37	161	0	
153415	459	37	161	0	
153416	459	37	161	0	
153417	459	37	161	0	
153418	459	37	161	0	
153419	459	37	161	0	
153420	459	37	161	0	
153421	459	37	161	0	
153422	459	37	161	0	
153423	459	37	161	0	
153424	459	37	161	0	
153425	459	37	161	0	
153426	459	37	161	0	
153427	459	37	161	0	
153428	459	37	161	0	
153429	459	37	161	0	
153430	459	37	161	0	
153431	459	37	161	0	
153432	459	37	161	0	
153433	459	37	161	0	
153434	459	37	161	0	
153435	459	37	161	0	
153436	459	37	161	0	
153437	459	37	161	0	
153438	459	37	161	0	
153439	459	37	161	0	
153440	459	37	161	0	
153441	459	37	161	0	
153442	459	37	161	0	
153443	459	37	161	0	
153444	459	37	161	0	
153445	459	37	161	0	
153446	459	37	161	0	
153447	459	37	161	0	
153448	459	37	161	0	
153449	459	37	161	0	
153450	459	37	161	0	
153451	459	37	161	0	
153452	459	37	161	0	
153453	459	37	161	0	
153454	459	37	161	0	
153455	459	37	161	0	
153456	459	37	161	0	
153457	459	37	161	0	
153458	459	37	161	0	
153459	459	37	161	0	
153460	459	37	161	0	
153461	459	37	161	0	
153462	459	37	161	0	
153463	459	37	161	0	
153464	459	37	161	0	
153465	459	37	161	0	
153466	459	37	161	0	
153467	459	37	161	0	
153468	459	37	161	0	
153469	459	37	161	0	
153470	459	37	161	0	
153471	459	37	161	0	
153472	459	37	161	0	
153473	459	37	161	0	
153474	459	37	161	0	
153475	459	37	161	0	
153476	459	37	161	0	
153477	459	37	161	0	
153478	459	37	161	0	
153479	459	37	160	0	
153480	459	37	159	0	
153481	459	37	158	0	
153482	459	37	159	0	
153483	459	37	160	0	
153484	459	37	160	0	
153485	459	37	160	0	
153486	459	37	159	0	
153487	459	37	160	0	
153488	459	37	159	0	
153489	459	37	158	0	
153490	459	37	159	0	
153491	459	37	158	0	
153492	459	37	158	0	
153493	459	37	158	0	
153494	459	37	158	0	
153495	459	37	159	0	
153496	459	37	160	0	
153497	459	37	159	0	
153498	459	35	161	0	
153499	459	34	162	0	
153500	459	33	163	0	
153501	459	34	162	0	
153502	458	33	163	0	
153503	457	32	164	0	
153504	458	33	163	0	
153505	457	32	164	0	
153506	456	32	165	0	
153507	456	32	166	0	
153508	456	32	167	0	
153509	456	32	168	0	
153510	456	31	169	0	
153511	456	31	170	0	
153512	456	31	171	0	
153513	456	31	172	0	
153514	456	30	172	0	
153515	456	30	172	0	
153516	459	30	169	0	
153517	461	30	166	0	
153518	463	30	164	0	
153519	465	32	162	0	
153520	467	34	160	0	
153521	468	36	158	0	
153522	469	37	157	0	
153523	470	38	156	0	
153524	471	39	155	0	
153525	470	38	156	0	
153526	471	38	155	0	
153527	470	38	156	0	
153528	469	38	157	0	
153529	471	38	156	0	
153530	473	38	155	0	
153531	474	38	154	0	
153532	472	38	155	0	
153533	470	38	156	0	
153534	469	38	157	0	
153535	468	38	158	0	
153536	467	38	159	0	
153537	466	38	160	0	
153538	465	38	160	0	
153539	464	38	160	0	
153540	463	38	160	0	
153541	463	38	159	0	
153542	463	38	158	0	
153543	462	37	160	0	
153544	462	37	159	0	
153545	461	36	161	0	
153546	463	36	159	0	
153547	465	36	157	0	
153548	465	36	157	0	
153549	465	36	157	0	
153550	465	36	157	0	
153551	465	36	157	0	
153552	465	36	157	0	
153553	465	36	157	0	
153554	465	36	157	0	
153555	465	36	157	0	
153556	465	36	157	0	
153557	465	36	157	0	
153558	465	36	157	0	
153559	465	36	157	0	
153560	465	36	157	0	
153561	465	36	157	0	
153562	464	36	158	0	
153563	464	36	158	0	
153564	464	36	158	0	
153565	464	36	158	0	
153566	464	36	158	0	
153567	464	36	158	0	
153568	463	36	159	0	
153569	462	36	160	0	
153570	462	36	160	0	
153571	462	37	158	0	
153572	462	38	157	0	
153573	462	38	157	0	
153574	462	38	158	0	
153575	462	38	159	0	
153576	462	38	160	0	
153577	462	38	160	0	
153578	462	38	160	0	
153579	462	38	160	0	
153580	462	38	160	0	
153581	462	38	160	0	
153582	462	38	160	0	
153583	462	38	160	0	
153584	462	38	160	0	
153585	462	38	160	0	
153586	462	38	160	0	
153587	462	38	160	0	
153588	462	38	160	0	
153589	462	38	160	0	
153590	462	38	160	0	
153591	462	38	160	0	
153592	462	38	160	0	
153593	462	38	160	0	
153594	462	38	160	0	
153595	462	38	160	0	
153596	462	38	160	0	
153597	462	38	160	0	
153598	462	38	160	0	
153599	462	38	160	0	
153600	462	38	160	0	
153601	462	38	160	0	
153602	462	38	160	0	
153603	462	38	160	0	
153604	462	38	160	0	
153605	462	38	160	0	
153606	462	38	160	0	
153607	462	38	160	0	
153608	462	38	160	0	
153609	462	38	160	0	
153610	462	38	160	0	
153611	462	38	160	0	
153612	464	39	158	0	
153613	466	40	157	0	
153614	465	39	159	0	
153615	467	40	157	0	
153616	468	41	156	0	
153617	466	40	158	0	
153618	465	39	160	0	
153619	464	38	162	0	
153620	463	37	163	0	
153621	462	36	164	0	
153622	461	35	165	0	
153623	460	34	166	0	
153624	459	33	167	0	
153625	458	32	168	0	
153626	457	32	169	0	
153627	456	32	170	0	
153628	456	32	171	0	
153629	456	32	172	0	
153630	456	32	172	0	
153631	456	32	172	0	
153632	456	32	172	0	
153633	456	32	172	0	
153634	456	32	172	0	
153635	456	32	172	0	
153636	456	32	172	0	
153637	456	32	172	0	
153638	459	33	169	0	
153639	462	34	166	0	
153640	464	35	164	0	
153641	466	36	162	0	
153642	468	36	160	0	
153643	470	36	158	0	
153644	472	36	157	0	
153645	473	36	156	0	
153646	474	36	155	0	
153647	475	36	154	0	
153648	476	36	153	0	
153649	477	36	152	0	
153650	474	35	154	0	
153651	472	34	156	0	
153652	470	33	158	0	
153653	468	32	160	0	
153654	470	33	158	0	
153655	470	29	162	0	
153656	472	30	160	0	
153657	473	31	158	0	
153658	474	32	157	0	
153659	475	33	156	0	
153660	476	34	155	0	
153661	477	35	154	0	
153662	475	35	155	0	
153663	473	35	156	0	
153664	472	34	156	0	
153665	471	33	158	0	
153666	470	32	158	0	
153667	469	31	158	0	
153668	468	30	158	0	
153669	467	29	158	0	
153670	466	28	158	0	
153671	465	28	158	0	
153672	464	27	158	0	
153673	463	27	158	0	
153674	462	26	158	0	
153675	461	26	158	0	
153676	460	26	157	0	
153677	460	26	159	0	
153678	460	26	161	0	
153679	460	26	162	0	
153680	460	27	162	0	
153681	459	27	161	0	
153682	459	28	161	0	
153683	459	29	161	0	
153684	459	30	161	0	
153685	459	30	161	0	
153686	459	30	161	0	
153687	459	30	161	0	
153688	459	32	161	0	
153689	459	33	161	0	
153690	459	33	161	0	
153691	459	33	161	0	
153692	459	33	161	0	
153693	459	33	161	0	
153694	459	33	161	0	
153695	459	33	161	0	
153696	459	33	161	0	
153697	459	33	161	0	
153698	459	33	161	0	
153699	459	33	161	0	
