154000	125	46	164	1	
154001	125	46	164	1	
154002	125	46	164	1	
154003	125	46	164	1	
154004	124	45	165	1	
154005	124	44	166	1	
154006	124	44	166	1	
154007	124	44	166	1	
154008	124	44	166	1	
154009	124	44	166	1	
154010	124	44	166	1	
154011	124	44	166	1	
154012	124	44	166	1	
154013	124	44	166	1	
154014	124	44	166	1	
154015	124	44	166	1	
154016	124	44	166	1	
154017	124	44	166	1	
154018	124	44	166	1	
154019	124	44	166	1	
154020	124	44	166	1	
154021	124	44	166	1	
154022	124	44	166	1	
154023	124	44	166	1	
154024	124	44	166	1	
154025	124	44	166	1	
154026	124	44	166	1	
154027	124	44	166	1	
154028	124	44	166	1	
154029	124	44	166	1	
154030	124	44	166	1	
154031	124	44	166	1	
154032	124	44	166	1	
154033	124	44	166	1	
154034	124	44	166	1	
154035	124	44	166	1	
154036	124	44	166	1	
154037	124	44	166	1	
154038	124	44	166	1	
154039	124	44	166	1	
154040	126	44	164	1	
154041	126	44	164	1	
154042	126	44	164	1	
154043	126	44	164	1	
154044	126	44	164	1	
154045	127	44	162	1	
154046	128	44	160	1	
154047	128	44	160	1	
154048	128	43	159	1	
154049	128	42	158	1	
154050	130	42	159	1	
154051	132	42	160	1	
154052	134	42	160	1	
154053	135	42	160	1	
154054	136	42	160	1	
154055	137	42	160	1	
154056	138	42	160	1	
154057	139	42	160	1	
154058	140	42	160	1	
154059	140	42	160	1	
154060	140	42	160	1	
154061	140	42	160	1	
154062	140	42	160	1	
154063	140	42	160	1	
154064	139	41	159	1	
154065	138	40	158	1	
154066	137	39	158	1	
154067	136	38	158	1	
154068	135	39	159	1	
154069	134	40	160	1	
154070	132	40	162	1	
154071	131	41	162	1	
154072	130	42	162	1	
154073	128	42	162	1	
154074	126	42	162	1	
154075	124	42	162	1	
154076	122	42	162	1	
154077	120	42	162	1	
154078	118	42	162	1	
154079	117	42	162	1	
154080	116	42	162	1	
154081	115	42	162	1	
154082	114	42	162	1	
154083	113	42	162	1	
154084	112	42	162	1	
154085	111	42	162	1	
154086	110	42	162	1	
154087	110	42	162	1	
154088	110	42	162	1	
154089	110	42	162	1	
154090	110	42	162	1	
154091	110	42	162	1	
154092	110	42	162	1	
154093	110	42	162	1	
154094	110	42	162	1	
154095	110	42	162	1	
154096	111	43	161	1	
154097	112	44	160	1	
154098	113	44	162	1	
154099	114	44	163	1	
154100	115	45	162	1	
154101	115	44	163	1	
154102	115	44	164	1	
154103	115	44	165	1	
154104	115	44	166	1	
154105	116	45	166	1	
154106	117	46	166	1	
154107	118	47	166	1	
154108	119	48	166	1	
154109	120	49	166	1	
154110	121	50	166	1	
154111	122	51	166	1	
154112	123	52	166	1	
154113	124	52	166	1	
154114	125	52	166	1	
154115	126	52	166	1	
154116	125	51	167	1	
154117	126	52	167	1	
154118	125	51	168	1	
154119	124	50	169	1	
154120	124	49	170	1	
154121	124	48	171	1	
154122	124	47	172	1	
154123	124	46	172	1	
154124	124	45	172	1	
154125	124	44	172	1	
154126	124	44	172	1	
154127	124	44	172	1	
154128	125	45	170	1	
154129	125	45	169	1	
154130	126	45	166	1	
154131	127	45	164	1	
154132	127	45	164	1	
154133	128	45	162	1	
154134	129	45	160	1	
154135	130	45	158	1	
154136	131	45	157	1	
154137	130	45	158	1	
154138	130	45	159	1	
154139	130	45	160	1	
154140	130	45	160	1	
154141	130	45	160	1	
154142	130	45	160	1	
154143	130	45	160	1	
154144	131	45	158	1	
154145	132	45	157	1	
154146	133	45	156	1	
154147	134	45	155	1	
154148	135	45	154	1	
154149	136	45	155	1	
154150	135	45	156	1	
154151	134	45	157	1	
154152	133	45	158	1	
154153	132	45	159	1	
154154	131	45	160	1	
154155	130	45	160	1	
154156	130	45	160	1	
154157	130	45	160	1	
154158	130	45	160	1	
154159	130	45	160	1	
154160	130	45	160	1	
154161	130	45	160	1	
154162	130	45	160	1	
154163	130	45	160	1	
154164	130	45	160	1	
154165	129	44	162	1	
154166	128	44	163	1	
154167	127	44	164	1	
154168	126	44	165	1	
154169	125	44	166	1	
154170	123	44	166	1	
154171	121	44	166	1	
154172	121	44	167	1	
154173	121	44	165	1	
154174	121	44	166	1	
154175	119	44	166	1	
154176	119	44	164	1	
154177	119	44	162	1	
154178	119	44	160	1	
154179	119	44	158	1	
154180	119	44	157	1	
154181	118	43	158	1	
154182	117	42	159	1	
154183	116	42	160	1	
154184	116	42	160	1	
154185	116	43	159	1	
154186	117	44	157	1	
154187	117	45	157	1	
154188	117	46	157	1	
154189	117	47	157	1	
154190	117	48	157	1	
154191	117	48	157	1	
154192	117	48	157	1	
154193	117	48	157	1	
154194	117	48	157	1	
154195	117	48	157	1	
154196	117	48	157	1	
154197	117	48	157	1	
154198	117	48	157	1	
154199	117	48	157	1	
154200	117	48	157	1	
154201	117	48	157	1	
154202	117	48	157	1	
154203	117	48	157	1	
154204	116	49	158	1	
154205	116	50	159	1	
154206	118	51	157	1	
154207	118	52	159	1	
154208	118	53	161	1	
154209	118	54	162	1	
154210	118	55	163	1	
154211	118	56	164	1	
154212	118	56	165	1	
154213	118	56	166	1	
154214	118	56	167	1	
154215	118	56	168	1	
154216	118	56	169	1	
154217	118	56	170	1	
154218	118	56	171	1	
154219	118	56	172	1	
154220	118	56	172	1	
154221	118	56	172	1	
154222	118	56	172	1	
154223	119	58	171	1	
154224	120	60	170	1	
154225	121	62	169	1	
154226	122	63	168	1	
154227	123	64	168	1	
154228	124	65	168	1	
154229	125	66	168	1	
154230	124	65	169	1	
154231	125	66	168	1	
154232	124	65	169	1	
154233	125	66	167	1	
154234	126	66	166	1	
154235	127	66	165	1	
154236	128	66	164	1	
154237	129	66	163	1	
154238	129	65	163	1	
154239	129	64	163	1	
154240	129	63	163	1	
154241	129	62	163	1	
154242	129	61	163	1	
154243	129	60	163	1	
154244	129	60	163	1	
154245	130	61	162	1	
154246	130	60	162	1	
154247	129	60	163	1	
154248	129	60	163	1	
154249	129	60	163	1	
154250	129	60	163	1	
154251	130	61	162	1	
154252	131	62	161	1	
154253	132	63	160	1	
154254	131	63	162	1	
154255	130	63	163	1	
154256	129	63	164	1	
154257	128	63	165	1	
154258	127	63	166	1	
154259	127	62	166	1	
154260	128	63	165	1	
154261	129	64	164	1	
154262	130	65	163	1	
154263	131	66	162	1	
154264	132	66	161	1	
154265	133	66	160	1	
154266	134	66	159	1	
154267	134	66	158	1	
154268	134	66	158	1	
154269	134	66	158	1	
154270	134	66	158	1	
154271	134	66	158	1	
154272	134	66	158	1	
154273	134	66	158	1	
154274	134	66	158	1	
154275	134	66	158	1	
154276	134	66	158	1	
154277	134	66	158	1	
154278	134	66	158	1	
154279	134	66	158	1	
154280	134	66	158	1	
154281	134	66	158	1	
154282	134	66	158	1	
154283	134	66	158	1	
154284	134	66	158	1	
154285	134	66	158	1	
154286	134	66	158	1	
154287	134	66	158	1	
154288	134	66	158	1	
154289	134	66	158	1	
154290	134	66	158	1	
154291	134	66	158	1	
154292	134	66	158	1	
154293	134	66	158	1	
154294	134	66	158	1	
154295	134	66	158	1	
154296	134	66	158	1	
154297	134	66	158	1	
154298	134	66	158	1	
154299	134	66	158	1	
154300	134	65	159	1	
154301	134	64	160	1	
154302	134	63	160	1	
154303	134	63	159	1	
154304	134	64	158	1	
154305	134	65	158	1	
154306	134	66	158	1	
154307	134	66	158	1	
154308	134	66	158	1	
154309	134	66	158	1	
154310	134	66	158	1	
154311	134	66	158	1	
154312	134	66	158	1	
154313	134	66	158	1	
154314	134	66	158	1	
154315	134	66	158	1	
154316	134	66	158	1	
154317	134	66	158	1	
154318	134	66	158	1	
154319	134	66	158	1	
154320	132	65	160	1	
154321	131	64	162	1	
154322	131	65	161	1	
154323	131	66	160	1	
154324	130	65	162	1	
154325	129	64	163	1	
154326	130	64	162	1	
154327	130	64	161	1	
154328	130	64	160	1	
154329	130	64	159	1	
154330	129	64	161	1	
154331	129	65	160	1	
154332	128	64	162	1	
154333	127	64	163	1	
154334	128	65	162	1	
154335	129	66	161	1	
154336	130	66	160	1	
154337	130	66	159	1	
154338	130	66	158	1	
154339	130	66	158	1	
154340	130	66	158	1	
154341	130	66	158	1	
154342	130	66	158	1	
154343	130	66	158	1	
154344	130	66	158	1	
154345	130	66	158	1	
154346	130	66	158	1	
154347	130	66	158	1	
154348	130	66	158	1	
154349	130	66	158	1	
154350	130	66	158	1	
154351	130	66	158	1	
154352	130	66	158	1	
154353	130	66	158	1	
154354	130	66	158	1	
154355	130	66	158	1	
154356	130	66	158	1	
154357	130	66	158	1	
154358	130	66	158	1	
154359	130	66	158	1	
154360	130	66	158	1	
154361	130	66	158	1	
154362	130	66	158	1	
154363	130	66	158	1	
154364	130	66	158	1	
154365	130	66	158	1	
154366	130	66	158	1	
154367	130	66	158	1	
154368	130	66	158	1	
154369	130	66	158	1	
154370	130	66	158	1	
154371	130	66	158	1	
154372	130	66	158	1	
154373	130	66	158	1	
154374	130	66	158	1	
154375	130	66	158	1	
154376	130	66	158	1	
154377	130	66	158	1	
154378	130	66	158	1	
154379	130	66	158	1	
154380	130	66	158	1	
154381	130	66	158	1	
154382	130	66	158	1	
154383	130	66	158	1	
154384	130	65	159	1	
154385	130	64	160	1	
154386	130	63	160	1	
154387	130	62	160	1	
154388	130	61	160	1	
154389	130	60	160	1	
154390	130	60	160	1	
154391	130	60	160	1	
154392	130	60	160	1	
154393	130	60	160	1	
154394	130	60	160	1	
154395	130	60	160	1	
154396	130	60	160	1	
154397	130	60	160	1	
154398	130	60	160	1	
154399	130	60	160	1	
154400	130	60	160	1	
154401	130	60	160	1	
154402	130	60	160	1	
154403	130	60	160	1	
154404	130	60	160	1	
154405	130	60	160	1	
154406	130	60	160	1	
154407	130	60	160	1	
154408	130	60	160	1	
154409	130	60	160	1	
154410	130	60	160	1	
154411	130	60	160	1	
154412	130	60	160	1	
154413	130	60	160	1	
154414	130	60	160	1	
154415	130	60	160	1	
154416	130	60	160	1	
154417	130	60	160	1	
154418	130	60	160	1	
154419	130	60	160	1	
154420	130	60	160	1	
154421	130	60	160	1	
154422	130	60	160	1	
154423	130	60	160	1	
154424	130	60	160	1	
154425	130	60	160	1	
154426	130	60	160	1	
154427	130	60	160	1	
154428	130	60	160	1	
154429	130	60	160	1	
154430	130	60	160	1	
154431	130	60	160	1	
154432	131	59	159	1	
154433	132	58	158	1	
154434	133	57	158	1	
154435	134	57	158	1	
154436	134	55	159	1	
154437	134	55	158	1	
154438	134	53	159	1	
154439	134	52	160	1	
154440	134	51	160	1	
154441	134	50	160	1	
154442	134	49	160	1	
154443	134	48	160	1	
154444	134	47	160	1	
154445	133	47	160	1	
154446	132	47	160	1	
154447	131	47	160	1	
154448	130	47	160	1	
154449	130	47	160	1	
154450	130	46	159	1	
154451	130	45	158	1	
154452	129	44	158	1	
154453	130	43	158	1	
154454	131	42	158	1	
154455	130	42	159	1	
154456	130	42	160	1	
154457	130	42	160	1	
154458	130	42	160	1	
154459	130	42	160	1	
154460	130	42	160	1	
154461	130	42	160	1	
154462	130	42	160	1	
154463	130	42	160	1	
154464	130	42	160	1	
154465	130	42	160	1	
154466	130	42	160	1	
154467	129	42	159	1	
154468	129	42	160	1	
154469	128	42	159	1	
154470	128	42	160	1	
154471	128	42	160	1	
154472	128	42	160	1	
154473	128	42	160	1	
154474	128	42	160	1	
154475	128	42	160	1	
154476	128	42	160	1	
154477	128	42	160	1	
154478	128	42	160	1	
154479	128	42	160	1	
154480	127	42	159	1	
154481	126	42	158	1	
154482	125	42	158	1	
154483	124	42	158	1	
154484	123	42	158	1	
154485	122	42	158	1	
154486	122	42	158	1	
154487	122	42	159	1	
154488	122	42	158	1	
154489	122	42	159	1	
154490	122	42	158	1	
154491	122	42	159	1	
154492	122	42	160	1	
154493	122	42	160	1	
154494	122	42	160	1	
154495	122	42	160	1	
154496	122	42	159	1	
154497	122	42	158	1	
154498	122	42	158	1	
154499	122	42	158	1	
154500	122	42	158	1	
154501	122	42	158	1	
154502	122	42	158	1	
154503	122	42	158	1	
154504	122	42	158	1	
154505	122	42	158	1	
154506	122	42	159	1	
154507	122	42	158	1	
154508	122	42	159	1	
154509	122	42	160	1	
154510	122	42	160	1	
154511	122	42	160	1	
154512	122	42	160	1	
154513	122	42	160	1	
154514	122	42	160	1	
154515	122	42	160	1	
154516	122	42	160	1	
154517	123	42	160	1	
154518	124	42	160	1	
154519	125	42	160	1	
154520	126	42	160	1	
154521	126	42	160	1	
154522	126	42	160	1	
154523	126	42	160	1	
154524	127	42	159	1	
154525	128	42	158	1	
154526	129	42	158	1	
154527	129	42	159	1	
154528	129	42	160	1	
154529	129	42	160	1	
154530	129	42	160	1	
154531	129	42	160	1	
154532	129	42	160	1	
154533	129	42	160	1	
154534	129	42	160	1	
154535	129	42	160	1	
154536	130	43	158	1	
154537	131	44	157	1	
154538	130	44	158	1	
154539	130	45	158	1	
154540	131	45	157	1	
154541	132	45	156	1	
154542	131	45	157	1	
154543	132	45	156	1	
154544	133	45	155	1	
154545	134	45	154	1	
154546	135	45	153	1	
154547	136	45	152	1	
154548	136	45	151	1	
154549	135	44	152	1	
154550	134	43	153	1	
154551	134	42	154	1	
154552	134	42	155	1	
154553	135	43	154	1	
154554	134	42	155	1	
154555	135	43	154	1	
154556	136	44	153	1	
154557	136	44	155	1	
154558	136	44	157	1	
154559	136	44	159	1	
154560	136	44	161	1	
154561	136	44	162	1	
154562	136	44	163	1	
154563	136	44	164	1	
154564	136	44	165	1	
154565	136	44	166	1	
154566	136	44	167	1	
154567	136	44	168	1	
154568	136	44	169	1	
154569	136	44	170	1	
154570	136	44	171	1	
154571	136	44	172	1	
154572	136	44	172	1	
154573	137	43	171	1	
154574	137	43	172	1	
154575	137	43	172	1	
154576	138	42	171	1	
154577	139	42	170	1	
154578	140	42	169	1	
154579	140	42	170	1	
154580	140	42	171	1	
154581	140	42	172	1	
154582	140	42	172	1	
154583	140	42	172	1	
154584	140	42	172	1	
154585	140	42	172	1	
154586	140	42	172	1	
154587	141	43	170	1	
154588	142	44	168	1	
154589	143	45	167	1	
154590	144	46	166	1	
154591	144	45	167	1	
154592	146	45	165	1	
154593	147	45	163	1	
154594	147	44	163	1	
154595	147	45	162	1	
154596	148	45	160	1	
154597	147	45	158	1	
154598	146	44	160	1	
154599	145	44	158	1	
154600	144	44	157	1	
154601	144	44	156	1	
154602	144	44	155	1	
154603	143	45	155	1	
154604	142	46	155	1	
154605	141	47	155	1	
154606	140	48	155	1	
154607	139	48	155	1	
154608	138	48	155	1	
154609	137	48	155	1	
154610	136	48	155	1	
154611	136	48	155	1	
154612	136	48	155	1	
154613	136	48	155	1	
154614	136	48	155	1	
154615	136	48	155	1	
154616	136	48	155	1	
154617	136	48	155	1	
154618	136	48	155	1	
154619	136	48	155	1	
154620	136	48	155	1	
154621	135	49	156	1	
154622	134	50	157	1	
154623	134	51	158	1	
154624	134	52	159	1	
154625	134	52	160	1	
154626	134	52	160	1	
154627	134	52	160	1	
154628	134	52	160	1	
154629	134	52	160	1	
154630	134	52	160	1	
154631	134	52	160	1	
154632	134	52	160	1	
154633	134	52	160	1	
154634	134	52	160	1	
154635	134	52	160	1	
154636	134	52	160	1	
154637	134	52	160	1	
154638	134	52	160	1	
154639	134	52	160	1	
154640	134	52	160	1	
154641	135	54	158	1	
154642	134	54	159	1	
154643	135	55	157	1	
154644	134	55	158	1	
154645	134	55	159	1	
154646	135	56	157	1	
154647	134	56	158	1	
154648	134	56	159	1	
154649	134	56	160	1	
154650	134	56	160	1	
154651	134	56	160	1	
154652	134	56	160	1	
154653	134	56	160	1	
154654	134	56	160	1	
154655	134	56	160	1	
154656	134	56	160	1	
154657	134	56	160	1	
154658	134	56	160	1	
154659	134	56	160	1	
154660	134	56	160	1	
154661	134	56	160	1	
154662	134	56	160	1	
154663	134	56	160	1	
154664	134	56	160	1	
154665	134	56	160	1	
154666	134	56	160	1	
154667	134	56	160	1	
154668	134	56	160	1	
154669	134	56	160	1	
154670	134	56	160	1	
154671	135	57	158	1	
154672	136	58	157	1	
154673	135	58	158	1	
154674	134	58	159	1	
154675	134	58	160	1	
154676	134	58	160	1	
154677	135	59	158	1	
154678	136	60	157	1	
154679	135	60	158	1	
154680	136	61	157	1	
154681	136	62	156	1	
154682	137	61	157	1	
154683	138	60	158	1	
154684	139	60	159	1	
154685	139	58	161	1	
154686	140	58	161	1	
154687	140	56	162	1	
154688	140	54	163	1	
154689	141	54	163	1	
154690	141	53	164	1	
154691	142	53	163	1	
154692	142	52	164	1	
154693	142	51	165	1	
154694	143	50	165	1	
154695	144	50	164	1	
154696	145	50	163	1	
154697	146	50	162	1	
154698	146	50	161	1	
154699	145	49	162	1	
154700	146	49	161	1	
154701	146	49	160	1	
154702	146	49	159	1	
154703	146	49	158	1	
154704	146	49	158	1	
154705	146	49	158	1	
154706	146	49	158	1	
154707	146	49	158	1	
154708	146	49	158	1	
154709	146	49	158	1	
154710	146	49	158	1	
154711	146	49	158	1	
154712	146	49	158	1	
154713	146	49	158	1	
154714	145	48	160	1	
154715	144	47	162	1	
154716	145	48	161	1	
154717	144	47	162	1	
154718	145	48	161	1	
154719	146	48	160	1	
154720	145	47	162	1	
154721	144	46	163	1	
154722	144	45	164	1	
154723	145	46	163	1	
154724	144	45	164	1	
154725	144	44	165	1	
154726	144	44	166	1	
154727	144	44	167	1	
154728	144	44	168	1	
154729	144	44	169	1	
154730	144	44	170	1	
154731	144	44	171	1	
154732	144	44	172	1	
154733	144	44	172	1	
154734	144	44	172	1	
154735	144	44	172	1	
154736	144	44	172	1	
154737	144	44	172	1	
154738	144	44	172	1	
154739	144	44	172	1	
154740	144	44	172	1	
154741	144	44	172	1	
154742	144	44	172	1	
154743	144	44	172	1	
154744	144	44	172	1	
154745	144	44	172	1	
154746	144	44	172	1	
154747	144	44	172	1	
154748	144	44	172	1	
154749	144	44	172	1	
154750	144	44	172	1	
154751	144	44	172	1	
154752	144	44	172	1	
154753	143	45	170	1	
154754	142	46	168	1	
154755	141	47	167	1	
154756	140	48	166	1	
154757	139	48	165	1	
154758	138	48	164	1	
154759	137	48	163	1	
154760	136	48	162	1	
154761	136	48	161	1	
154762	136	48	160	1	
154763	136	48	159	1	
154764	136	48	158	1	
154765	136	48	158	1	
154766	136	48	158	1	
154767	136	48	158	1	
154768	136	48	158	1	
154769	136	48	158	1	
154770	136	48	158	1	
154771	136	48	158	1	
154772	136	48	158	1	
154773	136	48	158	1	
154774	136	48	158	1	
154775	136	48	158	1	
154776	136	48	158	1	
154777	136	48	158	1	
154778	136	48	157	1	
154779	136	48	156	1	
154780	136	48	155	1	
154781	136	48	154	1	
154782	136	48	153	1	
154783	136	48	152	1	
154784	136	48	151	1	
154785	136	48	150	1	
154786	136	48	149	1	
154787	136	48	148	1	
154788	136	48	148	1	
154789	136	48	148	1	
154790	136	48	148	1	
154791	136	48	148	1	
154792	136	48	148	1	
154793	136	48	148	1	
154794	136	48	148	1	
154795	136	48	148	1	
154796	136	48	148	1	
154797	136	48	148	1	
154798	136	48	148	1	
154799	136	48	148	1	
154800	136	48	148	1	
154801	135	47	150	1	
154802	135	47	150	1	
154803	136	47	149	1	
154804	136	47	148	1	
154805	136	47	148	1	
154806	136	47	148	1	
154807	136	47	148	1	
154808	136	47	148	1	
154809	136	47	148	1	
154810	136	47	148	1	
154811	136	47	148	1	
154812	136	47	148	1	
154813	135	47	150	1	
154814	134	47	151	1	
154815	133	47	152	1	
154816	133	48	152	1	
154817	133	48	152	1	
154818	133	48	152	1	
154819	133	48	152	1	
154820	133	48	152	1	
154821	132	47	154	1	
154822	131	46	156	1	
154823	131	47	156	1	
154824	131	48	156	1	
154825	131	48	156	1	
154826	131	48	156	1	
154827	131	48	156	1	
154828	131	48	156	1	
154829	131	48	156	1	
154830	131	48	156	1	
154831	131	48	156	1	
154832	131	48	156	1	
154833	131	48	156	1	
154834	131	49	157	1	
154835	131	49	157	1	
154836	131	49	157	1	
154837	131	50	158	1	
154838	131	51	159	1	
154839	131	52	160	1	
154840	131	52	160	1	
154841	131	52	160	1	
154842	131	52	160	1	
154843	131	52	160	1	
154844	130	53	162	1	
154845	130	53	162	1	
154846	129	54	163	1	
154847	128	55	164	1	
154848	128	55	164	1	
154849	127	56	165	1	
154850	127	56	165	1	
154851	126	56	166	1	
154852	125	56	167	1	
154853	124	56	168	1	
154854	124	56	169	1	
154855	124	56	170	1	
154856	124	56	171	1	
154857	124	56	172	1	
154858	124	56	172	1	
154859	124	56	172	1	
154860	124	56	172	1	
154861	124	56	172	1	
154862	124	56	172	1	
154863	124	56	172	1	
154864	124	56	172	1	
154865	125	56	171	1	
154866	124	56	172	1	
154867	124	56	172	1	
154868	125	56	171	1	
154869	124	56	172	1	
154870	125	56	171	1	
154871	126	56	170	1	
154872	126	56	169	1	
154873	126	56	168	1	
154874	126	56	168	1	
154875	125	56	169	1	
154876	124	56	170	1	
154877	124	56	171	1	
154878	124	56	172	1	
154879	125	56	171	1	
154880	126	56	170	1	
154881	126	56	169	1	
154882	126	56	168	1	
154883	126	56	168	1	
154884	126	56	168	1	
154885	126	56	168	1	
154886	127	57	167	1	
154887	128	58	166	1	
154888	129	58	165	1	
154889	130	58	164	1	
154890	130	58	163	1	
154891	130	58	162	1	
154892	130	58	161	1	
154893	130	58	160	1	
154894	130	58	160	1	
154895	130	58	159	1	
154896	130	59	158	1	
154897	130	60	158	1	
154898	130	61	158	1	
154899	130	62	158	1	
154900	130	63	158	1	
154901	130	64	158	1	
154902	130	65	158	1	
154903	130	65	158	1	
154904	130	65	158	1	
154905	130	66	158	1	
154906	130	67	158	1	
154907	129	66	160	1	
154908	129	65	160	1	
154909	128	64	162	1	
154910	127	64	163	1	
154911	126	64	164	1	
154912	126	63	163	1	
154913	126	62	162	1	
154914	126	61	161	1	
154915	126	60	160	1	
154916	126	60	160	1	
154917	126	60	160	1	
154918	126	60	160	1	
154919	126	60	160	1	
154920	126	60	160	1	
154921	126	60	160	1	
154922	126	60	160	1	
154923	126	60	160	1	
154924	126	60	160	1	
154925	126	60	160	1	
154926	126	60	160	1	
154927	126	60	160	1	
154928	126	60	160	1	
154929	126	60	160	1	
154930	126	60	160	1	
154931	126	60	160	1	
154932	126	60	160	1	
154933	126	60	160	1	
154934	126	60	160	1	
154935	126	60	160	1	
154936	126	60	160	1	
154937	126	60	160	1	
154938	126	60	160	1	
154939	126	60	160	1	
154940	126	60	160	1	
154941	126	60	160	1	
154942	126	59	159	1	
154943	126	58	158	1	
154944	126	57	158	1	
154945	126	57	158	1	
154946	126	57	158	1	
154947	126	57	158	1	
154948	126	57	158	1	
154949	126	57	158	1	
154950	126	57	158	1	
154951	126	57	158	1	
154952	126	57	158	1	
154953	126	57	158	1	
154954	126	57	158	1	
154955	126	57	158	1	
154956	126	57	159	1	
154957	126	57	160	1	
154958	126	57	160	1	
154959	126	59	159	1	
154960	126	60	158	1	
154961	126	61	158	1	
154962	126	62	158	1	
154963	126	63	158	1	
154964	126	64	158	1	
154965	126	65	158	1	
154966	126	66	158	1	
154967	126	67	158	1	
154968	126	68	158	1	
154969	126	68	158	1	
154970	126	68	158	1	
154971	126	68	158	1	
154972	126	68	158	1	
154973	126	68	158	1	
154974	126	68	158	1	
154975	126	68	158	1	
154976	125	67	160	1	
154977	124	66	162	1	
154978	125	65	161	1	
154979	126	64	160	1	
154980	126	63	159	1	
154981	126	62	158	1	
154982	126	61	158	1	
154983	126	60	158	1	
154984	126	59	158	1	
154985	125	57	160	1	
154986	124	55	162	1	
154987	124	54	163	1	
154988	124	53	164	1	
154989	126	52	162	1	
154990	127	52	160	1	
154991	128	52	158	1	
154992	129	51	160	1	
154993	130	50	162	1	
154994	131	49	163	1	
154995	133	50	163	1	
154996	134	51	163	1	
154997	135	52	163	1	
154998	136	52	163	1	
154999	137	52	162	1	
155000	138	52	162	1	
155001	139	52	161	1	
155002	140	52	160	1	
155003	141	52	159	1	
155004	142	52	158	1	
155005	143	52	158	1	
155006	144	52	158	1	
155007	145	52	158	1	
155008	146	52	158	1	
155009	146	52	158	1	
155010	146	52	158	1	
155011	146	52	158	1	
155012	146	52	158	1	
155013	146	52	158	1	
155014	146	52	158	1	
155015	146	52	158	1	
155016	146	52	158	1	
155017	146	52	158	1	
155018	146	52	158	1	
155019	146	52	158	1	
155020	146	52	158	1	
155021	146	52	158	1	
155022	145	51	160	1	
155023	144	50	162	1	
155024	144	49	163	1	
155025	144	48	164	1	
155026	146	48	162	1	
155027	147	48	160	1	
155028	146	47	162	1	
155029	144	48	161	1	
155030	144	47	162	1	
155031	143	48	161	1	
155032	143	48	159	1	
155033	142	48	158	1	
155034	141	48	158	1	
155035	140	48	158	1	
155036	139	48	158	1	
155037	138	48	158	1	
155038	137	48	158	1	
155039	136	48	158	1	
155040	136	48	158	1	
155041	136	48	158	1	
155042	136	48	158	1	
155043	136	48	158	1	
155044	136	48	158	1	
155045	136	48	158	1	
155046	136	48	158	1	
155047	136	48	158	1	
155048	136	48	158	1	
155049	136	48	158	1	
155050	136	48	158	1	
155051	136	48	158	1	
155052	136	48	158	1	
155053	136	48	158	1	
155054	136	48	158	1	
155055	135	49	159	1	
155056	134	50	160	1	
155057	134	51	160	1	
155058	134	52	160	1	
155059	134	52	160	1	
155060	134	52	160	1	
155061	134	52	160	1	
155062	134	52	160	1	
155063	134	52	160	1	
155064	134	52	160	1	
155065	134	52	159	1	
155066	134	52	160	1	
155067	134	52	160	1	
155068	134	52	159	1	
155069	134	52	158	1	
155070	134	52	158	1	
155071	134	52	158	1	
155072	134	52	158	1	
155073	134	52	158	1	
155074	134	52	158	1	
155075	134	52	158	1	
155076	134	52	158	1	
155077	134	52	158	1	
155078	134	52	158	1	
155079	135	52	159	1	
155080	136	52	160	1	
155081	137	52	160	1	
155082	138	52	160	1	
155083	139	52	160	1	
155084	140	52	160	1	
155085	141	52	160	1	
155086	142	52	160	1	
155087	143	52	160	1	
155088	144	52	160	1	
155089	144	52	160	1	
155090	144	52	160	1	
155091	144	52	160	1	
155092	144	52	160	1	
155093	144	52	160	1	
155094	145	52	159	1	
155095	146	52	158	1	
155096	146	52	159	1	
155097	146	52	160	1	
155098	146	52	160	1	
155099	146	52	160	1	
155100	146	52	160	1	
155101	146	52	160	1	
155102	146	52	160	1	
155103	146	52	160	1	
155104	146	52	160	1	
155105	146	52	160	1	
155106	146	52	159	1	
155107	145	51	161	1	
155108	145	52	161	1	
155109	145	52	161	1	
155110	146	52	160	1	
155111	146	52	159	1	
155112	146	52	160	1	
155113	146	52	159	1	
155114	146	52	158	1	
155115	146	52	158	1	
155116	146	52	158	1	
155117	146	52	158	1	
155118	146	52	158	1	
155119	146	52	158	1	
155120	146	52	158	1	
155121	146	52	158	1	
155122	146	52	158	1	
155123	146	52	158	1	
155124	146	52	158	1	
155125	146	52	158	1	
155126	146	52	158	1	
155127	146	52	158	1	
155128	146	52	158	1	
155129	146	52	158	1	
155130	146	52	158	1	
155131	146	52	158	1	
155132	146	52	158	1	
155133	146	52	158	1	
155134	146	52	158	1	
155135	146	52	158	1	
155136	146	52	158	1	
155137	146	52	158	1	
155138	146	52	158	1	
155139	146	52	158	1	
155140	146	52	158	1	
155141	146	52	158	1	
155142	146	52	158	1	
155143	146	51	159	1	
155144	146	50	160	1	
155145	146	50	160	1	
155146	146	50	160	1	
155147	146	50	160	1	
155148	146	50	160	1	
155149	146	50	159	1	
155150	146	50	158	1	
155151	146	50	158	1	
155152	148	50	158	1	
155153	150	50	158	1	
155154	152	50	158	1	
155155	154	50	158	1	
155156	156	50	158	1	
155157	157	50	158	1	
155158	158	50	158	1	
155159	157	50	158	1	
155160	158	50	158	1	
155161	159	50	158	1	
155162	160	50	158	1	
155163	161	50	158	1	
155164	162	50	158	1	
155165	163	50	158	1	
155166	164	50	158	1	
155167	165	50	158	1	
155168	166	50	158	1	
155169	166	50	158	1	
155170	166	50	158	1	
155171	167	51	157	1	
155172	168	52	156	1	
155173	169	53	155	1	
155174	170	54	154	1	
155175	171	54	153	1	
155176	172	54	152	1	
155177	173	54	151	1	
155178	174	54	150	1	
155179	174	54	149	1	
155180	172	54	148	1	
155181	170	54	149	1	
155182	168	54	149	1	
155183	166	54	149	1	
155184	165	54	148	1	
155185	164	54	149	1	
155186	163	54	149	1	
155187	162	54	149	1	
155188	161	54	149	1	
155189	160	54	149	1	
155190	159	54	149	1	
155191	158	54	149	1	
155192	157	54	149	1	
155193	156	54	149	1	
155194	155	54	149	1	
155195	154	54	149	1	
155196	154	54	149	1	
155197	153	53	150	1	
155198	152	52	151	1	
155199	151	51	154	1	
155200	150	50	156	1	
155201	149	49	158	1	
155202	148	48	160	1	
155203	147	47	162	1	
155204	145	47	162	1	
155205	144	46	163	1	
155206	144	45	164	1	
155207	142	45	164	1	
155208	140	45	164	1	
155209	138	45	164	1	
155210	137	45	164	1	
155211	137	45	162	1	
155212	136	44	162	1	
155213	135	43	162	1	
155214	134	42	162	1	
155215	133	42	162	1	
155216	132	42	162	1	
155217	131	42	162	1	
155218	131	42	162	1	
155219	130	42	162	1	
155220	130	42	162	1	
155221	130	42	162	1	
155222	130	42	162	1	
155223	130	42	162	1	
155224	130	42	162	1	
155225	129	42	163	1	
155226	128	42	164	1	
155227	127	42	163	1	
155228	126	42	162	1	
155229	124	42	162	1	
155230	122	42	162	1	
155231	120	42	162	1	
155232	118	42	162	1	
155233	117	42	162	1	
155234	116	42	162	1	
155235	116	42	162	1	
155236	113	40	165	1	
155237	110	38	167	1	
155238	110	37	166	1	
155239	109	38	165	1	
155240	108	38	164	1	
155241	107	38	163	1	
155242	106	38	162	1	
155243	105	38	161	1	
155244	104	38	160	1	
155245	102	39	160	1	
155246	100	40	160	1	
155247	99	41	160	1	
155248	98	42	160	1	
155249	97	42	160	1	
155250	96	42	160	1	
155251	95	42	160	1	
155252	97	43	159	1	
155253	98	44	158	1	
155254	99	45	158	1	
155255	99	44	160	1	
155256	99	44	162	1	
155257	99	44	163	1	
155258	99	44	164	1	
155259	100	43	164	1	
155260	101	42	164	1	
155261	102	42	164	1	
155262	103	42	164	1	
155263	104	42	164	1	
155264	105	42	164	1	
155265	105	42	164	1	
155266	105	42	164	1	
155267	105	42	164	1	
155268	106	42	164	1	
155269	106	42	164	1	
155270	107	42	163	1	
155271	108	42	162	1	
155272	108	42	162	1	
155273	109	43	160	1	
155274	111	42	160	1	
155275	112	42	160	1	
155276	114	42	160	1	
155277	116	42	160	1	
155278	117	42	160	1	
155279	118	42	160	1	
155280	119	42	160	1	
155281	120	42	160	1	
155282	121	42	160	1	
155283	122	42	160	1	
155284	122	42	160	1	
155285	122	42	160	1	
155286	123	43	159	1	
155287	125	44	157	1	
155288	125	44	158	1	
155289	126	45	158	1	
155290	127	46	158	1	
155291	128	47	158	1	
155292	129	47	157	1	
155293	130	48	157	1	
155294	131	48	156	1	
155295	132	48	155	1	
155296	133	48	154	1	
155297	134	48	154	1	
155298	134	48	154	1	
155299	134	48	154	1	
155300	134	48	154	1	
155301	134	48	154	1	
155302	135	48	153	1	
155303	135	48	153	1	
155304	134	47	154	1	
155305	134	46	155	1	
155306	134	45	156	1	
155307	134	44	157	1	
155308	134	43	158	1	
155309	135	44	157	1	
155310	135	45	157	1	
155311	135	46	157	1	
155312	135	47	157	1	
155313	135	48	157	1	
155314	135	48	157	1	
155315	135	48	157	1	
155316	135	48	157	1	
155317	136	48	156	1	
155318	137	48	155	1	
155319	137	48	155	1	
155320	137	48	155	1	
155321	137	48	155	1	
155322	138	48	154	1	
155323	138	47	154	1	
155324	137	47	155	1	
155325	136	46	156	1	
155326	135	46	157	1	
155327	134	46	158	1	
155328	133	46	159	1	
155329	132	46	160	1	
155330	131	46	160	1	
155331	130	46	160	1	
155332	130	46	160	1	
155333	130	46	160	1	
155334	130	46	160	1	
155335	130	46	160	1	
155336	130	46	160	1	
155337	130	46	160	1	
155338	130	46	160	1	
155339	130	46	160	1	
155340	130	46	160	1	
155341	130	46	160	1	
155342	130	46	160	1	
155343	130	46	160	1	
155344	130	46	160	1	
155345	130	46	160	1	
155346	130	46	160	1	
155347	130	46	160	1	
155348	130	46	160	1	
155349	130	46	160	1	
155350	130	46	160	1	
155351	130	46	160	1	
155352	130	46	160	1	
155353	130	46	160	1	
155354	130	46	160	1	
155355	130	46	160	1	
155356	130	46	160	1	
155357	130	46	160	1	
155358	130	46	160	1	
155359	130	46	160	1	
155360	130	45	159	1	
155361	130	44	158	1	
155362	130	44	159	1	
155363	130	44	160	1	
155364	130	44	160	1	
155365	130	44	160	1	
155366	130	44	160	1	
155367	130	44	160	1	
155368	130	44	160	1	
155369	130	44	160	1	
155370	130	44	160	1	
155371	130	44	160	1	
155372	130	44	160	1	
155373	130	44	160	1	
155374	130	45	159	1	
155375	129	44	161	1	
155376	129	44	161	1	
155377	129	44	161	1	
155378	129	44	161	1	
155379	128	44	162	1	
155380	127	44	163	1	
155381	126	44	164	1	
155382	126	44	162	1	
155383	124	44	162	1	
155384	122	44	162	1	
155385	120	44	162	1	
155386	118	44	162	1	
155387	117	44	162	1	
155388	116	44	162	1	
155389	115	44	162	1	
155390	113	44	163	1	
155391	111	45	164	1	
155392	109	46	165	1	
155393	107	46	166	1	
155394	107	45	166	1	
155395	107	44	166	1	
155396	107	43	166	1	
155397	107	42	166	1	
155398	107	42	166	1	
155399	107	42	166	1	
155400	107	42	166	1	
155401	107	42	166	1	
155402	107	42	166	1	
155403	108	43	164	1	
155404	108	42	164	1	
155405	108	42	164	1	
155406	108	42	164	1	
155407	108	42	164	1	
155408	109	43	162	1	
155409	110	43	163	1	
155410	111	43	164	1	
155411	112	43	165	1	
155412	114	44	164	1	
155413	117	44	162	1	
155414	119	44	160	1	
155415	120	45	159	1	
155416	122	45	157	1	
155417	123	44	157	1	
155418	123	44	158	1	
155419	123	44	159	1	
155420	123	44	160	1	
155421	123	44	160	1	
155422	123	44	160	1	
155423	123	44	160	1	
155424	123	44	160	1	
155425	123	44	160	1	
155426	123	44	160	1	
155427	123	44	160	1	
155428	123	44	160	1	
155429	123	44	160	1	
155430	123	44	160	1	
155431	123	44	160	1	
155432	123	44	160	1	
155433	123	44	160	1	
155434	123	44	160	1	
155435	124	43	160	1	
155436	125	42	160	1	
155437	126	42	160	1	
155438	126	42	160	1	
155439	126	42	160	1	
155440	126	42	160	1	
155441	126	42	160	1	
155442	126	42	160	1	
155443	126	42	160	1	
155444	126	42	160	1	
155445	126	42	160	1	
155446	125	42	159	1	
155447	124	42	158	1	
155448	123	42	158	1	
155449	122	42	158	1	
155450	122	42	158	1	
155451	122	42	158	1	
155452	122	42	158	1	
155453	122	42	158	1	
155454	122	42	158	1	
155455	122	42	158	1	
155456	121	42	159	1	
155457	120	42	160	1	
155458	120	42	159	1	
155459	120	42	158	1	
155460	119	42	159	1	
155461	118	42	160	1	
155462	117	42	160	1	
155463	116	42	160	1	
155464	116	42	160	1	
155465	116	42	160	1	
155466	116	42	160	1	
155467	116	42	160	1	
155468	116	42	160	1	
155469	116	42	160	1	
155470	116	42	160	1	
155471	116	42	160	1	
155472	117	43	158	1	
155473	118	44	157	1	
155474	118	44	156	1	
155475	118	44	155	1	
155476	119	45	156	1	
155477	120	46	157	1	
155478	121	47	158	1	
155479	122	48	159	1	
155480	123	49	160	1	
155481	124	50	160	1	
155482	125	51	160	1	
155483	126	52	160	1	
155484	126	52	160	1	
155485	126	52	160	1	
155486	127	54	159	1	
155487	127	54	160	1	
155488	127	54	160	1	
155489	127	54	160	1	
155490	127	54	160	1	
155491	127	54	160	1	
155492	127	54	160	1	
155493	127	54	160	1	
155494	127	54	160	1	
155495	127	54	160	1	
155496	128	55	159	1	
155497	129	56	158	1	
155498	130	57	158	1	
155499	130	58	158	1	
155500	130	58	159	1	
155501	130	58	160	1	
155502	130	58	160	1	
155503	130	58	160	1	
155504	130	58	160	1	
155505	130	58	159	1	
155506	131	59	157	1	
155507	132	60	156	1	
155508	133	61	155	1	
155509	133	61	155	1	
155510	133	61	155	1	
155511	133	61	155	1	
155512	133	61	155	1	
155513	134	62	154	1	
155514	134	61	155	1	
155515	134	60	156	1	
155516	134	60	157	1	
155517	134	60	158	1	
155518	134	60	159	1	
155519	134	60	160	1	
155520	134	60	160	1	
155521	134	60	160	1	
155522	134	60	160	1	
155523	134	60	160	1	
155524	134	60	160	1	
155525	134	60	160	1	
155526	134	60	160	1	
155527	134	60	160	1	
155528	134	60	160	1	
155529	134	60	160	1	
155530	134	60	160	1	
155531	134	60	160	1	
155532	134	60	160	1	
155533	134	60	160	1	
155534	134	60	160	1	
155535	134	60	160	1	
155536	134	60	160	1	
155537	134	60	160	1	
155538	134	60	160	1	
155539	134	59	159	1	
155540	134	58	158	1	
155541	134	57	158	1	
155542	134	57	158	1	
155543	134	57	158	1	
155544	132	55	160	1	
155545	132	53	160	1	
155546	131	52	162	1	
155547	130	51	163	1	
155548	130	50	163	1	
155549	130	49	163	1	
155550	130	48	163	1	
155551	130	47	163	1	
155552	130	46	163	1	
155553	130	45	163	1	
155554	130	44	163	1	
155555	130	43	163	1	
155556	130	42	163	1	
155557	130	42	163	1	
155558	130	42	163	1	
155559	130	42	163	1	
155560	130	42	163	1	
155561	130	42	163	1	
155562	130	42	162	1	
155563	130	42	162	1	
155564	130	42	162	1	
155565	130	42	161	1	
155566	130	42	160	1	
155567	130	42	159	1	
155568	130	42	158	1	
155569	130	42	158	1	
155570	130	42	158	1	
155571	130	42	159	1	
155572	130	42	158	1	
155573	130	42	158	1	
155574	130	42	159	1	
155575	130	42	160	1	
155576	130	42	160	1	
155577	130	42	160	1	
155578	130	42	160	1	
155579	130	42	159	1	
155580	130	42	158	1	
155581	131	41	158	1	
155582	132	40	158	1	
155583	133	40	158	1	
155584	134	40	158	1	
155585	134	40	158	1	
155586	134	40	158	1	
155587	134	40	158	1	
155588	134	40	158	1	
155589	134	40	158	1	
155590	134	40	158	1	
155591	134	40	158	1	
155592	134	40	158	1	
155593	134	40	158	1	
155594	134	40	158	1	
155595	134	40	158	1	
155596	134	40	158	1	
155597	134	40	158	1	
155598	134	40	158	1	
155599	134	40	158	1	
155600	134	40	158	1	
155601	134	40	158	1	
155602	134	40	158	1	
155603	134	40	158	1	
155604	136	40	159	1	
155605	136	40	161	1	
155606	138	40	161	1	
155607	138	41	159	1	
155608	138	42	157	1	
155609	138	43	156	1	
155610	138	44	155	1	
155611	137	43	156	1	
155612	137	44	155	1	
155613	137	44	154	1	
155614	136	43	155	1	
155615	135	42	156	1	
155616	134	42	157	1	
155617	134	42	158	1	
155618	135	43	157	1	
155619	134	42	158	1	
155620	135	43	157	1	
155621	134	42	158	1	
155622	134	42	159	1	
155623	135	43	157	1	
155624	134	42	158	1	
155625	134	42	159	1	
155626	135	43	157	1	
155627	135	43	157	1	
155628	136	44	156	1	
155629	136	44	156	1	
155630	136	44	156	1	
155631	136	44	156	1	
155632	136	44	156	1	
155633	136	44	156	1	
155634	136	44	156	1	
155635	136	44	156	1	
155636	136	44	156	1	
155637	136	44	156	1	
155638	136	44	156	1	
155639	136	44	156	1	
155640	136	44	156	1	
155641	136	44	156	1	
155642	136	44	156	1	
155643	135	43	157	1	
155644	134	42	158	1	
155645	134	42	158	1	
155646	134	42	159	1	
155647	134	42	160	1	
155648	134	42	160	1	
155649	134	42	159	1	
155650	134	42	160	1	
155651	134	42	159	1	
155652	134	41	158	1	
155653	134	40	158	1	
155654	134	40	159	1	
155655	134	40	160	1	
155656	134	40	160	1	
155657	134	40	160	1	
155658	134	40	160	1	
155659	134	40	160	1	
155660	134	40	160	1	
155661	134	40	160	1	
155662	134	40	160	1	
155663	134	40	160	1	
155664	135	41	158	1	
155665	136	42	157	1	
155666	136	42	158	1	
155667	136	42	159	1	
155668	136	42	160	1	
155669	136	42	160	1	
155670	136	42	160	1	
155671	136	42	160	1	
155672	136	42	160	1	
155673	136	42	160	1	
155674	136	42	160	1	
155675	136	42	160	1	
155676	136	42	160	1	
155677	136	42	160	1	
155678	136	42	160	1	
155679	136	43	158	1	
155680	136	43	159	1	
155681	136	43	160	1	
155682	136	44	158	1	
155683	136	44	159	1	
155684	136	44	160	1	
155685	136	44	160	1	
155686	136	44	159	1	
155687	136	44	160	1	
155688	136	44	159	1	
155689	136	44	158	1	
155690	137	44	158	1	
155691	137	44	158	1	
155692	137	44	158	1	
155693	137	44	158	1	
155694	137	44	158	1	
155695	137	44	159	1	
155696	137	44	160	1	
155697	137	41	163	1	
155698	137	38	166	1	
155699	137	38	166	1	
155700	137	38	165	1	
155701	137	38	164	1	
155702	137	38	163	1	
155703	137	38	162	1	
155704	137	38	161	1	
155705	137	38	160	1	
155706	137	38	159	1	
155707	137	38	158	1	
155708	137	38	159	1	
155709	137	38	158	1	
155710	137	38	159	1	
155711	137	38	160	1	
155712	137	38	160	1	
155713	137	38	159	1	
155714	135	36	161	1	
155715	133	37	160	1	
155716	131	38	159	1	
155717	130	38	158	1	
155718	129	38	158	1	
155719	128	38	158	1	
155720	127	38	158	1	
155721	126	38	158	1	
155722	126	38	158	1	
155723	125	38	158	1	
155724	124	38	158	1	
155725	123	38	158	1	
155726	122	38	158	1	
155727	121	38	159	1	
155728	120	38	160	1	
155729	119	38	160	1	
155730	118	38	160	1	
155731	117	38	160	1	
155732	116	38	160	1	
155733	116	38	160	1	
155734	116	38	160	1	
155735	116	38	160	1	
155736	116	38	160	1	
155737	116	38	160	1	
155738	116	38	160	1	
155739	116	38	160	1	
155740	116	38	160	1	
155741	116	38	160	1	
155742	114	39	162	1	
155743	112	40	163	1	
155744	110	41	164	1	
155745	108	42	165	1	
155746	106	43	166	1	
155747	105	44	167	1	
155748	104	45	168	1	
155749	103	46	169	1	
155750	102	46	170	1	
155751	101	46	171	1	
155752	100	46	172	1	
155753	99	46	172	1	
155754	98	46	172	1	
155755	97	46	172	1	
155756	96	46	172	1	
155757	96	46	172	1	
155758	96	46	172	1	
155759	96	46	172	1	
155760	96	46	172	1	
155761	96	46	172	1	
155762	96	46	172	1	
155763	96	46	172	1	
155764	96	46	172	1	
155765	96	46	172	1	
155766	96	46	172	1	
155767	96	46	172	1	
155768	96	46	172	1	
155769	96	46	172	1	
155770	96	46	172	1	
155771	97	47	170	1	
155772	96	47	171	1	
155773	96	47	172	1	
155774	96	47	172	1	
155775	96	47	172	1	
155776	97	48	170	1	
155777	98	48	168	1	
155778	99	48	167	1	
155779	100	48	166	1	
155780	100	48	165	1	
155781	100	48	164	1	
155782	100	48	163	1	
155783	100	48	162	1	
155784	100	48	161	1	
155785	100	48	160	1	
155786	100	48	159	1	
155787	101	48	158	1	
155788	102	48	158	1	
155789	103	48	158	1	
155790	104	48	158	1	
155791	105	48	158	1	
155792	106	48	158	1	
155793	105	47	160	1	
155794	106	48	159	1	
155795	105	47	161	1	
155796	104	46	162	1	
155797	104	45	163	1	
155798	105	46	162	1	
155799	106	47	161	1	
155800	105	46	162	1	
155801	106	47	161	1	
155802	106	48	160	1	
155803	106	48	159	1	
155804	106	48	158	1	
155805	106	48	158	1	
155806	106	48	158	1	
155807	106	48	158	1	
155808	105	47	160	1	
155809	104	46	162	1	
155810	104	45	163	1	
155811	105	46	162	1	
155812	105	47	161	0	
155813	106	48	160	0	
155814	106	48	159	0	
155815	106	48	158	0	
155816	105	47	160	0	
155817	104	46	162	0	
155818	104	45	163	0	
155819	104	44	164	0	
155820	104	44	165	0	
155821	104	44	166	0	
155822	104	44	167	0	
155823	104	44	168	0	
155824	104	44	169	0	
155825	104	44	170	0	
155826	104	44	171	0	
155827	104	44	172	0	
155828	104	44	172	0	
155829	104	44	172	0	
155830	104	44	172	0	
155831	104	44	172	0	
155832	104	44	172	0	
155833	104	44	172	0	
155834	104	44	172	0	
155835	104	44	172	0	
155836	104	44	172	0	
155837	104	44	172	0	
155838	104	44	172	0	
155839	104	44	172	0	
155840	104	44	172	0	
155841	104	44	172	0	
155842	104	44	172	0	
155843	105	45	171	0	
155844	106	46	170	0	
155845	106	47	169	0	
155846	106	48	168	0	
155847	105	48	169	0	
155848	104	48	170	0	
155849	103	48	171	0	
155850	102	48	172	0	
155851	101	48	172	0	
155852	103	49	171	0	
155853	105	49	169	0	
155854	106	50	168	0	
155855	106	49	170	0	
155856	106	48	172	0	
155857	106	48	174	0	
155858	107	47	174	0	
155859	109	48	172	0	
155860	111	48	170	0	
155861	113	48	168	0	
155862	115	48	167	0	
155863	117	48	166	0	
155864	118	48	165	0	
155865	119	48	164	0	
155866	121	48	165	0	
155867	123	48	166	0	
155868	125	48	167	0	
155869	127	48	168	0	
155870	129	48	169	0	
155871	130	48	170	0	
155872	131	48	171	0	
155873	133	48	169	0	
155874	135	48	167	0	
155875	136	48	166	0	
155876	139	48	167	0	
155877	138	49	171	0	
155878	137	50	174	0	
155879	140	50	174	0	
